0.031078396647677375
0.09300499570266742
0.07459422164228828
0.10565594192708959
0.10792948723095405
0.14235598149553597
0.07658284323969278
0.01697485678339468
0.06042875351305041
0.04411004445142289
0.07528821931628446
0.09881987478480499
0.05685205140324305
0.09800876835881418
0.055063992911466755
0.06767665803480181
0.09653920392280638
0.09250913512357675
0.10236717003854673
0.07141304798677721
0.11101245933140687
0.10553368257428207
0.12679749336605484
0.09130603865193504
0.058691279449387346
0.08187442054371318
0.0348583345752058
0.05686705055000633
0.06552211148819714
0.04219779340058366
0.056994868743232806
0.06287897406129589
0.06478411619193691
0.13788502720399434
0.07845448340988018
0.11181012708703955
0.06941799388339881
0.04654125085388594
0.034944770368972
0.09422489450126126
0.0840803978030676
0.06702068848810289
0.08282383229931184
0.07626604239170216
0.031528602423063073
0.05984912661141
0.10724014665662973
0.05805169603430368
0.08577126249448554
0.11579705704897683
0.11603281684755648
0.1051396874990894
0.06072042989368111
0.09824711252832052
0.039547468623155696
0.06504574843735374
0.03846904813673227
0.043071216409778276
0.0822217187426218
0.12331469998868262
0.06584041799134209
0.05715875961270237
0.05669027047279698
0.06888075589132721
0.06915797871925895
0.10376949918687674
0.06169903882924997
0.014249384124377599
0.10435624826841859
0.0780854612531307
0.09617920615539229
0.04549741329106033
0.12448898479980337
0.06036331558033063
0.08030430266871993
0.07117775927466438
0.03717234841467596
0.0677995451657631
0.0639279625288556
0.08618552933911872
0.03320559034478858
0.10307076164347767
0.06949556803793852
0.09812973048141341
0.043396936689628254
0.10573099744769726
0.05323212043971695
0.048517040988870594
0.055532666323290965
0.07424544443146852
0.05656344124710752
0.06272220170414289
0.05681143788213868
0.059331030114964496
0.06821617050423745
0.05796172414833315
0.10262979204486089
0.049941801227847575
0.0628296513721142
0.06393776333564713
0.051016925390012825
0.04436923252594999
0.0466630728387235
0.10526607762169861
0.04788077080546426
0.024286908664210464
0.07259798289261211
0.07527591105846618
0.07307913656034466
0.12101658477261122
0.06220838494969065
0.08147263768168768
0.056540471991357345
0.06208361205434854
0.048368053895496144
0.07716294903234594
0.10267948125781792
0.07390415374867997
0.07906892463733224
0.03583271300192414
0.05530039504636257
0.044039803757137425
0.09005299447649093
0.08636927164818807
0.06277154245987938
0.061592029627684564
0.05669162153269098
0.03986326917676237
0.048130882560319624
0.10529624493572429
0.04439403130857333
0.062427305434046156
0.06781171073064957
0.07286872435617416
0.10691861514623241
0.14086068282408656
0.05817468744605318
0.036911133811035717
0.06620876168587865
0.04788210216204966
0.09233531618698818
0.08698986389721151
0.07751264159531022
0.040167346841779784
0.05730496624167833
0.1106620913432118
0.06624207873370863
0.07078909231564305
0.05475201741663647
0.05871821016915918
0.04650830042286998
0.029907505800487805
0.07886374522326403
0.1544221297562428
0.11853516399285595
0.08367924493887867
0.07356332060080568
0.05966624058104871
0.07494606528837706
0.056444816246853054
0.028317080699252473
0.03112558079996714
0.07280335803065426
0.06404631390249055
0.046881733313927705
0.0834900223249249
0.046861969066209715
0.08201722761864433
0.11023099511854063
0.033087836980403566
0.11504752282558568
0.13701625460529904
0.06691966274166394
0.09988858288503415
0.06923233111516731
0.07411459445438019
0.03430969794070048
0.07832546483935293
0.09827193784807545
0.0555790797248559
0.08318473399480407
0.0726940306358847
0.10200815055232149
0.05353238522399785
0.07326831928081935
0.040620943576958085
0.09488606466876758
0.053620763253605166
0.058677268383830784
0.057936441225722994
0.0776384134748743
0.054303007156296365
0.0601085045163229
0.032816533906038475
0.08531590386913535
0.0662903007863317
0.08740965661479268
0.04953489381652482
0.07955879916542825
0.12106997163928258
0.08525699041719036
0.13061656170688588
0.08310024675780812
0.04487475394313904
0.09244199161721445
0.12556939669711023
0.04148534898910012
0.05362810939093476
0.024289899559438572
0.04942400989913892
0.12271140342680527
0.10754867933313045
0.06309757793419461
0.06821555173528618
0.08490176665347347
0.08748263626021034
0.09215349261816703
0.038224131995588384
0.06789519308435225
0.06766091007509382
0.09532894025877475
0.12423467228783085
0.06147460565388623
0.06983838037934631
0.07101498228269879
0.052209418814904054
0.04215886405638898
0.09392397700392156
0.05567227506438546
0.05683567563948831
0.08229501757326839
0.07542075428794687
0.04845168582078785
0.04990478998558972
0.08941005772965073
0.07854639505683196
0.10839702356713063
0.08593361059605145
0.06818307589528345
0.09907156470949198
0.1037845956481136
0.06767661662383251
0.0659295069456242
0.09394406927928628
0.08029552751491575
0.07767723188397319
0.06716344012798121
0.08013692048798095
0.12240435817338056
0.06826576042297029
0.05722883865496614
0.07044875011052722
0.06210595645765623
0.041038215567395675
0.06017592232394779
0.09504422227865085
0.06372459603939373
0.0447727382563448
0.07606587366868459
0.07941294361277973
0.03349778859048578
0.06231176865792645
0.06844851472623927
0.05868822642020998
0.08895022956490922
0.06511103783250068
0.06641188999481594
0.14041981750980145
0.04997906099930995
0.03366399558590778
0.08022740678887408
0.0756365250279922
0.0712000714958797
0.03664353718700259
0.05647387055448989
0.06826339344415912
0.07167484375005508
0.08915380965036702
0.05330358704678394
0.07766860239554263
0.0838478139677465
0.07237455403579711
0.1022259032211388
0.060349359128787264
0.07797781372959593
0.07068038083189093
0.08767425586453065
0.06739780302771115
0.06850304350506245
0.045303100566687036
0.07020644713156109
0.041576156906063526
0.03624296215054155
0.05388283757359853
0.053983097751395766
0.09318876853571763
0.15927661281091693
0.029337417775998447
0.08653784490727111
0.07649475162264431
0.06052466864881797
0.0685615718974796
0.05998988799838238
0.08312117905705024
0.0776361841062436
0.048251648255204595
0.06468892079371057
0.06160319914821517
0.04732833350129843
0.049804795205571725
0.08912691098632368
0.045057168548988835
0.04686318634561344
0.06789046715810106
0.03258729050153946
0.08168123897875522
0.03630556255883384
0.06852549026751457
0.04837823156048248
0.10027213471230786
0.0743687363585485
0.07317501770917402
0.0592510847894445
0.08535740263846647
0.08365325759572995
0.11302144463121198
0.03714074091139906
0.07019302690916321
0.04461714590542292
0.08943252643766487
0.05120844879776348
0.0708983645188169
0.05487937744143292
0.05480081512266943
0.05040373394701387
0.04724108916314939
0.07724942418458242
0.07243373000235657
0.04648600112293927
0.07173327938056587
0.05228504525232592
0.031116503217844205
0.05732156919287583
0.09131290886452816
0.05924544253419512
0.07200210763540993
0.056977380605448165
0.08358019053355824
0.08058454622202103
0.05760305103329044
0.04211125969920061
0.07023966286666702
0.08068062965963838
0.0693875548264944
0.07204965398925146
0.06952794919456547
0.10410950117510297
0.044401990962215455
0.06432698816938595
0.06379407795270944
0.038957864001241085
0.07013060034942187
0.1063977927726227
0.11058681756438324
0.05935970807667503
0.061201834341604096
0.050626823116736525
0.15818570268872936
0.05190073718981027
0.05442142171840805
0.07324037452721406
0.06327949641956566
0.06380703168628399
0.05577679102468855
0.12849378662918096
0.059039564257506255
0.06720171173435878
0.15494808436571492
0.06589629742764923
0.12687269773359627
0.11352557141233235
0.05339450860316341
0.06700224340684761
0.025744045124668095
0.11460621561869115
0.07505861014476452
0.07573646657842324
0.07570103240349407
0.05564480230899362
0.06972538401787831
0.046551000219541644
0.05103453656807863
0.0922575261819885
0.06660955835564104
0.04101637766051466
0.05423157375152983
0.046195119640174157
0.037798992492326836
0.06551513109963028
0.06305575750285743
0.062113263065960815
0.05675510214462814
0.06468037443686753
0.1434290248065027
0.06412915567814279
0.08622125837939922
0.06489059392156585
0.04564832116376499
0.0770879543414472
0.06310557026457711
0.09213520186466799
0.04321749858122572
0.046147088773518585
0.11165886265767855
0.06764467728266954
0.08265147576572762
0.05649159704377796
0.07226138979878419
0.0680671548685639
0.07112590361801455
0.04583602561826939
0.06333228953737523
0.1153869702027139
0.10573675210057396
0.037826165008536895
0.07645670004228532
0.07407490051891469
0.04329590461665676
0.036260799053891214
0.043626152852284016
0.045266953112143765
0.10595259891540945
0.041181716777430405
0.05088292832941914
0.0700172629091462
0.07086847042686932
0.07042805507527546
0.06321642218883272
0.07510612999206781
0.09616126867909881
0.059767938833499505
0.056250592322661774
0.07015436987473221
0.08432709472040166
0.06060999127557159
0.06518653337079179
0.07776671668398565
0.07122661128342934
0.05105208146947247
0.0896712289548992
0.06444133223459007
0.05550329781217486
0.07058124892183151
0.08206610113427734
0.0417183005342558
0.0634241490931285
0.08416429394249336
0.07510366478827019
0.0834662658501404
0.033376259417001564
0.07271816230038008
0.04962998513661294
0.09065270912461852
0.022019898340311275
0.08519986854341366
0.13412366736980516
0.0578402621663969
0.06308877809932274
0.08603109856726983
0.063987039937701
0.11425496364297746
0.052830633179633595
0.05942178663947261
0.0495181590430964
0.08156015060660282
0.06626033225836506
0.05826074464408468
0.032440647319585666
0.05071038107456959
0.10741933159173626
0.05748623546733669
0.06388762700520653
0.09529241217822182
0.07019024839508432
0.032375839676777145
0.04022486991913473
0.048271796250288684
0.05268059086676098
0.10284900393366857
0.06222454050477044
0.1586841592864588
0.08178641810672113
0.10991890175929987
0.11702728180356084
0.030252110197702048
0.05355263244635578
0.05232513092532261
0.06641264335755807
0.032377240138412845
0.07259880183499202
0.07320921876819513
0.055210577097150174
0.08178059958314071
0.11878056632058015
0.05712937654811494
0.05892357470654324
0.055872216818771636
0.11074040843386607
0.02645260404628784
0.11356677770142909
0.09112984037465498
0.04948231235518388
0.06551904675575279
0.05506571038874798
0.06918157520200353
0.056491170917547705
0.046540913260953234
0.045515937753068905
0.045896495773892446
0.10229377731146765
0.045909782069906195
0.029101959808548034
0.05945436027487747
0.08557494444464533
0.09365714762441114
0.0679053555226066
0.058132892527107086
0.09137611612693114
0.07221270821266315
0.04977878787196459
0.04892416858904937
0.0423320580038675
0.06831125186100842
0.08750204093625547
0.06410859545972783
0.10086703251618065
0.08713399399761351
0.05742743595642462
0.08020935479795696
0.08100315106597965
0.04436292439730534
0.06846439246328447
0.0776662163795539
0.11794794685649092
0.05262891678322307
0.08832556722063709
0.03289510642827353
0.0887703164463817
0.09924715389837604
0.04306802899472217
0.05686350652562035
0.0860727670786493
0.03079334589411629
0.07433914498545016
0.028278383525233746
0.09927337992837225
0.08104042893342077
0.07874763488971437
0.06346942875611408
0.022106184107185445
0.05801658290182917
0.08227070312035525
0.03475751881085092
0.05809539602718321
0.05032781442611056
0.06237930074669358
0.08991427675128467
0.06483185198864234
0.12236112000337566
0.08890137109490592
0.07356297137061119
0.08293478176181322
0.05033070947626891
0.13992894006764606
0.13246928497164706
0.09541669967236867
0.08393701584387439
0.05136945288419848
0.07120480719630162
0.05251927375180179
0.11084733473183962
0.09800831160624172
0.06065621663688787
0.08646277538876522
0.0542162030413635
0.1053721705762945
0.1040983965499469
0.04410451289775841
0.060927455860141096
0.17003885257713908
0.0464461235878315
0.04233737227099384
0.06045619423893211
0.08333708190946405
0.09968435518703633
0.05320154428678157
0.08469159931755565
0.07465224741908641
0.05362719794219052
0.06853847583841398
0.0695815045794272
0.09060406393920493
0.08432959621197543
0.05293076665517667
0.07127311798894266
0.058862820477846564
0.1317921344646356
0.07258126318937835
0.07972735955060165
0.07616346404894328
0.10045291479759003
0.06403693592025926
0.10344335114779324
0.04115488942963929
0.09815345572610469
0.09147089047714659
0.06772279838457977
0.07220720040688024
0.08925018414466258
0.06845920901663383
0.061056543686761694
0.08806320628287831
0.09029879019592459
0.09824612847110539
0.11358859480551162
0.06816242749853375
0.07500866271704093
0.11853224224396977
0.11265525347339628
0.10987270853899722
0.08209900454155242
0.04596903255906311
0.08413454425801291
0.08135015462340585
0.09124096907989376
0.08375767204264954
0.05163941481828543
0.10835762523922804
0.06702812168485796
0.05407798505847328
0.0879074187601626
0.07415666340546839
0.07053728263528385
0.03163532383214879
0.08078815364478384
0.07193930022199281
0.047081437742438545
0.07475776830497377
0.06283379889403395
0.07301704333140743
0.12222180414491314
0.043144287465355806
0.08486845769772168
0.08332509301200978
0.045028634057479706
0.06381961757953675
0.06452554255551268
0.016326767331646487
0.08012991553106709
0.07685121796863813
0.08120646354113824
0.04666420455815955
0.09978311551098248
0.06865473126839976
0.06904987624744521
0.08783431474134205
0.032141858019635816
0.044992763014285744
0.0756156909939222
0.09764939599007458
0.09892482586669794
0.11041757202086176
0.06735556190129713
0.12758843313298904
0.06468755754605476
0.04052767917360033
0.046096813216597
0.05921241682340722
0.04335031094492948
0.0932363435463263
0.06304918001287146
0.06841234208471694
0.08627504478366797
0.10938909218972166
0.08190434044835232
0.0909269118507914
0.05868242394509958
0.14551960818047105
0.05683442795772686
0.055669309217121245
0.07970756368177072
0.09775611807993846
0.09372029417932544
0.0997019876168718
0.06613367884372666
0.08241352694034249
0.05248838564717394
0.05419384861565044
0.06843368553570098
0.04543082082242442
0.12298083565938273
0.09690877310635237
0.04488084729717032
0.06534320090172717
0.05679828233189576
0.04592428083254474
0.08502957560866671
0.07347746542493197
0.06562561629330138
0.12997427099949804
0.07880418389318974
0.08612234177058421
0.06359244328173831
0.03952467055612179
0.09483319268209787
0.027189658873873392
0.024536858771189572
0.08128079080061161
0.08327565184846111
0.07879307415147727
0.06225311528479845
0.07477376445165693
0.076972084053046
0.04599433333216943
0.08027310600084843
0.05819623606056355
0.07547789630159331
0.05920537310684027
0.09168462641077266
0.10721219014871712
0.05462637647803197
0.04711021032346274
0.05126960129599885
0.12010137286544031
0.06940123624367116
0.05397001568792721
0.11164202440107052
0.01901551958847387
0.0901027242928221
0.10195655346824814
0.08747217955823801
0.06856384768909032
0.07707667073939732
0.04206318451417816
0.054550462977055576
0.0477146852939975
0.09091812623483575
0.04007639226308691
0.11086867917175335
0.0836481024890486
0.06482865650218764
0.10334411115249388
0.07980421269217623
0.08315851030098242
0.04203463655937577
0.047814017343778104
0.07388553483887993
0.0814245212608394
0.04406992887903721
0.08049554425703827
0.07954225288488766
0.08056703950330714
0.05631291826557913
0.04234919158467424
0.10658062203414335
0.04288833592422928
0.03158320717655628
0.06162440908824998
0.05432601633121387
0.03234002261272832
0.08163676903904162
0.08627090121922366
0.11525617100298274
0.10460011695061397
0.08033584481944722
0.05577837299392446
0.08245708463067328
0.07680732021751706
0.055007252426063975
0.08813310491539281
0.09398528757607735
0.10722419058237583
0.020414133084261918
0.0842230038812624
0.09223084263755696
0.0998341082887182
0.0638295872040636
0.06070684329512958
0.06493211299472898
0.11595464204357493
0.09150882260417789
0.08404754222538816
0.031760096172590166
0.07219190270209042
0.0691758518427306
0.06084264647135332
0.0452159718730137
0.13386015636460874
0.06838209536202888
0.06969913990531715
0.13688892805844635
0.1054717832655591
0.08115521893632217
0.08265699291713821
0.05458199124819435
0.0926903386640106
0.10015908857904574
0.04066033106329886
0.06674168210528553
0.07441471392393499
0.059227580393935
0.06724457110439448
0.0920367601306626
0.11790321270066878
0.0734845545470525
0.06890682518590109
0.08823561863121171
0.07812488267009081
0.046527429424277816
0.06840600803708889
0.034021780773682064
0.0348022054882285
0.05729294748212751
0.08861272152117759
0.09041796705297345
0.0348415001288556
0.05412313890681879
0.06853835398416543
0.05745653492397772
0.06964789125087234
0.057271797497322315
0.0737558247714156
0.06999383916447822
0.042347325985778485
0.052971062005737875
0.0836192810852417
0.05494138112330172
0.14746863103515392
0.07550557879453916
0.14554954744432386
0.07333859850987132
0.06575541803772046
0.0549638321304476
0.11502075577540916
0.06053327132544464
0.03247557263668535
0.0768396495942849
0.06639072165441892
0.07513136289923024
0.08751756924219975
0.05568488600137077
0.06092812493724178
0.04874451793886782
0.05219624517832448
0.09183851086267113
0.03217341961729774
0.08155358063723456
0.05469344734390147
0.06585979491706363
0.10552371985415665
0.0923791865060088
0.08086676427260175
0.11327810107990233
0.10208982794797043
0.08055246890282969
0.0401533518605478
0.0830161000284345
0.07983113379755075
0.047159737949118756
0.0615078152784392
0.030796985710089424
0.07215564081609717
0.037362876188860514
0.08405442205122954
0.04415063438492133
0.05985146717702037
0.0773772286902479
0.07112661345804065
0.03602298709163804
0.07773938541777996
0.05350428025324401
0.07513170702461759
0.06548773962628526
0.06900798801365793
0.0719866781219247
0.07754914268999592
0.1385025114785039
0.05468620639528
0.07136155454468526
0.17874436620734313
0.0963108644718192
0.046145369723926376
0.07325892985985168
0.07048746057949697
0.04477083590394263
0.030646287335935052
0.04808712940607969
0.07232339581625082
0.08251031760279723
0.08989295061496264
0.06281677081685602
0.12247152389159306
0.07629912162908858
0.046935241610523176
0.07670769809445033
0.06194900790753229
0.07333247760146204
0.09984270297000931
0.13009148469787013
0.07091838604190283
0.0648249918272353
0.07121155759964859
0.07040843049835568
0.06425062741202942
0.05432258006446365
0.10725627388176398
0.06972178334962653
0.0712503017221606
0.05871635249515293
0.08111524705585219
0.06859920570764422
0.08175666807163716
0.056454517023493356
0.08578702480350431
0.06949224857093853
0.06246214527190168
0.06653016209068317
0.04752111596758852
0.07426097338015235
0.11508099177348895
0.083946019943798
0.03934890108345758
0.07781931465593213
0.0448461589652063
0.034316804195515714
0.055664483640245226
0.08809131527504037
0.06146268577655486
0.062083993686859885
0.06561880737735054
0.05773584428868977
0.03472360240539581
0.07910742307688871
0.07023713095365143
0.13483876091782557
0.07693981838431609
0.056517680966668295
0.04637465431513674
0.0506966912750312
0.11476348074402629
0.06681895945602626
0.056414051131320385
0.05436947557228847
0.06482871453597862
0.16284866680405308
0.04635003481866619
0.038666319404457
0.052701413621048854
0.06410206244055634
0.06428243465332249
0.059427270838387704
0.0406640600964496
0.03929079401363611
0.08036849326365252
0.08078610369438108
0.054693782039247046
0.05163690682722046
0.07655808625226071
0.07748112370822623
0.08617807875070785
0.03745597385193628
0.06794813025572068
0.11399170578740837
0.07445137716621901
0.06239532802248532
0.020793949534253342
0.0913517820680078
0.0791372629555322
0.07878262977003539
0.07949006030283765
0.11986438800944559
0.07676505626670517
0.07278087988778567
0.058384474808224424
0.05098168762037778
0.05390083526212926
0.08825467775129232
0.08107518672164421
0.07368941397547334
0.09662161983053184
0.07819384445593691
0.08261364516430461
0.09278478562121135
0.04957743829320866
0.09343161156318584
0.04401588188383125
0.07850338111136944
0.11819015148661789
0.08192104040950159
0.09606954131908758
0.06898660505045257
0.033524002706013675
0.09529010511828315
0.11651480528730816
0.08214326334320038
0.08066522851497028
0.09567577855826705
0.07837305673545439
0.06461486147620978
0.08394561336516812
0.03836027796032351
0.04792519868396191
0.05983647439038841
0.059520230652649074
0.06615335987905294
0.0829177413316744
0.0769556272717579
0.07504685197864307
0.06261939760090665
0.04207004696874043
0.0452961009252806
0.02856907143112141
0.11463796192748653
0.07976652971160433
0.05493779445149227
0.053082886078136444
0.06633354287863663
0.059177113966717126
0.08732699150529728
0.05822044749157407
0.06554479176318273
0.07860626460060387
0.11160920615447636
0.033424695584949454
0.05445784807293936
0.0896902485928588
0.0809872059299318
0.04911471168364024
0.09968731140027935
0.09498041377380556
0.13132906074585587
0.1115345066199297
0.02864151574448384
0.10024421952245413
0.09325527905275784
0.038986575563183745
0.10056462606088888
0.03409766908451662
0.11458877716683852
0.056668073210178645
0.07658382268798299
0.0390345655920499
0.08808143527234205
0.07425739165951965
0.09200793232862929
0.05215372045610409
0.08158693155940354
0.04915051778232814
0.11734564965256922
0.15409906287097097
0.05581960954635309
0.08541067626755669
0.164852743028813
0.06840445754723705
0.10377494267908682
0.06377761910995342
0.0487309074755038
0.06754570584872481
0.03249388829891848
0.06704276306468901
0.058325813800162635
0.025536122505829515
0.0914707761144114
0.07502331599977136
0.0618492179394148
0.07821989754800582
0.05722011152690782
0.03812982642961216
0.058938754928783574
0.09509719574806265
0.050406387404821125
0.08414851924824174
0.07901455410656215
0.05229708725832981
0.06101581119565234
0.06750373895412805
0.04231126827925135
0.08582895026273814
0.029730847568499717
0.06109452738868875
0.047499643246150934
0.09843758153526613
0.05892556509887895
0.054756252068605425
0.07528966779026891
0.09012559939666175
0.08434367788079877
0.0639098172547413
0.041636221005059676
0.041157211010960884
0.06373628440504772
0.07947666960206504
0.053737894286142826
0.07701152355594634
0.04875404696475354
0.10882924208761095
0.028448876242782188
0.051509388058397
0.044610642994488775
0.09836846087064263
0.06673452189885129
0.07621085353781801
0.0802716361549607
0.07697243799856188
0.04017103680895341
0.04048796952312933
0.053169353557650005
0.0409219080302495
0.04820939401652566
0.06624233784780938
0.030769178327377904
0.05544570889225225
0.03447689725772139
0.06620635647999885
0.07200871448913591
0.0849831494059222
0.02933981700778089
0.0728196550905844
0.14083123115710494
0.10603748628850955
0.0650564086780495
0.16057135946025847
0.04048081870349185
0.0853914939190094
0.08351581990706636
0.013403916194374126
0.06866703475245563
0.04861497026961929
0.05157233640289637
0.13822672026636323
0.035247857617528515
0.07181779726144531
0.05337224368761285
0.06548645982196902
0.04460529429481789
0.03619405797811999
0.060818510713454337
0.07903452726698627
0.07917534744114083
0.10464372202874074
0.07886144922872845
0.08407655103752885
0.029134009174736946
0.04450459665736642
0.05586400334619346
0.04564041238177499
0.09001529954982525
0.08637628977314547
0.060069157547464606
0.07005820420735961
0.09633508900614912
0.03858029136084977
0.07712188821996596
0.07825675209432247
0.08056278318280594
0.10967735532047158
0.1031409508658783
0.0635414346995282
0.11734734720298716
0.052613106039706065
0.060511526697820346
0.1314999911959405
0.054983093835743006
0.036305524520333414
0.07462807855211973
0.02620832714886544
0.0524303120180331
0.09771795074253024
0.09886198165076072
0.042747874266205986
0.02950275316188219
0.09299819041247671
0.09604184122189444
0.05880179926460097
0.046917403936126055
0.06490949938763599
0.11148494664235242
0.0895337163661213
0.12882828951995204
0.043563066071436465
0.06387047120565424
0.04685644552693818
0.12325581422344765
0.04236372745287967
0.0639330882565956
0.03718148018199123
0.043485006893229185
0.07495280575405493
0.10521865351577503
0.09364077376827058
0.05974826709438418
0.06757316219516082
0.10739551460301357
0.10344946346393324
0.14623162175483922
0.052787182360857006
0.08727377867338898
0.09175556802780681
0.13152771410358083
0.046875820573630315
0.09408409135145294
0.11004380165635508
0.07167357480077075
0.04884512782990464
0.06298453054303435
0.049926849966564026
0.0357103689233233
0.1393382160482977
0.0639201999573855
0.05430768807211786
0.0894692539396086
0.08926472530658015
0.08301325436910911
0.10159876546295543
0.03041281399475913
0.06624290647018014
0.0584588618063696
0.018310795203028866
0.09439784171375139
0.11427531321229535
0.07205750593788773
0.048128190903114425
0.05077073216951242
0.0853255287807465
0.10706505117720744
0.029015574529123334
0.06117357764645751
0.07622448498507164
0.07257842336917412
0.08607691370948281
0.054452928338320446
0.08933175813236721
0.06637377984403464
0.07855851730802764
0.0641457476093038
0.10691739198798247
0.043294629025853314
0.08519962930059803
0.08297536261909023
0.07521291656461915
0.08404758773758297
0.05906882800942267
0.0921087215391309
0.05389837488904304
0.03495886633306008
0.056731271668921494
0.048646852842029874
0.037286137959461924
0.045871377493475425
0.05556162148246843
0.08915686358569767
0.08426090289409942
0.08440114998869908
0.10081003472070668
0.04595568008457104
0.04090624245561265
0.06791251826640854
0.060384724144300045
0.05377463709986894
0.0467446048904469
0.04771796759520742
0.07561043316240255
0.03628115815900848
0.09802870133243517
0.10090263990175928
0.04919375376845118
0.06975040145818799
0.15704648780921354
0.09870272140715933
0.07476379116129582
0.07223218434998405
0.06721845072353762
0.10412759573856822
0.0822028586857233
0.04650697665419129
0.08546110419264687
0.0781589692851505
0.05560308093519123
0.0463478633668839
0.09876997207124194
0.11479533310819172
0.055993854350757974
0.09896620951500715
0.025253021436710193
0.11137021401607684
0.048950825387870815
0.10057463981494003
0.026772079311497422
0.10459765179677337
0.05292705405004836
0.053361121561436436
0.10325749511253475
0.06684833015419041
0.03866090240841933
0.048451408201750354
0.1156020628275717
0.06343995782360999
0.1044106312330208
0.04571234252942647
0.07138102079375383
0.08978812736476663
0.10791710827402308
0.1051412894962537
0.08636357488522473
0.07654522347651806
0.03228784609333584
0.07352784389286936
0.04946250805073694
0.020957310065088348
0.05091774477717859
0.09518811132460755
0.0987471308285431
0.03137670817136975
0.1086645517258045
0.05252029865511109
0.10617579505978869
0.06536624266295182
0.07188638455438406
0.13352848204317588
0.04965094992606654
0.10780111804629977
0.07463485158710688
0.03515493191571605
0.0875719090957436
0.05077547618954569
0.09066767745286324
0.04997630261102804
0.13298599840939937
