0.03220241209507987
0.05862490011133305
0.05803272812592212
0.05514794909596923
0.053861699574325336
0.04870148063050217
0.08459875472103219
0.04418893630652185
0.029586761165117173
0.09306081357517708
0.0888523200774176
0.06183920999708396
0.10789046237532152
0.05676397401736229
0.08075892816312571
0.09236582935387909
0.07557678294719376
0.08870763789268829
0.12421173984514677
0.06900009952346672
0.08995119907560824
0.0477459134393883
0.10407875004387579
0.07639301542843498
0.03315473252391712
0.061779006049649934
0.08119129334677692
0.06750195244590523
0.06490539359766137
0.06953311466604715
0.12523310609111435
0.0793264884119677
0.061107207046058425
0.04365545480860571
0.0863365943340987
0.04413370654922041
0.0756015961483953
0.05614554476737115
0.06878068722431278
0.09566279142906471
0.05223741164701919
0.10080531011208811
0.13125616361898354
0.09011790815772779
0.05701941731752363
0.0605857830364744
0.03215468492289065
0.07304461634225001
0.05951054255652082
0.05588920239252574
0.10302881627835092
0.07802771031926352
0.06704820362845888
0.09153265824117443
0.09708452785265373
0.04775800209359646
0.03844064457396876
0.07713149727982238
0.1416927390916894
0.09093749001248554
0.08699650900111451
0.08776497737926266
0.0834123711259237
0.04176196992884664
0.08522463779776937
0.11341050835342902
0.061199402291234044
0.02905275142550415
0.06278094264603934
0.07177162809862388
0.07111596668891385
0.035547875193777126
0.03811593135160332
0.0637019299804998
0.11239849915100475
0.05603945150698274
0.09017688687504981
0.13949250955861087
0.10879400843716158
0.0582323231565392
0.09629540946890168
0.05193795778330016
0.06601454620111044
0.04447712132566313
0.06364360080630457
0.09177668253027149
0.062216271691234795
0.10158191101642552
0.05428671853937769
0.10046236428804348
0.07337012602722555
0.06385502031960107
0.11151838361728476
0.031931571423447436
0.05071031362057912
0.07884810919369319
0.11682300672159732
0.06670459609901357
0.08845060296256405
0.06333029086875447
0.11635496026456356
0.05520640078682704
0.11957710872773676
0.09179220193309368
0.04808191617198112
0.08692389462172881
0.1195721332150258
0.03715947832855398
0.03721814724632419
0.08122905167959224
0.05965990966792123
0.0492759071329228
0.10691835053329729
0.09206890265364961
0.1111559148978202
0.04608028851025823
0.09270224272172484
0.07344583208700801
0.03850578323612678
0.07148148914766486
0.06500470919998905
0.06845118824114328
0.07933262813170865
0.09093664926768855
0.09082383734488715
0.043210097137840076
0.07923983208392119
0.09437428625963826
0.06257409983172715
0.08734848473480882
0.06360891369749405
0.15697514332911558
0.07827937912639517
0.07814226264307306
0.04656057990629763
0.08241559250186928
0.13544920604441732
0.09630217468264592
0.09149713335673376
0.06443399055254051
0.08752021623947978
0.12638147827519117
0.07043815452058082
0.0526781641766663
0.07360015028537349
0.07311290389583645
0.07491213892502288
0.04454105820157605
0.030950485005647232
0.08094452336735325
0.07552832612630571
0.09694959519150115
0.0899267775284345
0.06825139840084282
0.10699135482952814
0.09229137127575061
0.06512162549120033
0.10554025877629057
0.05416436536291101
0.07536953282198146
0.09364719273405152
0.06690907023638562
0.06967495185755362
0.11426736521847283
0.05683164949233685
0.054586462931809514
0.05526720043752883
0.03504445742456617
0.07058207905484318
0.07619775266366251
0.08617679911837292
0.07409653866125399
0.10716045942808675
0.07431165886657386
0.059314602947039
0.0435536222032007
0.05489055960317357
0.08839294857214584
0.08417459371860624
0.04648926668296631
0.06203547145697336
0.09334905256748999
0.06706389209338995
0.06760053399485229
0.07901440892193673
0.053510111742320565
0.03159626075734406
0.02073034179986893
0.05890229434338936
0.04858736192588896
0.09586877885870215
0.08655855972334207
0.09031831341757515
0.029337823531388682
0.08644057460683423
0.08314909196020018
0.07180786993943764
0.06944077130430051
0.070228818708851
0.04709839675698947
0.06711680805440406
0.09371561197998977
0.07319757918289163
0.11033641081874083
0.0977192394260612
0.08728604346841044
0.0282609486131561
0.0752982826013948
0.06111329625523737
0.09933378339635753
0.017478918539015283
0.05002739503671602
0.06410295012790249
0.05921606224927936
0.07387111463217172
0.08630775941233818
0.10873177304227487
0.0838250067871285
0.10498330597703111
0.06550999898688842
0.0643756331469061
0.0722864776937751
0.08092834064707448
0.03294352517797369
0.0692236993838756
0.04052901907760832
0.10778939102575674
0.08689506422772299
0.0621041336216539
0.0597108024071098
0.10448513643871098
0.06409957166834244
0.08215713119142246
0.055023121704086006
0.03883344019216684
0.08156853868069468
0.06195834480454106
0.054894136532097376
0.047234749416822305
0.1056066060314455
0.10415447908779493
0.049253097733414776
0.10001331471320024
0.18069494874737013
0.0391139699338831
0.06284082564398044
0.06783259165492438
0.05791667287126861
0.0839060401190754
0.057307448779431655
0.047091247452611056
0.08316708908233968
0.08083983982196599
0.06648300342922371
0.08161457813638996
0.1263823951809174
0.15821896862588603
0.07894064434164963
0.1014660237589949
0.0590231376056761
0.05639375099874372
0.057421461513857436
0.07224290276268232
0.0631512662362216
0.09323146825825916
0.06550818694082229
0.04970338872204968
0.11678308727673568
0.05565349188054788
0.07737221705619239
0.10051740778245384
0.03279082341167279
0.034677423452007854
0.05625308195168913
0.1402482737262674
0.09076623387964454
0.08365622731980649
0.07920381736879913
0.08039948932873053
0.05737718415835485
0.06949235869121433
0.040971450748857205
0.06091319443537461
0.07177446570114263
0.05406920181929757
0.10781117334045329
0.07860880308632291
0.05491939820164912
0.045009835465840434
0.08290838463028667
0.09391176507949156
0.07017594570991705
0.047313896028739644
0.07339198339835117
0.07141400867612022
0.05287972057257373
0.05747766363878502
0.07249635085593727
0.06696862578734959
0.07536212193336657
0.033689260639293485
0.0635802324605791
0.038941483999928896
0.051132002826736946
0.07650436404795947
0.04578739196916875
0.05546216544774906
0.06070000394189506
0.02972538214357355
0.08020306635138155
0.08971452666295246
0.08993474964907348
0.07700597498352917
0.05881006762000739
0.08210800980978814
0.0494428936432542
0.08380590391986613
0.05482560578956325
0.05982215402921314
0.0513261320649458
0.11345729431468224
0.05440905966810344
0.0698905087218469
0.08071480764126378
0.07674085166058385
0.08921248939719624
0.05824391328611644
0.07557412704620657
0.06657433104675807
0.03409587485414767
0.10151841997236877
0.06740970217261769
0.10601576647165901
0.05629266173324337
0.06047245566760958
0.07574282073524667
0.09384932245984616
0.07912390161193564
0.06470951890768394
0.05110106561583808
0.09084473125572054
0.04106443538149647
0.0739643643179993
0.08817205527722456
0.11365898037776505
0.10069799982240935
0.08493787085217684
0.07828287754894128
0.06582265066285185
0.06777020670926075
0.05020032827879382
0.09150331565410821
0.027119117558564935
0.05853689575760883
0.08455400154275887
0.07011372886706314
0.061185740725307164
0.04785476289668309
0.07302687522882573
0.05771358666515186
0.11268564201660408
0.10663192237193873
0.056174238870434844
0.050361970926273106
0.05657072458651826
0.10072166026980606
0.06867119941894306
0.0802006142900657
0.014469963622735659
0.1036692620624797
0.10595593916867778
0.11617387800708161
0.034425590701863996
0.06089108769237458
0.039168958527558015
0.07957924466789497
0.050721937113782735
0.09489344654454349
0.07377328980001795
0.041635739295746446
0.07778041337204125
0.10585968051257626
0.035552991452088165
0.08565299301927631
0.10430585586033891
0.10967973197818856
0.08497257067362017
0.06523532123516966
0.058621957698579086
0.06428539820662356
0.09116672547276286
0.14518191120997
0.04547605571310603
0.09150496375947155
0.04145961924342051
0.08298292157858563
0.037843615740721794
0.03796993125855611
0.046645545723854334
0.10388149213108389
0.04929124706040262
0.12142526973845379
0.11548651140909308
0.06821340870701663
0.02515654573246282
0.08193438477927394
0.09032145925508168
0.11161388375275125
0.11695971531084962
0.08642708395313448
0.04793014220508943
0.029875419938971734
0.06332878179036279
0.06611455653497349
0.03554494617696438
0.1107694685709767
0.05097916340869997
0.04707503928311391
0.048170611001677716
0.04978477289498985
0.08599424872984951
0.07122560015290443
0.0753044223051805
0.064531378159776
0.05204707689119959
0.06630475926214724
0.10003001108774183
0.12406540765067912
0.07432731304832474
0.042601626269618637
0.029961109155996046
0.13837056977728937
0.06661272240908195
0.09359878374435332
0.07179847249209168
0.07853340574765431
0.05509091452967118
0.08214868686809099
0.05369226906123684
0.04134825717395573
0.08865184549062978
0.07515791162486327
0.07701205261618868
0.08297077172553557
0.07075041014604118
0.06470119286467783
0.04180014711818768
0.08546388357758508
0.07228232375923774
0.05963136915107066
0.051378994430106975
0.061686805851130525
0.030719347158353148
0.08336259984414095
0.03673764190069634
0.05653989783387099
0.1176035715803741
0.04818662462402085
0.07260310632408061
0.05245844134983784
0.07592384740288224
0.07092037109262922
0.06828588379888188
0.066013960475475
0.04736306556023988
0.07857180804945742
0.108372740768131
0.08825377770961693
0.06880610973909297
0.08010413025758689
0.04389470487939202
0.1087507392158869
0.08130302589065701
0.047351644861348616
0.04268368073204445
0.05749285510740394
0.12390411352129597
0.053040947121949886
0.1603601361088891
0.13493124238571585
0.07127757155127983
0.11024527870025283
0.029032730086275296
0.04702264314171304
0.133163401456611
0.036322722388318886
0.05319302133238621
0.05479589649826441
0.04707665260202979
0.05736093324364248
0.09237544573475681
0.08917505898264327
0.049366018183395706
0.07043290773492647
0.08059149912175836
0.07522893545170252
0.06689314792096995
0.07463210369954851
0.11090933560158645
0.1014506588612723
0.10040333122639332
0.0268791375245469
0.04039795429550782
0.07642433208050758
0.04763484926766542
0.0776151449088318
0.06628436895211008
0.07936609603388803
0.06728806709348444
0.15964328413829493
0.07020563756353247
0.12084551445741276
0.05039326779727431
0.055504293642815845
0.06517075029790524
0.08694073877710104
0.0552414655637507
0.08449733427482943
0.13011993419527765
0.10616946646401654
0.0844554912689766
0.13033594142941793
0.05063846283961305
0.029405530794086972
0.0775551441724026
0.08591887692905825
0.05374628336939883
0.09519499581386805
0.054362017547535446
0.0704611296598202
0.08020188285252076
0.05329905472813666
0.08127930370506674
0.09555053831336949
0.04890607499822933
0.07615792303328031
0.06927913423116357
0.04676498266579304
0.06133505234447202
0.08182779640292949
0.06797897490637841
0.08362037097717377
0.09617486558882235
0.08132454497932161
0.05443624826577212
0.10334062865575042
0.07332505907287436
0.026003242180324806
0.06310354976106215
0.07196578872485188
0.10041515715878783
0.07298646235455661
0.05048164557666692
0.05182400492233346
0.04484367662871996
0.09974783721853765
0.05598098015851936
0.05607081300445186
0.054167649690509766
0.10848684210342759
0.07813296227739737
0.08163402258347356
0.056903405471844984
0.06454558791642341
0.08263399811978443
0.054074897538376986
0.06554375299799177
0.025336338108351494
0.0829738483892373
0.07614445285138449
0.05542461885463633
0.036667546021708616
0.06317832677488393
0.046004862361768185
0.059608590162752204
0.14794783080694082
0.07149763773495438
0.0928335155927791
0.09979626856264118
0.05902758646263575
0.060461418953975526
0.08296753090575672
0.03838897497922025
0.08500778772537029
0.0578821198344725
0.08550943718628909
0.11962527749483208
0.048662359009482806
0.04307184933317673
0.0700639093394112
0.0946836224767503
0.08766059366123016
0.0939097398623927
0.08984209306745898
0.1324111313246831
0.03537738590059742
0.09221282021490777
0.11662950262863482
0.035177480728923946
0.0670703374493674
0.048871907034741736
0.057891178350507756
0.03619146185340591
0.08579459591866652
0.09160761568562038
0.11420308283093256
0.09400934032224116
0.06629637885806264
0.05856597687991525
0.09416667177645245
0.11586058036851443
0.04376914055237661
0.021911394842952084
0.02889860456048351
0.04583592526140208
0.031508895798972786
0.04118854244513748
0.06736298823267987
0.07211885892476798
0.042161427361784104
0.09507306482593583
0.05048972635268874
0.06783322089435093
0.12480785968342335
0.14423325727699787
0.08132107124414117
0.035822392778993434
0.058699635602735244
0.10568287683898882
0.10491178582358886
0.03262427794477036
0.12343594481408882
0.051124569683417526
0.06373644480798686
0.07586681789063772
0.11604619906028626
0.04625243875066389
0.04490184548738293
0.09119266247569469
0.06791927229135288
0.08168358170460684
0.06010106424349965
0.052466227550180926
0.04698114522114921
0.11005192157053867
0.09294823632664924
0.1368200077144401
0.06950710110918648
0.10088637369285701
0.06363331532081916
0.06426071761458826
0.08006576083210393
0.07331451178993208
0.08051681487083914
0.11926055112537075
0.04965434025133243
0.059796497694556285
0.05038259877690036
0.11121045784231301
0.07865044346299063
0.04560484301314797
0.06769220827254713
0.1092568294057377
0.0640542852009604
0.045005471658246046
0.09089381706581845
0.05639947770984571
0.11330355915159453
0.036887925039646635
0.06020805669956724
0.0635487231176652
0.08634721139657812
0.061791971599724604
0.07857542170227673
0.06034217782709818
0.045475524958258705
0.05834143700319951
0.09759004568825554
0.0712002212676889
0.07538050487740987
0.11053350654062738
0.024380336010820958
0.0841187093327562
0.05189533213682426
0.07797631408962932
0.05757612467676723
0.09606719428070425
0.08532031035180526
0.04865323160089473
0.08377518389244008
0.043462944127876865
0.09671206377237375
0.04124998560782797
0.11156812028511452
0.07032816804436763
0.06297744698639678
0.07774281203800705
0.07385189303483065
0.04962329031070356
0.08606355397214771
0.06572078838805374
0.0805433641636551
0.06015432948561661
0.016770771814684806
0.09029453524929862
0.05764942546911089
0.06975631062633234
0.11702452837037984
0.054862952375942416
0.0628034719367296
0.07782152323176962
0.06572226189112673
0.03701976670489732
0.06492164327432279
0.08039588069877805
0.12030140031353251
0.08715332531927852
0.10865509815059357
0.07366900954924484
0.07242711605918005
0.04327473209733906
0.07298022652554392
0.04290792742854493
0.15566714856034275
0.08909154397190067
0.03553367019735443
0.06333478859069985
0.044454676369321336
0.06854904339166208
0.04360462415500026
0.0870644041806543
0.044149205190533725
0.061197617576994386
0.130249052085218
0.08803332519931549
0.05095006130865573
0.07312431694192109
0.08667308477039544
0.11519902498492349
0.06985067678157485
0.07444796004273453
0.08494195565346502
0.06666682435701105
0.04564415679894202
0.05538216722499964
0.0930351450082886
0.03295464806819513
0.06176989316165059
0.09549670724648542
0.0973334069744496
0.07610592027000636
0.15930154828953982
0.09232541360694028
0.06776387920621608
0.03172520747878483
0.04793378005013937
0.06968541174099331
0.16359214803931774
0.060666645007346684
0.06971701196492384
0.07419756258050002
0.06810806938365208
0.03522245140179344
0.07373127970439876
0.057617358473384624
0.08664583338512566
0.10495138747884547
0.05316925396332273
0.12915597215403188
0.11840884188062838
0.033942505700500995
0.07441737646534512
0.08493587761402556
0.04078346043179027
0.052271052731014525
0.07908557030521098
0.05982520347368973
0.044719580460288524
0.07175394910417704
0.0924325694963727
0.11558425422345678
0.08686682258151836
0.04544380196789296
0.05796911626523449
0.05978557907083476
0.054929653219633695
0.025787771309192704
0.055952588619467516
0.05309773561330634
0.0720098429593706
0.08927980006037571
0.08531900082202597
0.05726383323957899
0.05684620984754421
0.10755566522005187
0.06653530916754836
0.06555611336583564
0.06907015673458126
0.11547475060229728
0.08147578918877428
0.057970098029562586
0.05859152800327562
0.09748135069960674
0.06877043048921945
0.05214470281101579
0.02870957930087568
0.05268122904426073
0.04973466819566835
0.062355149238248864
0.0885920763714807
0.041618386636938474
0.048261067560023296
0.060438546058281875
0.04519712663918153
0.11184700772417652
0.08145469352661468
0.06279914598580147
0.08388088793614407
0.06358927188434299
0.03230877087221986
0.13128628947874196
0.1349232519317996
0.054691899492702055
0.043781082827791064
0.06398094025298008
0.055503190659710516
0.05837823143205401
0.04765448892459134
0.05717126086715769
0.04073965788169788
0.07767359801465834
0.026622875435840746
0.08464780109262494
0.047369137216707866
0.06889234312866044
0.047386659318972374
0.021206639156893407
0.042830267742492725
0.08208097570550177
0.10025757894394309
0.10839679918975179
0.08530369103430273
0.07006896496373177
0.11573398293001759
0.0764502275956478
0.0475770202423759
0.034168875913894406
0.04554340584356571
0.08504561745673865
0.07510685967800483
0.08337458647960948
0.06304643289289256
0.06410076452928874
0.04749363719878019
0.05263296805217584
0.06627930590813204
0.06824356110972381
0.07509908460367981
0.06513343251860279
0.07665092588478283
0.030575933800059154
0.07035695892218813
0.1009137005233883
0.0761284113172376
0.08146961377389125
0.0560498029947411
0.07352674544664964
0.07913069706232645
0.0649922294537068
0.057482725600865266
0.055129126024007054
0.08461644325055541
0.09360591052864974
0.07002989423333073
0.07803114223656475
0.06880673117690077
0.1471153764766486
0.0537650061259939
0.05633127361722065
0.08270385114130173
0.08286275879862384
0.04706437422572966
0.0750725988770141
0.07684474172314014
0.10124119457702067
0.04925783126714727
0.04560216775401195
0.07109395758061705
0.07857282841077178
0.07752321669834497
0.06432554168324732
0.10089969327287122
0.07825683792905455
0.07403489804435283
0.04548630452399066
0.035213677474382914
0.084297511483926
0.06688620126117627
0.05655162387690524
0.08474865102366563
0.08124667093024542
0.06500646606113823
0.06460437572978615
0.0751506042094463
0.0481795803148443
0.05539238312769133
0.10644063056474128
0.022425250989053097
0.08581489174529135
0.10208543734101493
0.06981191912687587
0.05297309055922933
0.0740750570199087
0.07236031926036614
0.05003479391066578
0.0934770981254008
0.08846206603668233
0.11281269947024412
0.09943289156580501
0.03138396258111432
0.07850796479727276
0.039855594238427335
0.06473303714153694
0.055831422405195875
0.07482905120598793
0.04716694120281305
0.05832551632078363
0.07870583956794863
0.08737616827327162
0.10540972828201327
0.07322598378055119
0.0728770744061324
0.1089979890260897
0.043000918908888915
0.15118385811937665
0.0833777530135152
0.0661866086845591
0.05550026273888001
0.09045741299364064
0.06972822884345083
0.02988800530217576
0.06775510561054063
0.10192627810015935
0.08643496921794296
0.10330903254593497
0.04915426396765353
0.07553532947162235
0.07918474381770339
0.059777938698839024
0.1044092864344244
0.07431340575429991
0.0430855816532192
0.06315496140437804
0.05931641315092722
0.0496190462440467
0.08196862942564602
0.11273889168665792
0.05875102254823062
0.1065064339988276
0.07852651177562596
0.09242780444496301
0.08743722539940094
0.047668855693482316
0.07061941236459367
0.08873118834306092
0.05812585083697193
0.07190440091061963
0.053648948867039324
0.049749126284846394
0.06091434842141651
0.0871805472913402
0.058247432104704594
0.067408989540372
0.1019235918661055
0.07815988418114274
0.05936056180842749
0.07212294633839958
0.08587171885585305
0.10720940634540713
0.12747216856102825
0.06663262214569916
0.10511235671189943
0.12363785097042353
0.16231208770197977
0.05843368419457461
0.06724041661714548
0.022441461857544313
0.06417212355776301
0.013945284908132894
0.0943760339124796
0.06181530496513528
0.04988080729286903
0.13597471861596452
0.07181395958352073
0.14637702557463478
0.06055326084730254
0.05312154449648521
0.024466433876147997
0.03996734236684359
0.09326616914946932
0.03615421853009079
0.09641483763440904
0.0701574220090447
0.062172050772271274
0.05058204320913173
0.08598546904675304
0.04292554106967747
0.10292114551232738
0.07059772743780739
0.0802325572143562
0.06675022799441845
0.14174328952561113
0.06438694061170122
0.0898750346586859
0.08039903157427086
0.06863198898388634
0.08522475715700631
0.08138220643807874
0.06379884320091858
0.05189283153358474
0.10126740570692785
0.0792798863828214
0.053909673348860716
0.037893161497120804
0.08628699694427883
0.09537575621312998
0.04117671447692146
0.06555497775314394
0.05660081622553115
0.0977058435694472
0.07649385139745873
0.03719186970088889
0.070644936417452
0.0792260896186566
0.14303308709526286
0.047228833521951265
0.06018801645657774
0.13444916492635403
0.06998727774469991
0.03960076885322905
0.07159793486362682
0.0980489374098611
0.07775210742777278
0.0397188325358547
0.07286380268023197
0.03017225134738776
0.04302088379372288
0.04689341246498845
0.06892900030380746
0.11787525036357817
0.11221139872323986
0.05869237721221787
0.037543781127633506
0.09121097085565355
0.03677978513946132
0.06733033867291989
0.05031580799146978
0.09581469217163018
0.06524161214845774
0.07851910326919069
0.067067835675641
0.05779243194959306
0.06891974170863568
0.06292443891401853
0.08965312192567906
0.06003352730497732
0.089710322508077
0.07095296101591761
0.08235756038465013
0.042336561693092294
0.03305113465460498
0.019089674369382473
0.031235803427818568
0.0975323789157177
0.06890411281608583
0.054575312564241085
0.0998408268784311
0.06324177043697086
0.06421589531287691
0.058381295034817676
0.05078121522420669
0.046460913408649114
0.07512167717912996
0.0766737332960699
0.0690118222652746
0.07815797555988277
0.10033425273979261
0.09079644965292388
0.13660543578914963
0.044060147854858074
0.05851253366627971
0.033312296294421145
0.06776696925311015
0.09883023231226287
0.033980568193616154
0.06688000313673273
0.06434405686857039
0.09994362864701692
0.15724908863071443
0.05484797151871507
0.07739453746905955
0.07450759275491664
0.06101333710604755
0.05821346119396508
0.04950555530760832
0.08436340222800374
0.056643864513793135
0.052288831415683724
0.04573115221826271
0.07120652002278799
0.06196903314112985
0.05712620858926026
0.06982186465240388
0.045506714706194676
0.10333389865183945
0.08083445894029505
0.13447124556692966
0.08305164862925628
0.07144250378968532
0.08591880678557844
0.05956741432529364
0.06500360018238352
0.14681836135875118
0.0648535900328281
0.06963273653128993
0.11570072986225974
0.054182029619877795
0.07796617463832
0.0186171876149345
0.055329419530148576
0.03568999911764901
0.052662367060430926
0.14219462003204572
0.04586620350858881
0.08082719695893001
0.07455015497055319
0.09361034133722941
0.04785704108527452
0.07500578699513216
0.08599597084209502
0.06431825270310658
0.11924663479736702
0.10542916742851736
0.03953702245612103
0.06523903950663663
0.0760270092007944
0.054511895459701705
0.0765603026019558
0.11208825215198284
0.05560315776501455
0.11801909138282655
0.11837546131876338
0.10819219180150415
0.10127314379516292
0.06879286487634756
0.038372769058700996
0.03131874317868957
0.05587373173565322
0.0578486834611936
0.09660388686928771
0.10103829038323613
0.07159090295888271
0.09984986552656314
0.07607962022460907
0.059908729837001524
0.09337864211531298
0.0646160201304626
0.0678362704452223
0.08548265316725107
0.041125646346266476
0.06299967094042117
0.08941530894841028
0.14034491643663338
0.07388860008305173
0.07035982795536289
0.0464476090072429
0.04645177961084145
0.08819916305301242
0.07275126230526587
0.11082041502767025
0.1059862049186655
0.043324607646413535
0.11438227312537222
0.0773780032755155
0.08259645018393745
0.08362888600418862
0.11320688806857503
0.05640089092914261
0.06474185914982093
0.10362044263768408
0.08436583345888855
0.07264657263311902
0.0865454533445872
0.05360070855125456
0.04211744744725347
0.0316254693181762
0.05461433926823659
0.04289705004666969
0.10719403750072336
0.051635691591347344
0.04560307826551401
0.06934404818303232
0.10577643851432329
0.06938679280764527
0.05542531461674684
0.17701195555291452
0.04914785607408799
0.04105186139961039
0.05346892519588361
0.10600701736141341
0.04004546479443563
0.1160205413683453
0.07070576629049981
0.08933016549880958
0.04250501727392642
0.05448620609913116
0.07911096622417296
0.08214616949971294
0.11545796916868215
0.059724849606675484
0.04609724326589237
0.12356604838563774
0.04544759113192511
0.03759709346593503
0.06399783635524474
0.06922822404702358
0.0759733340143768
0.0712383697464059
0.09564651025600912
0.03335236252043222
0.08354071029461309
0.05668928886021446
0.05611770981184795
0.042335283351369574
0.08651724065789958
0.060227842684575955
0.08390071309077521
0.06693732686455714
0.0480465138077605
0.05721052859507106
0.050611335809414085
0.06905664518100098
0.06393917770908236
0.057031670234821086
0.05153588037734658
0.08512899407007671
0.07029758429788255
0.06637511752859808
0.08196031862932544
0.039337230106881046
0.032891376695955744
0.04974320180526518
0.10001810992775555
0.050873183707064284
0.09071941667558446
0.04743159380720667
0.10669957914465505
0.04170671837988819
0.08384736552463787
0.04704829307971144
0.07958805666805235
0.0303235262773598
0.0765248849880846
0.033354733887679004
0.07581327375035839
0.06070394473029352
0.03490117129755528
0.08289487901302922
0.09747112989955013
0.04829850098585787
0.11480090616132792
0.09932457018154703
0.09527887110252148
0.08300938587054929
0.09825812673112212
0.10068076685768723
0.03257754419932671
0.10680602171726881
0.057927644522707815
0.04615948453030938
0.13377152490514244
0.06326099890429315
0.07651589500681935
0.12372127343347308
0.06596599922080715
0.10054247996288976
0.06808198086016165
0.046824521739096285
0.08959666718250005
0.10534597485752735
0.07424293435910757
0.07650714622357753
0.09366995732773223
0.06004316255844534
0.04743292211346062
0.04847363935888371
0.05919516037015764
0.07835414194048229
0.06214378526202353
0.076681912960861
0.0716183185279884
0.10254225470434962
0.07384360150608191
0.08555824479263455
0.06893509691175503
0.09791142575990575
0.08931029358556271
0.08308673910254896
0.0880169551398819
0.07452282653876331
0.07288211247223618
0.07969798499839673
0.1023292211783074
0.03358051245821687
0.1663350647942988
0.0620301673594855
0.07232035288787876
0.08508193662489184
0.09430076499165942
0.07778729571269319
0.0717785195409928
0.04538508643442026
0.13804121795059804
0.11066190748572093
0.11812579572510412
0.10832657592403978
0.07696339113848946
0.07956761994914473
0.08467520097432804
0.06530203286943217
0.08473967294786161
0.08748999227335105
0.05371983831680274
0.08574936367089023
0.12434686178346109
0.12868102238939494
0.055007869259336234
0.04685161908407521
