0.084022103658763
0.07410096359762544
0.055586795250722576
0.0808402821339024
0.022109205685831773
0.07908803440018547
0.058255071005438266
0.053080071628967024
0.10958961579412566
0.08215555538075354
0.033772445386265296
0.04618459384765226
0.04065798923534237
0.0662395761067881
0.05331299585877536
0.08188580480390374
0.17911937400677766
0.08650786895534061
0.05156673404272818
0.04668471501130395
0.08150860227910166
0.05581682802413377
0.16299055617676095
0.08064059688370297
0.05280082330919909
0.03087938173602325
0.05840352500960668
0.06341748600118216
0.05458150858577779
0.1559590089590646
0.042584263721565485
0.13321768518549967
0.09151048507245886
0.08732919761001902
0.06755656990467694
0.09014142532451398
0.06942404831862771
0.029992731977395826
0.09869072151687794
0.09498038853404726
0.0965680701193253
0.0473194554010879
0.04715298255322901
0.05941873374841346
0.013465966870228644
0.07476360503069253
0.07694946580947223
0.06299888024822432
0.10398414287386884
0.0727129063029014
0.0894918008823104
0.12135592373578726
0.08074864937114082
0.09032082664867865
0.11559656650393352
0.06421764106928399
0.029165921195664298
0.035221338741606205
0.06073477411652879
0.04516822444823471
0.05745323367673261
0.16482974208280732
0.08351037880587095
0.07141421765711109
0.06808685439119286
0.0578647600128203
0.08432422049323686
0.05804473971588365
0.04775727462826512
0.04862077572478919
0.09337443543744317
0.08685574696425152
0.05179473625606801
0.054204009365845296
0.0874851424401672
0.04661795493056973
0.03822133560808252
0.0718916726073466
0.07348782102223911
0.06882235088552799
0.08441039338647678
0.04669474805350063
0.0751952948134379
0.09412422027303066
0.09879735465680305
0.08023354608256714
0.06845101261779264
0.06934200211189649
0.03640362829098096
0.10882096179442978
0.04004747326592942
0.055099229702847856
0.10314406535354607
0.11432274788419644
0.09338132938330236
0.10423856564123503
0.05354496461341816
0.04356117410749293
0.05758032447236883
0.07875343075713821
0.02430778241847261
0.14090932617328036
0.0761771736635037
0.07349030651104568
0.07691121051722673
0.07285707676844756
0.06682381627775635
0.15919903367782276
0.07288964299063519
0.042286957131173225
0.0959146884242071
0.04255703516730299
0.08879054072988209
0.07156869752404268
0.09919024221655079
0.06344741295086918
0.06397012260692506
0.048502958364021694
0.06390333623616025
0.07085917824565169
0.056006750993068434
0.049567250626835806
0.08670506003621718
0.07979469527814624
0.07824696425969244
0.06398296975020759
0.07431684898406579
0.09231705798457109
0.12726135041392161
0.04542916283242526
0.04178702745684898
0.06638282884731972
0.02431947453725888
0.046731793728475156
0.05300849238413799
0.03878978088034016
0.0383342062175419
0.03314742383805871
0.046223163907808354
0.11163408243826582
0.08330669341043345
0.06360796886401535
0.04877572866245369
0.055755271055969224
0.05833275257273329
0.05290354214707643
0.07728961612985666
0.09827694067318538
0.0640503379756965
0.06872998216491316
0.07774563261999998
0.14641235653484272
0.04802310503455347
0.11824451099545458
0.1547804977344051
0.05699491976091835
0.09693599869613669
0.07172112896085002
0.034260691152450985
0.0688308111931021
0.03734369243925433
0.07002430846322791
0.08351671510657262
0.046742875571692155
0.09201253946988622
0.08568190832525566
0.07043156483473967
0.05386456088360808
0.061676898128475995
0.05140613551956934
0.09043965541603304
0.06087406182999696
0.06081128534295924
0.0700384821598451
0.09586887595708479
0.14137948033746014
0.0636307726994699
0.05359980221413435
0.043588289523757956
0.09378380030619828
0.01706921230094335
0.10559918108380081
0.05478530481848978
0.060545556316167815
0.11215816243985302
0.0581800235679619
0.12508403139778362
0.06773287048744701
0.09911106679853866
0.08646421904644136
0.07165235147377838
0.08883930860570782
0.06872049472416956
0.10474992833480129
0.11538482474891434
0.07408082124878265
0.09163169341362448
0.05583268429377298
0.09325436208413251
0.046129079477577564
0.05415283948658886
0.06490352097847536
0.10016084072165561
0.09534626679639928
0.07849575087744241
0.05246325586092303
0.1273789752327367
0.05985579993168652
0.06375924253644752
0.05273516743753365
0.072786718527276
0.05467689023275424
0.08063304850249423
0.0699405743219688
0.036454749707140834
0.11610369042292965
0.10754901843742685
0.043039390345660906
0.0882161320568681
0.06881093856881125
0.0446179155096785
0.06755171857849744
0.09536548465355664
0.06087500286676044
0.08049932718804638
0.10244385717106329
0.10127113696247071
0.05065227477341373
0.0665720124474712
0.04580824685846416
0.07713195758298513
0.05727379335280014
0.05608200781951017
0.05697493616519886
0.04116608831365853
0.06057255823269449
0.04635280155918629
0.07446265281062847
0.08399873036568263
0.06825778493963315
0.08276488281355512
0.07275999558795164
0.03426351843824292
0.07323526600471873
0.07328839367322114
0.11179109638990761
0.10560379482218026
0.08507952071658888
0.10029055501260783
0.04787138673521873
0.04651282903665046
0.08852162108735645
0.10076790558270954
0.06253015536571314
0.06040129364056607
0.04602171087389481
0.07627387622631891
0.11571648222599193
0.11737541386510067
0.08603403514234556
0.042924020221498244
0.0786969799347724
0.033302557752478465
0.05882347490498892
0.05905790774929755
0.038842163612521366
0.10339045361721373
0.03635876783728924
0.0944770502833621
0.06894456497372914
0.08118773597920964
0.0778564431369687
0.04245307731888025
0.04704842927303239
0.062061335937744135
0.02926088008041613
0.047018237708823615
0.03794035394575265
0.09260887239225736
0.10759998078100932
0.048895202395984536
0.0913461628875193
0.10541041948140857
0.06943328994889789
0.04980747908465
0.08323789068773231
0.06603582665258224
0.05678248799508815
0.05247100379053633
0.11611633780066621
0.09245972770344157
0.07749692367706038
0.03861162343496328
0.03625328589744273
0.032580484390868206
0.0844587336596848
0.06614242496577434
0.08045411280058377
0.06296710296321793
0.048311643435105724
0.03504404484193826
0.044253672094066145
0.040670932268570326
0.10677317732974616
0.05129809547245087
0.07451183836448372
0.04079919720213595
0.08373241639273989
0.03459589341254746
0.03914321915552346
0.07569552432442253
0.05283080599276468
0.08211225195731357
0.04312223096254472
0.06639928133708892
0.06926189191158168
0.1156430138981122
0.07639377022849786
0.06646700164546161
0.06501668149116148
0.09648393753845225
0.05673579085799726
0.09160238431980496
0.07024382567385609
0.06290443666708237
0.05388234039522081
0.06583960557742698
0.04036870512692453
0.10079770370568747
0.09953737212432223
0.0567514978598681
0.08579571819205026
0.09996697436214463
0.06796805858381323
0.04978007839140563
0.072235639852579
0.06720599935795739
0.09215536184704233
0.09290822065785653
0.044926483770697356
0.06731386886543005
0.15888844311589156
0.03355015350364212
0.09508294346047823
0.10793961009104573
0.07812897496665783
0.06320818764299548
0.05253430440215457
0.06812693177285573
0.0764026985417225
0.07451384786886303
0.07246670957209528
0.060545340929066736
0.059070797799622106
0.08079610648108311
0.05544751034033859
0.07443974703562695
0.08158072913814737
0.06495081542880174
0.08758558026482181
0.08581491925037085
0.06721846861632237
0.04350851319424069
0.06777706099524394
0.08966480216650166
0.10859032456911964
0.10999357382454054
0.10769449986660629
0.0842052482205861
0.1456565753240017
0.05004797729621103
0.06294313372548208
0.15803532645430002
0.0910269960422039
0.04904262382122207
0.05360083371215492
0.09336005321815699
0.11816020957239055
0.03792269172944984
0.07586115765565161
0.07685857600719322
0.07752409568636319
0.08434908573538878
0.03604115881265486
0.06504232619792356
0.12362525337994487
0.05369157736295541
0.06607882680820128
0.08452669784206007
0.1432018658269113
0.06895570483419536
0.07317955701755029
0.03853970763634586
0.09941908682663139
0.05057791688868235
0.0839145518679493
0.08040600895067754
0.10060298441333079
0.12365189844792837
0.08299690126099848
0.07888907400021511
0.08357858539280821
0.05443377500880221
0.04859301362067317
0.06700290362451927
0.09549714499952364
0.08656739045775887
0.06422840066510171
0.039105751774192225
0.09008312333776519
0.057111552300651444
0.08216329099174284
0.06756577986594797
0.11509686490100222
0.05989652077966369
0.07562766731022415
0.032947301669945674
0.03728221002564734
0.11128924074182579
0.05307929479963818
0.04975134088234959
0.08565685548278594
0.034433808833699786
0.05302729220116067
0.06057997313028155
0.0499466440490629
0.08274738702479784
0.08217306377528276
0.05521429692601885
0.05895728861451055
0.07681547043170323
0.0825241523307655
0.06451708339575309
0.06085534369693821
0.052734951339988685
0.1135456524386514
0.058060343617117455
0.032325483713518066
0.06510479373999621
0.08289684810024402
0.06874809839160412
0.0637629377996528
0.08655279004455516
0.06668099741069228
0.09027614636578367
0.041609160287092516
0.02743297407813297
0.07242995002301114
0.06200510855284868
0.07892757332978423
0.055027581598072875
0.07999858454577814
0.05926246772506276
0.08418561041707368
0.1021257842902807
0.05650026422999329
0.14601196895483326
0.04551725228887172
0.0702294311456474
0.09424414164790301
0.031740819943408334
0.11861004712749866
0.05504819864963047
0.07919180449874265
0.05399746499055815
0.05951361349818705
0.07211368955449511
0.08507881599408894
0.061802121394344094
0.05947703068647747
0.07001697807916406
0.13275475130031927
0.07921072257972661
0.01643035503058484
0.07146301442960407
0.06073553712026155
0.06352617602796207
0.05096675787290053
0.07983189343466632
0.10530407786864941
0.10337238205372405
0.040606241523591706
0.0543565312835642
0.07612563172178764
0.06422561458733546
0.13078190765341058
0.09325346490514821
0.06388028331316989
0.06500965360903162
0.05598309629016058
0.0883402225270923
0.05682448778346523
0.09879102006579
0.08733703021862319
0.0754212371642551
0.06370243610386418
0.05246985581472342
0.07532465803596557
0.042301304277354346
0.03497883654661795
0.06868977468656524
0.07005026189902214
0.056657696693421085
0.0547938493531347
0.045915367306428874
0.03033237187610173
0.05370604342664998
0.05456107331844034
0.0843678892062349
0.07711626088425592
0.08098352574471977
0.07973923599605846
0.09167613222365836
0.0596022796857101
0.04835699255425387
0.08245646753485375
0.1168349906280578
0.06737644344313219
0.10535038370003709
0.06787317840101038
0.05162471668529657
0.1610241351520811
0.12310666225367929
0.04813990932471707
0.056047494800400374
0.036194314637199104
0.08473438728715982
0.11048543456039804
0.09983425593777466
0.06222203906271297
0.06872562630762973
0.06814353508108335
0.07223228910782135
0.07942876795067978
0.12947511862546646
0.08830426360299048
0.10261807952591277
0.04248718812135006
0.048319303491247315
0.014271157509718718
0.10444037779473318
0.08255914605444997
0.07979023403203961
0.13523304119088048
0.10641557400678678
0.0604012967278613
0.05011970979214569
0.0683705042771025
0.06556469105697736
0.031666703919645205
0.13182199083717103
0.07077786711035479
0.04673887599880136
0.0931141289738062
0.06407335588783808
0.07684539448511336
0.07811783338899045
0.054137825936335954
0.07738746526805959
0.05833879603566853
0.07718620974231571
0.06782046012648986
0.09048011368416399
0.046987586782996874
0.09877132513535834
0.0775970633007291
0.0848304678832133
0.04674806552091357
0.08893025749191896
0.10251713323842093
0.040205697893599145
0.030919771220042195
0.05892263799316643
0.02046551529091868
0.06400380094880784
0.0655826304647428
0.03277028528949692
0.08774686311968982
0.05483299048706692
0.09053061930391323
0.03963241478344443
0.06108277342220558
0.09453347547078063
0.03507602045526084
0.05425622810092585
0.05879833017356904
0.03640769480929117
0.08643349994299183
0.08203358168769036
0.0581605489500509
0.074351009441456
0.04237955934831997
0.07984638215518006
0.11030930589070609
0.059569978137031666
0.0648955097805665
0.04472087687807856
0.08786810392041842
0.05262589555735503
0.034799334652288925
0.07063891144519809
0.1051810361401596
0.06552568752890504
0.06387886070194314
0.0749334332552692
0.12247725220876439
0.07038040654794069
0.06052091877963224
0.029386555505573366
0.10076899442961242
0.04030437991004881
0.1339193143896903
0.06179179615618891
0.11861494561636494
0.07798124920535046
0.026850547785787594
0.07218875591260568
0.05435083334710806
0.12033713595770315
0.04921947579201086
0.06447813357006935
0.035788375255464785
0.04320944635017281
0.08209698288612224
0.06524642712439548
0.14032630038496133
0.08581528009285992
0.048716387802219596
0.06751488051578837
0.07524685786672593
0.0593366308128158
0.028684440555312146
0.09931824958185728
0.07005430421261573
0.06149731777966901
0.10750064812964027
0.0834458207722898
0.04253774392395154
0.04611029847213939
0.05555378942149705
0.0928252365655175
0.0804889288014442
0.06939534911196328
0.07522335784956789
0.07366476402330216
0.12994563759275454
0.10536435003135251
0.050855040603973105
0.06852750109269284
0.07243042857425251
0.0550627346892635
0.06111262723088177
0.06509398135019433
0.07941979967256974
0.055736782129797324
0.05887513363345626
0.04541140654497211
0.057305970022594244
0.07059696134256446
0.08383930706652894
0.06547039209735973
0.05477748009889171
0.04425071931990051
0.04360101820110207
0.06938164177378363
0.1572665542957507
0.06119947000794657
0.10568870933592407
0.10887228396948491
0.06407555318616165
0.04546820434032941
0.09679516939514701
0.06597890260436771
0.06093463446633859
0.05586109529039577
0.0567232126259719
0.056594876708205046
0.056021033442109444
0.05206968194087776
0.08547572751502402
0.05781899618793595
0.07772955526393965
0.128880581127589
0.045599352002836435
0.06080392499962013
0.12455488174216667
0.10314007553706285
0.061201721984639065
0.11573274836737978
0.08129648058181937
0.045973334640549486
0.05479003537028707
0.08557436384400151
0.10488537859928616
0.10622089425463943
0.062298671888123054
0.020860436468178922
0.04831980250492836
0.07000737717485396
0.028803849587644398
0.0866657766218547
0.05742415261952301
0.04243478427735239
0.09117495919282564
0.045089508638240704
0.0488871039959142
0.07907470365184104
0.07366898722047312
0.04462485278945945
0.04461028423972523
0.11304728792250271
0.07572781528261756
0.09248060559790022
0.06722828973660933
0.07159552312025586
0.031183964706260954
0.025260149109453994
0.06355753140886555
0.039445337179787446
0.08449697236132445
0.048387100008818205
0.04910557635995438
0.04469989054077142
0.11394175791700695
0.07292661914399648
0.06636032588820943
0.04403143586473776
0.10364186805978898
0.03362737305960379
0.056663816166754866
0.07998601829064995
0.05937604271119074
0.05980182858806021
0.06236598921082883
0.04548396534048478
0.09276343803595109
0.08620708368269712
0.05678176620546902
0.059401998360271914
0.09066710741503008
0.030498316215434355
0.09006878398470683
0.058250705312415066
0.03503155028508507
0.09829344678575785
0.08775308065328516
0.026263299531007082
0.06973577132071901
0.14384471261241183
0.10420744733076463
0.11533539563807242
0.08980344911749572
0.06430779761826759
0.06552480027055686
0.06844128552571413
0.11093124234373675
0.08329449625301072
0.07103877124247807
0.08272518016139269
0.07060247763112303
0.09438994861843049
0.09154111598234693
0.05849650216890638
0.0766880581797365
0.03233357645228249
0.04760007926069567
0.061415093791408144
0.06871871970743748
0.06347284794896021
0.042206260033457295
0.10503152737392771
0.08340840976909547
0.066791534196956
0.07297715218500188
0.06334085704601765
0.08105727864273644
0.08955279331118796
0.061729464653687754
0.04671470833431667
0.08393659577066234
0.07289867407874984
0.07597259312915665
0.10652194269343408
0.04370504813674462
0.13190336642204156
0.04740531060651331
0.05959338981044349
0.08826648249045167
0.050139585112183985
0.05488897714354376
0.046789718861048143
0.04962352945659552
0.05355411079184067
0.05372190146017436
0.04935102200777514
0.06570540411670354
0.06864992086124205
0.11490319076048348
0.054102491942935246
0.08254448995256185
0.0779500657790578
0.07877899321961848
0.08764239854706671
0.09839969197024726
0.06289932402797101
0.06435112600575164
0.09903376307373463
0.08255208259976562
0.104032302984304
0.0948195250900831
0.06406233758800427
0.04647684950391457
0.028503872316422315
0.05925918552310209
0.12283282749250195
0.08461106783428772
0.08657920229391285
0.06225538983238614
0.06258059437454033
0.06643147726893593
0.0412770526585848
0.04473247887616961
0.10348813849863778
0.060168142712024336
0.07802757161975364
0.08084690586895533
0.050194493855838095
0.06816068718159694
0.032572462274914886
0.08945967122688023
0.06905091885453203
0.06320007099350149
0.10612926946894129
0.10115880085020566
0.09909947529382783
0.04085147500583627
0.08300837153936255
0.018353891304176553
0.0706889988100849
0.07373719106043049
0.11529979953560887
0.08045878797324059
0.09992107083299773
0.051802439966992964
0.10882842785050911
0.074991388279313
0.09531873886240542
0.07273193451891101
0.09706220459167302
0.04100221489369076
0.08122293903337216
0.08633467096448354
0.11186288523747373
0.08203014051703761
0.05702464274891641
0.06679567377367554
0.057478094245221836
0.04671198464158401
0.03355970087758588
0.06850262216393983
0.11404783033754083
0.09257250410701873
0.06450980141171483
0.039620115345509146
0.0794505333556499
0.07871076983615313
0.06503896493524608
0.07531783449706422
0.08170650360361946
0.0617363417551599
0.07158362890594064
0.122617846301846
0.03917855632931997
0.06566377093995687
0.06533572181497077
0.06247933137090294
0.05006301678512329
0.11067487218395235
0.12523266307917305
0.06244864971924733
0.12010887714186047
0.037627088512573494
0.058568653350640563
0.17140233749227063
0.06956406258680975
0.1373507261059052
0.15480169173766267
0.04341094621030462
0.05306721428301703
0.037315701973094265
0.03141925635005347
0.07707103451685399
0.05931511945250561
0.05741536852260413
0.09089883379243553
0.06527647884440155
0.02836583490310775
0.05394616832338877
0.04942198864852312
0.0674637103937287
0.04476978902381619
0.0985374506945679
0.08446704365266013
0.055132092540410745
0.05789741454604295
0.08185130703370848
0.0899114733678319
0.09165440523800755
0.05256875525512721
0.10568891627516139
0.050974992652770175
0.045616917852988825
0.08764249637990891
0.052786371922907575
0.07370347433083191
0.06803900921497143
0.10711600104323293
0.0730599454921499
0.0792609016453148
0.09553605596246574
0.054488597805514995
0.09165866032036683
0.09825018352101092
0.041797285109528806
0.09239537306609603
0.08976235254618839
0.07723422696299793
0.09226735658057432
0.07714841892097277
0.09829058880647797
0.03526370054182948
0.07281202781866344
0.05075680962904996
0.07102962600772054
0.01903293976775987
0.050036059387884926
0.07053038297712604
0.05823381697769843
0.09412267908702715
0.06619430690324823
0.10602398245206524
0.13818525990370845
0.0838347093072357
0.09832474921933675
0.09219953544712861
0.08472398369974944
0.029758780887788144
0.04955549252061319
0.13392244021874086
0.048477703768396344
0.035393660735644095
0.0598683386358759
0.0746098387863579
0.11452588393181298
0.051053624141534464
0.06976984319146287
0.10230417233709392
0.13882583947708182
0.10605076434563326
0.040841721800558325
0.05593920694477925
0.060444328878092334
0.05704099612682359
0.0713754048132918
0.11463228128654872
0.06877798436644231
0.05241900131723839
0.13362567698588612
0.07992020293650512
0.045970011034114015
0.0803643135120776
0.03249026351529211
0.04431046871724226
0.05868509184921001
0.05698080461320988
0.06800031110851398
0.10455593967573766
0.06255288643232931
0.04369036184196692
0.03223553678185637
0.07236096203449009
0.08968904216043261
0.038858141485391205
0.07799418144418141
0.044199883981915634
0.0677522279036701
0.06634036585033859
0.07176364354310207
0.077752729061328
0.055381170205713315
0.041899581888490633
0.07193081665414366
0.049001921903485006
0.0210690059075411
0.07385387588896454
0.07913239933278667
0.08067990045803325
0.11294183699106944
0.07386878902185537
0.06654087988901747
0.02216094722362309
0.04126688006977313
0.0813992025360605
0.06504503704852649
0.07605688444402187
0.07749338760813108
0.0964064772558077
0.04742606935944396
0.05571717328218756
0.046647069612052616
0.05920394050924572
0.054480269451188494
0.07696870673891781
0.05929406127650102
0.06840207295566368
0.09832984562255088
0.1278939637588322
0.06410586749528593
0.07149567003899937
0.12165219147801665
0.08180819295681539
0.04972167403105517
0.07110406975146634
0.03281990129514347
0.1343892111368615
0.062031258350120654
0.10261780699930374
0.06849274192131907
0.050052931712326616
0.04514096076074186
0.07856591814517988
0.07445245336448972
0.1411278806796297
0.056854775078691584
0.05723195730250104
0.11219564378683934
0.09563679916260855
0.06754231108012192
0.048600717247184205
0.10767419891845144
0.05572560494010328
0.07873491543836521
0.08436205213763365
0.06655234579095506
0.07805779091550184
0.08422853389592523
0.080786557038133
0.05950155246936895
0.04500909419198053
0.12256195982230676
0.07070376805531862
0.07542188097190247
0.031225275900253802
0.08068323611809161
0.06424154303956865
0.06885239400977036
0.09106619652708736
0.11089121329758182
0.053882275373176844
0.09908426475970286
0.06340012672670826
0.08546197958236944
0.07038498704654136
0.11077412339886257
0.05456106487065772
0.06810744110781004
0.11059094893061511
0.07506950949280489
0.051023677391588564
0.08253536108754747
0.032464025061093416
0.029450676160646283
0.11488485030998291
0.0736059747729668
0.08521735596655089
0.0983456294078371
0.06805620378033464
0.03968115017188741
0.08849359803284622
0.05745308123008889
0.07648759393415315
0.08182766959376762
0.07445902465302963
0.05760659781246519
0.04700503336465721
0.07647908625036849
0.07354519852042757
0.08340354013279482
0.06302797785892748
0.08202686437665883
0.08926550364157547
0.05093179914395724
0.03643865890324956
0.07070219627848423
0.07538489846398208
0.11483210096768495
0.07744876967853481
0.072062111272817
0.03183188879488591
0.06414430001834519
0.04504861915858607
0.05648237819337076
0.10046558114172498
0.06873137574386086
0.1399325758639623
0.054336900667730816
0.07985752555272266
0.10827523952901515
0.08430876932938107
0.07994263966453516
0.08134814855353802
0.07531986279013686
0.05792737855270249
0.08608347642254514
0.07850718696767593
0.10793995803986474
0.08899404829477678
0.08267358379174612
0.06993296711151008
0.04901331872975223
0.10412565126811349
0.11886409924301121
0.03169514351779457
0.06320470097123561
0.10430289003329127
0.0759777939712748
0.08372846540040392
0.05757902016099019
0.11203014759896576
0.09389062860066083
0.10730469272060121
0.04044832992437028
0.1189379742172912
0.0554163465554202
0.08450403065680676
0.09425377296276512
0.1384773604218694
0.08864414385631805
0.09300056823062966
0.113701737251827
0.09510896140317088
0.07106563655305083
0.10769140536117001
0.04128139569444302
0.0998065744026294
0.11023797990825907
0.04715699082245352
0.02962562155514567
0.10328444147889443
0.06292081873652954
0.05582735500555519
0.05135642286426534
0.08597028342306066
0.02562623475621172
0.09995983725037481
0.07239996325582228
0.04337237275631954
0.051874291282543415
0.06712060399487717
0.0548141470850389
0.056318912719625996
0.07504680522301
0.07537075918435404
0.06135803990041739
0.10902953560509954
0.05702313949911167
0.08593210762883374
0.050407461001169905
0.09013681010147265
0.06424757892868377
0.06585250290438766
0.037422241208047456
0.08645079020010275
0.04629500796137154
0.05125630716039659
0.06236171512649449
0.09639091181013815
0.06645445768415288
0.07247693595207857
0.09655573400492598
0.04226134677537812
0.07552735255813135
0.11722825684971346
0.10722325831574536
0.09176835124705122
0.06348019265061697
0.08665062585801371
0.05369269844168365
0.062247699183023024
0.029092282823558066
0.08901341468340646
0.05648319134057051
0.08352328310606356
0.07694337798769026
0.06423834074450792
0.048805707846173135
0.08400588756922164
0.024653035460458755
0.05708353525867049
0.06723528338318893
0.08167056233528538
0.08237449183708209
0.03294403312858683
0.08831074407169534
0.08920784773044045
0.0746301925008829
0.07152550043536775
0.040370100320646585
0.04230157883971812
0.08622799319068017
0.052559281412492734
0.04720615097655591
0.04786999880932634
0.03364455631720652
0.12343161396883995
0.07686414061331716
0.0628670650608522
0.05776252555682517
0.0836256161784162
0.06986855830759796
0.032525352960766855
0.07851158496950744
0.058816452467265225
0.054639171572355684
0.09910324146826299
0.10094233783487634
0.07705862713878717
0.07565784170255609
0.11196151115372738
0.025754255484697026
0.08555578539619689
0.03450070701623917
0.04595073620642363
0.06524987877638559
0.0704537041218577
0.04126808559891348
0.05043286064954846
0.073307821654848
0.07163697368496406
0.04813106148080032
0.062044261243424596
0.05997944115533714
0.10988612222607326
0.09077926037163245
0.0917620040419856
0.04620791260284657
0.07888836117704334
0.04132749534505124
0.031157256645683442
0.0851369844890028
0.11526726430219203
0.06875335751646075
0.0602150377726735
0.06954994254252059
0.0850231503897231
0.06495496096271924
0.045045128864296305
0.05523415118975396
0.08788253219842937
0.05390441443409851
0.053536767843608044
0.08039818157450104
0.11072013712239974
0.03704536679345698
0.13073655719579047
0.03676613251635011
0.068728933295644
0.08985800746750636
0.054584968069011246
0.06672818205373668
0.030856065739371955
0.053265640422493224
0.11735774558058665
0.07215654443000608
0.05828573147954585
0.05661388695090333
0.04474781877824433
0.10637871571415157
0.05998154777078659
0.04678273637928671
0.13689545982815735
0.07228526129067912
0.071148589085497
0.08315683087441644
0.06550515299618302
0.02654679146930153
0.057138750491572216
0.10214679185508777
0.06920857157695115
0.07422820891421651
0.046056569227001805
0.028498180412009817
0.083905043448362
0.07354153793931933
0.13146412206741234
0.04439884630079818
0.07480595563490379
0.06579476261635335
0.04728225092686763
0.06588027247892476
0.07926569496858996
0.08570515585138634
0.03081308483934024
0.08183154988702807
0.05114242072635855
0.03756798345835118
0.10020980242630498
0.055517022044784606
0.09653523303775947
0.08136590700942488
0.06693792330848092
0.04799950776408743
0.034859796427875345
0.07379042382857598
0.06888493491924472
0.054543885547884405
0.0779605290332972
0.04356648713904566
0.05124788861794324
0.0747960934049055
0.07834929764730289
0.10538700942721888
0.09812898635253142
0.04637001822249256
0.1029160987888939
0.06993834294646095
0.07147599134730476
0.047018509693504525
0.07496983918810401
0.08804114314016005
0.06942744884354342
0.06439122914570741
0.07517628065278326
0.07090362232402746
0.07368613716606025
0.14841408743978435
0.045097366946710744
0.07267711108558814
