0.07108356262719052
0.08537276370533224
0.0925800692973242
0.05967431334286882
0.07832863127320348
0.055333737832401045
0.05589463109052553
0.046284180414062785
0.08858861678396136
0.0511722012700791
0.0480949005883288
0.09944857444252113
0.030572757436486537
0.041795017241451696
0.0551060034933498
0.05855554956739006
0.057503820130728626
0.07484237598960121
0.07329806446587808
0.0515510221182454
0.08439915771624834
0.0657439644659706
0.04199759090636222
0.052886929770873926
0.09346499222692967
0.05399093977806344
0.06325159348553214
0.049127446476665795
0.07302454164391474
0.0690161297260603
0.06602509259214359
0.10098986310512759
0.07315601774130862
0.04610857756957698
0.07358244697923878
0.13721693753836248
0.062464717437415135
0.044853355895622664
0.1043175235309386
0.04026380592622195
0.08226011059974365
0.14678233428540766
0.056109180446439755
0.05496800223855706
0.06076903052415578
0.0865139453709009
0.10433615539848635
0.014310162265350954
0.0985336576436002
0.15547984531849063
0.0817188224684287
0.017178592945072877
0.05957680503473349
0.08428543262508807
0.07769912536343511
0.04048551532236951
0.07422503430813622
0.07549873112390756
0.057113591408543836
0.0512114234937024
0.03085025269539441
0.04895458953046288
0.10922440121772634
0.13123059339827728
0.08204063046533756
0.06696338912459622
0.07873542948927285
0.11173430679390324
0.0690860334023484
0.047395604988526754
0.09938905607872381
0.08877129980443405
0.04255600213841485
0.07188691649623122
0.08660126871331247
0.1650105464418794
0.05418680881212751
0.059480640785980865
0.05591204406523809
0.0594804816236917
0.120327711919305
0.016506694884677587
0.05013984796088356
0.07522973207704838
0.08578432675620788
0.03530214229443199
0.08912092965105686
0.06029633188169757
0.055008491997142465
0.1055238384774032
0.032420366523766835
0.08958389135377096
0.053084357217907566
0.07008577802252768
0.0726466672966111
0.07255978224688174
0.053738440133855855
0.09207530552857615
0.05308411365391563
0.0715673355407367
0.08091726088243356
0.12780348683190176
0.0845525337161042
0.07933691158549004
0.08687214042564062
0.05609519129169524
0.06968099407147708
0.08531445013953562
0.0971585122207487
0.032397081327719804
0.06343195173976408
0.08386346525481511
0.12487944622754688
0.0682149005487759
0.08558019809785425
0.08453167872822222
0.05462869542514139
0.05034829717326476
0.0948189452067166
0.04660238915363678
0.03542991954275465
0.07603896086732925
0.04873800687849383
0.04975356064067915
0.06623717390684487
0.0643903338452387
0.046820038131108646
0.07311579387272707
0.0994479170708353
0.06444981355161719
0.07009264717366771
0.05593683772872255
0.053761885310544245
0.08076461908585121
0.06053406512197089
0.03520513210432434
0.035848019998262426
0.07522255963075378
0.11253803516243734
0.08755412317341489
0.026595758066252972
0.039836098841290704
0.08219188197881568
0.05480906085370703
0.0599317782411326
0.05206432975593801
0.0840306215447357
0.06866494954650518
0.08108827764031137
0.07570077445013851
0.0684946419128999
0.11711456063402192
0.043294142622620685
0.05661672694338626
0.06787152418854454
0.029254260139094115
0.07278935921431236
0.06000843855085055
0.07702839666034861
0.07719898870743311
0.10275988636199251
0.07741336152769403
0.046099601046954826
0.08846411478593712
0.06971923099600663
0.072449315273673
0.0774410678174187
0.05715223536111997
0.04694622600423604
0.132946566162681
0.048540850896386836
0.05789804462116197
0.0673103222926887
0.045801325470075004
0.05148936008076979
0.04714346788239471
0.10067555037533467
0.045691948611034254
0.08292613212294903
0.05147823296700514
0.06436320597670668
0.04235676920313348
0.03342992798995033
0.07873646621951055
0.08831130330916681
0.061123331635167255
0.0923110328455897
0.057163748344975895
0.07253750156024086
0.042765244937539144
0.1592402284867412
0.06817973576531267
0.07472321225625068
0.045049822841090575
0.08471659241394909
0.0839882775986643
0.06456839144338784
0.11487160583766604
0.055772777065331604
0.06239054819552197
0.07136343586306443
0.10022952501808989
0.04535644703162175
0.04250316581816211
0.0990417332942095
0.02842118263232503
0.06775377384797507
0.08478710016017996
0.04250846130891625
0.07717246204247895
0.15845446242256062
0.05754711921068304
0.06470471829375761
0.020558273442603366
0.11472590210844995
0.10493379485667104
0.07603341149190765
0.036986895229520235
0.09360832507249275
0.08464881203833406
0.029406247386578734
0.04760165865966707
0.08839505779946717
0.03872165743456078
0.06326833304700731
0.042004756802148845
0.05845306378747909
0.09227357446469568
0.08357598517259913
0.12761748889992838
0.09452491162694136
0.06462239557141856
0.08629034902071034
0.08314816064394712
0.05647987102505511
0.04527384711041396
0.11116589590777165
0.06423769297829214
0.032691015688669396
0.08131335858533323
0.05466236200472681
0.0547059356386553
0.09483029757121701
0.09034200982830586
0.05330829929239926
0.17277697377865894
0.0918189959793337
0.08818017665990902
0.10923863532693832
0.13234396810796742
0.0326867511219989
0.03257463939490454
0.0968397882283588
0.08391301710311125
0.09882539357863013
0.08098698144570274
0.07465395117328891
0.039810577185695535
0.10292947437178314
0.09691639188485288
0.08010557673411056
0.10535416471370035
0.06660893467077708
0.0709200094442408
0.09151963477632148
0.053869250314775415
0.08514176853314893
0.06805753307339103
0.05541358228856781
0.07092039088919389
0.08968279785563725
0.08180856453171811
0.0716542356222986
0.06833416660659913
0.06888996702315424
0.0689456859683907
0.05388951896998065
0.11491445158285349
0.1057700096564126
0.04255245414075574
0.08385227871954413
0.08539686874524878
0.10842121514449578
0.05543025653176331
0.048030187375669144
0.054878060317432996
0.04439128171355555
0.07391643030150623
0.020944399034111078
0.06887650195653874
0.07229857431388526
0.04887028214833489
0.09696168334413925
0.06492544945557994
0.06356337666571729
0.06146173941887646
0.08974178848027706
0.05150422248532359
0.0880691509045066
0.045119223923051496
0.06532274377785367
0.060834161099508774
0.05405869191713496
0.12229805862179512
0.11703057818032707
0.07297469084313914
0.08340667039567906
0.11648690742719543
0.05589793651618907
0.06271139115966072
0.09446092770678992
0.07322484185103399
0.07029815228502696
0.12810489175714987
0.05002339484763045
0.07308627373788923
0.14595184300275885
0.08431695661385735
0.09279551110469846
0.10776863724198575
0.06116965741937208
0.02860962050445656
0.12342224038110723
0.032654385099004736
0.06900443290309306
0.04103625650668793
0.06921116188766997
0.04938541300677093
0.0437272217053648
0.12354687244610252
0.06542836695439923
0.03301503005064999
0.06125094301158146
0.06625806110393714
0.05692967474206626
0.08609033181143519
0.07973477252003575
0.09633610918922322
0.053197090524049
0.06679532933639405
0.035057258625029
0.05284591948464139
0.09008611742209065
0.102732278819731
0.10823562726293601
0.09678586444588715
0.06892898794409422
0.07288068907297035
0.07970304285794966
0.07783272806680852
0.09940384461346281
0.02877804321641938
0.06599252706609028
0.0814643911165829
0.048402510592635783
0.10323654751667234
0.055916746886395016
0.11437654395219812
0.04289804572022866
0.08431133148414699
0.08198563452708443
0.09122511090150062
0.06756945142673658
0.053219366838093855
0.0895218041476886
0.06421686040599686
0.058406538264058463
0.15887242342664765
0.06258802707639903
0.06662501811412888
0.06233970831389307
0.115144986400988
0.13105293325606673
0.11352921024486748
0.04849922957239468
0.02862623395478358
0.07773350976316486
0.08091700684960702
0.05611368391958448
0.07363524466943551
0.08284476166309747
0.062602091139827
0.07264602610619797
0.1123173449559845
0.05990201570108865
0.0472728809513854
0.031019051908071114
0.08656283236886476
0.058011832339047255
0.04637694885851056
0.07029020713237734
0.03936210419376853
0.10288767541839544
0.04493092918131402
0.06848061985119054
0.07270139371092932
0.052795550724334395
0.0823897507172163
0.04574515964547232
0.05735345518984903
0.07212182722662482
0.04138348692960227
0.07953525892324576
0.10909383160602723
0.11621679851835803
0.07666093100986551
0.04715483881993105
0.14905382457961625
0.0787282375432855
0.04885037387281906
0.06673419334207946
0.06541942976720294
0.05979845458749914
0.1075376276242426
0.09684657745599856
0.07382484785657732
0.07834686149103869
0.06714278354344962
0.12297894073960908
0.08269245317509125
0.08544930050989875
0.04168387103349016
0.04969351861550805
0.0661992306597794
0.10566376005785777
0.029710591909202073
0.11025320420998458
0.05712315194747272
0.09003535695021447
0.04411794391343701
0.050775522623045
0.10362538986716016
0.11320896369695677
0.05779753232055994
0.06178848402427245
0.04880907184475187
0.025284424296973515
0.07028976753427087
0.10372937648659977
0.0644068602542101
0.08573875062116143
0.06068700978397368
0.033211375712262646
0.0706412726027977
0.08854081304335237
0.04678849089387165
0.0534956280136373
0.08468640660101018
0.03770928667648076
0.05421075445183768
0.039188670848850166
0.06633557748831341
0.05571621373585661
0.07318381670229161
0.0745849643325978
0.04859773073840813
0.02964148159526899
0.036549133806545266
0.05893955460894784
0.08631685670492505
0.07906963755570995
0.07939222488222519
0.10642842111367148
0.13011824349685558
0.07655040572493778
0.05116893054631171
0.07064358644437796
0.03815129205229112
0.08252966910361675
0.022195789224733167
0.0650511248273543
0.10441147333198265
0.03444581730833752
0.08759050010300977
0.03852671336625713
0.11534389434444103
0.03144056497703082
0.0659902309480634
0.15677119216851873
0.11898252285763537
0.17940844073555043
0.12277908589296048
0.05813492735463051
0.08369785963084822
0.11606961459174514
0.13920083043006012
0.0604361804983424
0.05378015633477287
0.06369541962684326
0.09533074583949
0.026926429404952545
0.0584062783905306
0.07532505387618582
0.11541170401063981
0.06697430781937734
0.11259482518832416
0.059656888214179096
0.08471406201963488
0.09568257289857356
0.036371286082461894
0.0468753698743472
0.058798787238956776
0.07896714355684949
0.09037126315139489
0.0674027245457202
0.03634322657485839
0.0685565461254041
0.07757671577555784
0.049031969274323836
0.07898555601354984
0.0890806092637518
0.11604766193426942
0.05092022654901916
0.0851745523549914
0.054934000886345
0.06372714066798343
0.1066972627639679
0.10552313884724752
0.04207532914036115
0.0534329329569302
0.1055551283986356
0.03650060896715486
0.05725928947911631
0.07082024907004614
0.16315105378859338
0.04621956942262884
0.09254919279204299
0.05520236291021776
0.07377456774008409
0.11575528246510283
0.08310201993132679
0.08487641784468318
0.04688379073872977
0.14392256814437782
0.03478608163429889
0.04364508400917764
0.05700318611271736
0.1055089330412139
0.06561044782711668
0.044764410865106276
0.0756438314478851
0.0300814412723414
0.08242664510364449
0.0638421629707949
0.04914286465188475
0.06830065412389474
0.08372540622532629
0.11872097194320741
0.04679478423617666
0.0751770918523436
0.03621529830348819
0.045436906011330214
0.05684717037046753
0.10932140328359233
0.06925813754170541
0.14643705246444808
0.0827320329129131
0.05034536361374951
0.07125329104935943
0.026375441871408365
0.13374313576564464
0.09525658222726592
0.04657042855303345
0.07128117406403658
0.09110931103995494
0.03237370560576183
0.02576813214149089
0.07627406217075257
0.06203829635741652
0.02891402389768757
0.04149251441390486
0.06792386200847231
0.03299390377057873
0.07480322531767014
0.06738340055902398
0.0309377265212944
0.1222414442031535
0.09246446712197245
0.1140798466683712
0.06523612983757202
0.08532079832117735
0.05843438545726073
0.11242918281295666
0.07210396034436509
0.10797576000575408
0.06375376400585381
0.08926850737212398
0.04459096313455037
0.11062027227977035
0.07485899957993951
0.1375126184106245
0.053705597594785874
0.031748360721652685
0.04242843097982675
0.07893932301494605
0.046463854822364016
0.056992125425255294
0.10794658116875097
0.06796997261910694
0.07719878380800849
0.1414612982509333
0.09863390351994117
0.06320173517991673
0.10732963548920478
0.0837796743694528
0.0754969084452256
0.12309285276569928
0.0751613214525137
0.09433741780173324
0.04480542468691629
0.07774693687234498
0.07505044658556023
0.06384110655183929
0.09225318955914788
0.09015729597274927
0.06699829717583372
0.07708719905143556
0.07478533942798195
0.08424155470024386
0.07111949263603108
0.14117669037752492
0.08234694336755666
0.04889556696490178
0.0735494651847052
0.06244971980647872
0.06371823510147871
0.12897135523749612
0.10602235850506793
0.0997065997126237
0.04659543686094625
0.12590923393722342
0.045584067821725444
0.06367312247651376
0.07166824972246218
0.058683379722247464
0.0879923310596354
0.05452334202813022
0.049277723580357105
0.0821238290773386
0.07991873847910921
0.09087082898657245
0.1056785011369834
0.11318663432336701
0.1003052613681643
0.13572152835513068
0.10093156686136309
0.05103668992191237
0.14433189925883
0.0597286498126947
0.0631173145290613
0.055115586409121356
0.0685661461443255
0.09047900244721328
0.0822990360539469
0.07159530866588204
0.05555139219747849
0.04687803505120798
0.0820742166175833
0.049529203802632475
0.05498949418522299
0.05216505887569478
0.05836640338722143
0.0767068337279394
0.09558247555409566
0.07892061097553935
0.07127176795069395
0.07636989709402478
0.05935220627631045
0.05674673473606125
0.04139202326757533
0.0861172607162811
0.13402566016140957
0.11514001324031407
0.04633448550691063
0.03119809343194741
0.08054551571784903
0.04386980682978753
0.0735361952423765
0.0400438202012473
0.04468837019030081
0.07829425880129684
0.06938642007321451
0.06653928843840724
0.07441949650709881
0.07772372762380328
0.04395934824592245
0.10232047664191325
0.054107363693639096
0.05898060394982706
0.10562368304655943
0.04725564966072951
0.0741624452898881
0.06225081027377884
0.08319809693770977
0.049861353088313444
0.06015323377334762
0.05437477720650594
0.1111066810847361
0.052920246476996675
0.1144769391324617
0.05923985947266734
0.09970737036598759
0.11885575394050439
0.10977991155214152
0.06901443364265891
0.0691710404113447
0.047547780677992056
0.07715609828936348
0.084673206194057
0.0898933297783043
0.06016714422551952
0.06146236812943119
0.06455604360603952
0.11464935329809296
0.09828011669138366
0.09318914200320927
0.09869736186594509
0.0843231315132182
0.09230327035381722
0.07028091436643699
0.09316582623038694
0.07143387888628953
0.05496517110454406
0.06986586436895684
0.04770964349122247
0.0695551090634993
0.045150915630699645
0.05220448239369782
0.058178310874926385
0.05721773795326569
0.08608902479921951
0.054458524521151325
0.059996078448143954
0.07104814867339068
0.0890131624385957
0.04730837563641162
0.043400449060845815
0.08158304889999689
0.09534248330895248
0.04441175628429979
0.04337391210765026
0.059221327827868306
0.06361697877798242
0.08204738250918751
0.046548702133284624
0.06373372643864297
0.09360210654399637
0.06016328145029283
0.05030750377746035
0.04936687044466237
0.06534545179379163
0.08145762511332987
0.04657462658008902
0.10508006150792265
0.06928466226462238
0.10801915081479462
0.07485238971730214
0.07786679608483418
0.05913863268924218
0.0462631653873141
0.06915269927651845
0.07735302909467202
0.03648791812496174
0.045253413219743764
0.06707275497545259
0.06677582150391363
0.048251365707023854
0.09409471659134404
0.08384316301231165
0.08340577381120337
0.08075067515876011
0.08797305392405069
0.061992875826535364
0.10004285641689722
0.05867148988661204
0.06832768888493122
0.03755323828732362
0.04639821110971713
0.0554539371486863
0.10590742551301519
0.07694146915272901
0.08809255857683972
0.03188285809718098
0.0966062617251077
0.06560243922149278
0.07371067953743661
0.06221604223520089
0.08925003274709149
0.07403764819076203
0.0656380864898393
0.06758829592503383
0.09343559163531212
0.037524627658451985
0.0627522672656166
0.058528318846553885
0.1071007117712315
0.14128222423492953
0.05258762795452003
0.08304440778273635
0.06357965543041744
0.06811784858413832
0.0685626841787065
0.06307167099872918
0.0719275797703587
0.057247276932129144
0.06975535758127745
0.046912783879222666
0.04448091524938301
0.0788056226228921
0.08477966579876867
0.042444084233823856
0.03513890563586347
0.05624428218542975
0.034459782414405025
0.057797580068509664
0.06442426399768185
0.04051191176664651
0.035151743619603375
0.10124894605145138
0.05258482699317494
0.059608466082813186
0.07792958409206724
0.07560580362085423
0.06690087853595714
0.07227496145661742
0.06538438154175454
0.04267288211234277
0.046374192259945615
0.07165229982638469
0.03925251676405508
0.06368600572535922
0.10306280543086542
0.05055927657730507
0.07073094486503441
0.05883206862230238
0.08065673330692574
0.11596212882855941
0.045175423732766486
0.11184608480946968
0.05823199273100829
0.08693255242269024
0.04576098184793519
0.07041979176617236
0.03661698872084476
0.07996029356967521
0.0483633698154329
0.11884396322386012
0.08857285675994844
0.038379426947813766
0.09886485416552719
0.09023251816710079
0.056455112743858685
0.06097182461785403
0.0641377716349034
0.0641410177441578
0.08588952217319462
0.10634049325217924
0.1297534085021629
0.0620142707074809
0.05107830209191576
0.07317859821091874
0.11617789647617406
0.07760703548290614
0.07411411673982111
0.11067588728493848
0.06991099939140225
0.08153553844423155
0.03134471155323193
0.05675645589185382
0.05394009371722218
0.07454856647347251
0.08605625509113587
0.09211745345892382
0.11750354597023441
0.11025452888110344
0.10661717375416892
0.09944064732366063
0.08206151044125148
0.05144846228807711
0.049259090695662186
0.13266290256429283
0.09508765759426906
0.09069101041829843
0.09571669699185732
0.12047539630094595
0.08000872364895385
0.07949615762184618
0.08488616298066111
0.10254088091469087
0.06602547040183633
0.09971540622786773
0.0651285903226269
0.09893932641381092
0.08172305986556316
0.041661513472757754
0.07794072474230293
0.10439763721614187
0.03497145309609835
0.13490448186716
0.07037069109345032
0.10017952161347804
0.07468320669235591
0.01846490170298907
0.0468730256392496
0.05783687105548165
0.08390746027117096
0.07784337059140593
0.04727426377545081
0.044880274573384525
0.027644999859250948
0.058048906166231304
0.0433185793090854
0.07736235118959377
0.04969350896271161
0.030983545907163495
0.09111573779723439
0.05174975694678973
0.1047407718364555
0.07404445011831724
0.08987260622132895
0.057215412316282445
0.05031751068848528
0.13843188531556064
0.08718697936817421
0.052140802369884276
0.08512152954324329
0.06551628846288898
0.07545972793051785
0.06427822516237658
0.03370826174742911
0.08638257224067013
0.044888007269862744
0.08661671797892499
0.05076934365565074
0.04743129941611377
0.10513147987573629
0.05764526891979499
0.052699262154619474
0.05320261423840881
0.056094932488093094
0.09160886791588595
0.06926769689015425
0.10792318573012005
0.06259801440777542
0.04382286850297204
0.11055812843310056
0.09344386869830211
0.05721801918616224
0.045209121833947735
0.0658613901124825
0.09093369462010496
0.10717445947511663
0.07243877097052387
0.10929156453390966
0.11084116962239488
0.06994488973822184
0.03371642825202091
0.10429489732551778
0.09098647048675915
0.06922676649299285
0.09846108516401786
0.07383314208754023
0.09604664976280702
0.07185799824568322
0.05761941109286902
0.08121090916541132
0.059088239200872035
0.10254156130564113
0.06411847309812957
0.07656366339717012
0.05450400628887534
0.034628891181783285
0.08709415029037486
0.06908055662826938
0.0550854667648016
0.06796300540242875
0.0723298398796449
0.07071067811865475
0.08396251791649803
0.08097582802900942
0.07438451385276602
0.12370755301326825
0.0611084008476211
0.063404981824285
0.08024881891041341
0.04820980466438812
0.0499071228307016
0.06072175179850229
0.09586729593110335
0.06025395460981155
0.12331942263893388
0.07619656445419486
0.07062883884321333
0.07189167293361601
0.05946878961944115
0.061366458397148424
0.08098975174860823
0.08240609602577893
0.08693321204650774
0.11064797005081964
0.039606771075980284
0.03044594926671706
0.11568430927346408
0.09460341580298924
0.09153666132488825
0.06380164316774072
0.09001677959695763
0.08037025506417732
0.08610694030392482
0.09306884478427162
0.09849187171136714
0.05750488033932771
0.06939271574762079
0.07729065762711398
0.07567034231253322
0.07815280265695178
0.05993180331295779
0.056932866577645146
0.09168010419530591
0.037563202396705804
0.06741117528093346
0.0804034916870647
0.06919780396976245
0.10368606541774672
0.07295298757877432
0.09440651867755044
0.02944184191750804
0.1550464798335924
0.0657164202276354
0.0905612070610933
0.14158676877328366
0.05142043269571868
0.059667311240838926
0.06148059412430946
0.05938993176575097
0.07996757163211701
0.06550158940787179
0.0827399384168582
0.029787913306086527
0.07876362194760428
0.061406564334593156
0.07561552349730857
0.05740523373511549
0.08069362806223573
0.06985277908408404
0.021284498700191196
0.05528923591955396
0.0726842020633293
0.09913118056443046
0.06305600151772212
0.08235343690765966
0.06852672943391087
0.10076847451762688
0.10334803944034623
0.04573622203392806
0.0625689789474424
0.08165517095882938
0.07555352402427289
0.11906776559305382
0.06203078458843655
0.10159574893945704
0.04383318456939173
0.03557918948585288
0.08891495206594968
0.06836686074167747
0.06268331009507155
0.013606637910464405
0.08280407018057659
0.09217651898714778
0.08885636104176035
0.04273724805952993
0.09057496676350907
0.0986140826461957
0.08073646192684376
0.03778404852596572
0.051876481508502735
0.04874238925080958
0.072819444601547
0.13421688207992552
0.05486559633108838
0.03902226171575666
0.07179675425241729
0.08289450642311669
0.04601993358769616
0.05393618039987092
0.0843446673432046
0.05329582657578529
0.04109346574576281
0.06445416664107989
0.13418332697096583
0.11532885508651439
0.03258457358248094
0.04072010257304957
0.06652978143803373
0.07559241227381579
0.07743997966905694
0.08497849622419627
0.07964465569605558
0.0641802388175249
0.04679686277823506
0.08095324764911947
0.055956791333008994
0.09714470049465626
0.0682174514660871
0.07895136800457467
0.061098927814227724
0.11077994897480627
0.07602678888301012
0.0539405284344393
0.060895617058938395
0.0449994935677847
0.054073320765717414
0.06319334589667852
0.08682232624585887
0.07617507125474506
0.09280567566289102
0.04366012256802612
0.03194848534593565
0.08628881659780577
0.06779733413954561
0.0796492498626123
0.10005300994629876
0.06943619808761299
0.0794787709093794
0.05930106867267589
0.05420521980974358
0.09442735637699046
0.0666704648603568
0.06274973373021221
0.0923880868464666
0.1078876273031567
0.053030183025104385
0.09185924734248838
0.06888446374190738
0.058736981212449
0.12434198496164536
0.07572225804658216
0.06701123226228249
0.13165149226148012
0.04854551356969809
0.0702605409482343
0.0222348076055992
0.07507490277719978
0.06570289471085543
0.07396779754519893
0.10375043137264872
0.11855771754176185
0.043110062491727184
0.05689692662153199
0.07815709927134673
0.04531508313873508
0.057931608040884625
0.040834697168676284
0.03376242337726049
0.06425698017231321
0.10055266556855172
0.05554769562575803
0.10352061217751676
0.04784914090552873
0.06827864790685081
0.06237107721917076
0.07972719541127786
0.06115714507769687
0.048062376705675126
0.06907656762687223
0.08393144096326716
0.060579104771044036
0.104233219156286
0.05276081343263797
0.10590493624010147
0.05861504804992198
0.040349742588859615
0.08085750188456035
0.047202516182917195
0.09308555412807602
0.09607978183817212
0.07095826631406714
0.050285471155846875
0.06939385278927465
0.06630127344149622
0.06105728283249108
0.08680119809265255
0.08000664509010812
0.054856232139364115
0.07733566026329504
0.11210964147539794
0.0845843150823169
0.03176522287100666
0.09907825308516857
0.0804025329487169
0.04368165559123472
0.09705111351044628
0.06542918000954556
0.03891844042665031
0.09270412722002162
0.05021432930690366
0.07390867479829029
0.05063753367624122
0.024360999127197705
0.07367682525364075
0.03304103120044575
0.07649835396192345
0.06647666429309985
0.06537269210836721
0.06162253555710726
0.048420028627485366
0.038018092745771045
0.057487333487912226
0.03863109378327928
0.06379428673145238
0.05253913788479606
0.11757269352709246
0.037205618472616074
0.07169004729657633
0.05625556136625126
0.03364108340174948
0.05165581800852165
0.08705024215388099
0.0426308626171932
0.09925535255058955
0.019032277759008807
0.08299839284408764
0.1000776991021938
0.06777676402353054
0.03493503744824787
0.03305256354936251
0.09276950349693168
0.04106894424302505
0.0812379870771508
0.10780734263730056
0.0697150489174831
0.07936817345416178
0.05641443648620699
0.04740619980661459
0.16131533603972487
0.07596633685907694
0.09474737309408096
0.06425594948980483
0.03464295092630843
0.08792061455715593
0.10074949556058882
0.04061331256045811
0.08713258760425116
0.07734424158513611
0.054466482140094495
0.07655326513432964
0.07029527408612454
0.08592726820702157
0.060045486758335334
0.07585588126958169
0.07096187669292414
0.0412776469294461
0.05571833270315799
0.024327169194509776
0.07561293827349891
0.06984253856642812
0.06473940425081033
0.058357500719101014
0.0663797850627747
0.10684829936979671
0.04046354781270096
0.053285018892896836
0.07347060215713434
0.06336862605065162
0.07409009848783528
0.06374196717136628
0.07202403763455816
0.10043616148071709
0.031237700637196143
0.0679549617461346
0.07719686439358968
0.07049648525784183
0.055649179441130785
0.054608776911273846
0.08112245818490653
0.0859130732917263
0.0920280697277201
0.05658754071003028
0.10115854492247972
0.06639761571789528
0.05263835293384513
0.039029436985935057
0.02569278471290619
0.05761807679661755
0.09931275016664994
0.05480911078187379
0.07459930705372055
0.08995461031691596
0.08370992842997643
0.09296139596933632
0.0247812747710978
0.07836050085207598
0.04688587840891537
0.06740321111239109
0.07843460061638917
0.0500313988660716
0.06459375748393446
0.06865773220603592
0.12492601433716746
0.04968329525128751
0.06675321023372464
0.03665061055291014
0.05431189501295687
0.08421001263410713
0.04151051178435355
0.06450426605512274
0.06241942338578403
0.0882299174548816
0.0780477146150521
0.06412913346183287
0.04744990359813779
0.06500939130526459
0.08037406988823932
0.05686135784575692
0.0461098052191223
0.029163205670002742
0.11120418294097043
0.054612480147649085
0.03396797828925869
0.07189538989384597
0.10648052208462247
0.0834410483281298
0.037441101315979955
0.07891280661877878
0.05479398759435651
0.08789851248980997
0.08466219104745547
0.14058051845889272
0.13882731252509942
0.07208424903474357
0.05698594807784937
0.11180674797322535
0.04986086744579889
0.15802691011286174
0.06613817204482224
0.06830057646490234
0.040815107288557195
0.07839230701118814
