0.09975273681697026
0.08964503419315151
0.057427796895332624
0.057118915436168156
0.04384332016993633
0.061552682295431475
0.07141485944067262
0.11896010106158918
0.0555177612417488
0.04000947135254873
0.09139529344025392
0.07106433730473104
0.04751102462771572
0.03767424269933716
0.051632063128170105
0.05875548286228999
0.048231588331558904
0.049197458426730664
0.029561623307223454
0.08854013672167671
0.054913287016797305
0.09504714472203628
0.11200200534694317
0.07382830069427526
0.07194969434213816
0.08105893036654023
0.03971187125461084
0.10807985606331866
0.06557753966872362
0.09978918593765941
0.06014967034698063
0.055114426822519165
0.09389911838222986
0.09878970135644914
0.07287684903530953
0.07600878846612934
0.0474140688949968
0.050766938311325914
0.10699425682617278
0.08436766634036527
0.020651314142094895
0.03509975396937012
0.04394134480132183
0.06982106607980014
0.08464203545144643
0.032785103753899196
0.08326652766259168
0.06132861244281755
0.09094584001688144
0.08012717390465973
0.08199506915363898
0.05542797454895964
0.09271520104274085
0.08422044182425138
0.09510199473298345
0.06689809042650015
0.05653297220482798
0.06469403843607549
0.08750449803580508
0.06518167222884928
0.09564802116675289
0.12292385900641643
0.06433181319797424
0.06469504221643649
0.04899706999281135
0.08623772106183336
0.11636914589369639
0.08729860968038683
0.11484805464430298
0.07568037421335741
0.10450913493266058
0.0887090233415241
0.06226140665289976
0.09194916097068546
0.045394565057081886
0.08415633504521443
0.1321795350850233
0.05609445624926778
0.09706644753388297
0.09254562737579797
0.09080834730661819
0.0185001818351898
0.05568091519162455
0.08902257584409892
0.08419323254995437
0.0703832604940795
0.05852278154841339
0.11627357417630502
0.03200422780894805
0.06745216956652304
0.07152181179863557
0.11555438979775251
0.0457405877596187
0.07238380586263878
0.08144726558818724
0.0765402060617563
0.06392551662592683
0.05210929538426461
0.05531706344161932
0.1353664222877276
0.09706456676969497
0.11721353206542415
0.05496286734586711
0.11495277831392897
0.0777536913156549
0.0710037138789482
0.04929064545930794
0.07877520494192185
0.029773288653318745
0.1127774196390446
0.0793650201445648
0.04211952771553066
0.05359746498350332
0.0706527350661847
0.03792302717886891
0.11653106272414147
0.08060913755309067
0.08457509196223194
0.041717234539525715
0.07172608742300927
0.03387019827836412
0.0623830613971014
0.0860851457017193
0.08024528285559987
0.05481431259289178
0.09303811301585815
0.1173916564198112
0.05770326593680967
0.06327698857577682
0.05150378719953387
0.08808534036206848
0.057965211690553756
0.11120236835771082
0.05993711507510948
0.128868527283674
0.029010360308399596
0.04085985543271589
0.03046503289609141
0.07960013128655069
0.045290166750141275
0.03573258139404483
0.08402788665787302
0.03951407331915167
0.07551576530243669
0.13020069152187044
0.06623539263831142
0.0596086347456598
0.07505884049902663
0.06138794719404846
0.08636193701027862
0.10949374390760695
0.03519671476302385
0.04605062976541217
0.040511181981083735
0.09467217258337218
0.06553192009837666
0.0660852327122864
0.07693480112263246
0.047801204066934014
0.0880304111829716
0.05564442553863909
0.06021544223871098
0.05602447806891162
0.05021857979566984
0.05949451047347645
0.07793375820783963
0.05279861682364177
0.0613107765656229
0.06691413164248537
0.06805677369576558
0.07534059134081415
0.06728462083062639
0.07573464553958938
0.07746151397331212
0.03861186924647976
0.0698900564301087
0.08399953948105847
0.055214402855454855
0.07673111982825641
0.07216268076496306
0.060001958340821
0.08447371714915305
0.10449883409022216
0.06751447093180578
0.03907664581308407
0.06920091283289087
0.0814526155699587
0.05730329513836071
0.02847840109447546
0.09028353448480739
0.04937199226389363
0.05731718393801216
0.07445036118590882
0.07257841961652803
0.0626250594918079
0.07857828572328672
0.07690062878287703
0.09707662630151491
0.048629649733588055
0.11494559352842187
0.07273438541756821
0.043777001504929275
0.05560976240891569
0.03659021593542162
0.0875667505341859
0.11525708596425197
0.10687417759084968
0.029781691673594807
0.07002317421835716
0.04799614517522183
0.0845596124773826
0.10256103677461396
0.0735084227948799
0.05706194798308447
0.07458663716679191
0.04002744770332363
0.0651091312250513
0.07984322824312819
0.04452416914854065
0.10183859922074995
0.046629693419893925
0.137740212651771
0.08545887782677677
0.06257452518996653
0.058885023728822455
0.07148827224094409
0.0972604415290151
0.059778607201427414
0.10841750742480045
0.07869910084231335
0.06933540836516199
0.17416213888625953
0.13531055689372207
0.06135822358557525
0.07094640844218401
0.11356743731378904
0.06803926822975565
0.06581654016483465
0.12342400955285836
0.061798467864274294
0.050365570490330115
0.0829714943728348
0.07131065367182951
0.04192481701125694
0.11557485405991405
0.02440898416833198
0.08978823419229631
0.030874291739302038
0.06241865220228499
0.10523888093067935
0.06873622574872185
0.06729619571137775
0.08561048723326171
0.07786810762980098
0.06979849245299138
0.07586824619152488
0.09715512669495872
0.058610671629383465
0.15903545781508488
0.05364487018469099
0.01658222620915003
0.13946830756617187
0.15610789412939977
0.06641552186790939
0.0761463494182115
0.08772429513514425
0.0352485253461572
0.07310761438010856
0.03478277735750141
0.08204053947983568
0.09180995485995887
0.05592944646746182
0.06052478549076057
0.05610502991494299
0.07056182364210455
0.06829166915064927
0.03673867718482399
0.06939496062943311
0.0653678898032121
0.08548614966850117
0.08044421491051729
0.07877755039151138
0.07131908454098429
0.07708490389825266
0.046568592308639245
0.07053380505021184
0.06282211811801863
0.11913851213860883
0.026685850880791357
0.11156216838192524
0.10830438683589241
0.057871745290406826
0.10112797372744188
0.055950022457294996
0.10598834282528707
0.03322469176944987
0.05626051884943007
0.09510361972538277
0.0970287445341103
0.08328966775497522
0.05464660543706919
0.055881870665156576
0.0465973078182179
0.10970738130468506
0.04663893491111344
0.09231660106013678
0.0739336928632505
0.06708044241167024
0.06080130125497681
0.04914803834591508
0.0674781394873937
0.03350824527005245
0.09398659097673817
0.07437944231784245
0.08916032325370905
0.07656222776427067
0.08318682522575735
0.10789025973599155
0.05053815704616398
0.10042929681716778
0.09533454847718908
0.07729347906248392
0.03545806045094509
0.05574451186861168
0.04378538132697216
0.05511848523704013
0.0586455816263189
0.03794257877427513
0.10760713080832669
0.10580639569217269
0.06874467949873277
0.06826497430265438
0.046544140268097785
0.11764186951886024
0.060050974556543436
0.05624105808476615
0.06890474050115476
0.06264985794621912
0.06529504037366606
0.06352188865049438
0.07690479751944286
0.09956612272590266
0.04054892552446883
0.06181355614233231
0.05823732338529425
0.04684031028504366
0.04351435209149714
0.07162354611702718
0.024337557049528162
0.08213623755426715
0.026457556857816318
0.12937551062860062
0.040571886892115244
0.05760667542468228
0.08380512361130119
0.08108794521838134
0.046987267507640554
0.026973024315970637
0.05368961238818381
0.07964309351837068
0.0649251470519994
0.06839992986032799
0.14761107192868222
0.044099206855597824
0.09921012377811185
0.10473628097442333
0.06122866024270406
0.08164991757527561
0.08711367642855333
0.07512210005672548
0.07177151558917616
0.06907433342648568
0.040353496650904035
0.051092410414897656
0.057024278698174266
0.09545015124849413
0.06016353774075879
0.025816104488198287
0.03393587849674685
0.04586854497227061
0.028716672433595884
0.11209451703087796
0.0646091690231603
0.06809156932705267
0.0795704524762435
0.05828511181309013
0.06842107706418848
0.09711142592418148
0.048955677412422856
0.02954254360769688
0.06465959855832668
0.05427416444292226
0.10260184505540411
0.13180536718483124
0.06315576614537595
0.05612806706328155
0.16168600179570444
0.07403916561682522
0.0376712746631281
0.056708107479546
0.08384973613536256
0.06846102199500675
0.06018992509985927
0.03377319557134816
0.024916155496219946
0.08130583392482746
0.050975306461287444
0.10840246812812691
0.1447019003376527
0.0317947720258382
0.08593657871966268
0.044615403382367205
0.10137982187267702
0.08351059170196469
0.03650913317989068
0.06932323208280877
0.06550252618923542
0.05486484786627952
0.09018726749327437
0.054652708864645176
0.08696806853303193
0.053526569823174636
0.1054401697450295
0.09247710870204193
0.08350337411855867
0.09114531714672777
0.10729801251059812
0.15810720932471484
0.0787930589030386
0.05187838705384286
0.04309483595794689
0.06775064139287384
0.03062991609344752
0.07139940571206292
0.07885834082891904
0.06376894813304299
0.054674255760446766
0.04253608762068598
0.07919829745001361
0.09890831018934798
0.13021396337599672
0.07303949000481288
0.06243317948037884
0.07465024800144296
0.0708790350457156
0.05459333534862348
0.042724764162832746
0.083435024970993
0.08502122116122428
0.08068392511347258
0.09735037891539343
0.08023787705196032
0.04279635385776498
0.04606623420262306
0.10456889623919607
0.07537197253213537
0.09242143350091199
0.031225670286207603
0.07551947002454575
0.08981157535768713
0.06414030299263651
0.13331832541327415
0.08541531978535295
0.0724276843709096
0.07768513210795444
0.08118185403046148
0.112750511806511
0.07213258629635354
0.1580241868693093
0.0822509071219738
0.08392761486912166
0.1338754660917066
0.10342695552121894
0.05587659854496138
0.06934787168504321
0.0984311617666174
0.04251283984350314
0.09595759320347315
0.1110830519359835
0.0707335806478807
0.059676625016927956
0.09937532702942627
0.1097330669835982
0.05651407484740462
0.022306150492819685
0.052700834861165294
0.07435666939579137
0.10591719131711658
0.11051610292701447
0.07776870903401162
0.07415174434021683
0.050450493728417145
0.0729705832652582
0.085596765880408
0.0673680155149776
0.06659905862072715
0.06731731469518158
0.12323599357675236
0.11244971081334763
0.08087402102999221
0.058793409657719765
0.04397323763112253
0.06283855533186308
0.06162476976957446
0.05613696763145751
0.07896069866758895
0.03528330026410553
0.07427071544606571
0.09363074976612523
0.06876765840742015
0.10053290509427598
0.06478728918956078
0.04295203156338624
0.08496441722003659
0.06733423121247388
0.051791266182918676
0.06686158589860361
0.09182662355063968
0.04709149117145798
0.05723521521124863
0.09472347979384273
0.07040208475403141
0.11210281193217253
0.0953369735342866
0.02578307102239036
0.05920172832033913
0.05982714373820869
0.12068864733901807
0.04349232241357623
0.07635730315372506
0.07573325892688193
0.07484407588558906
0.06763702414949495
0.108029774511617
0.10021121833896253
0.07003582525417833
0.06077595366269571
0.0664688377787694
0.06860824916568699
0.09047046741130582
0.028714607498506177
0.09338250078133147
0.04597534205096694
0.0499223650323416
0.047494354302379
0.08872408029344467
0.060869701834801886
0.08437683388725897
0.06831450529963087
0.06433986479277808
0.08820260992238464
0.07326892031534964
0.04541288108491252
0.05558905373099547
0.0590638701831945
0.06011620327112945
0.059260809014102335
0.025305914336027822
0.10333816089098301
0.08417981675909476
0.05072318211082908
0.12506111384278407
0.08252335324231948
0.08448570575850779
0.08493599513011832
0.045469538940791164
0.05454262531323441
0.03271155178124241
0.07507864064026186
0.05679771492069406
0.05015497356216917
0.07085600036717751
0.031501213336693985
0.07851358551316
0.099951071277025
0.13366864233803616
0.060162209245348694
0.08899821252621548
0.05844616793973719
0.05047443338974433
0.02226646868841734
0.05347539535117375
0.060307329484707434
0.07127890789696598
0.11355635712584256
0.04622358075383648
0.05409774059473119
0.1129311730344755
0.06269771572596529
0.08118744630105038
0.053948389453997735
0.031338396408349886
0.06332540767148206
0.14160366506247318
0.07664104895329354
0.05349594799446539
0.0582402832436145
0.04765177769365324
0.05599386453911093
0.10064884515200638
0.05602023905068935
0.05467931632081878
0.0673299747453643
0.11068168778484502
0.037885996195213316
0.0721856683885337
0.03855972348808236
0.059579008614666126
0.05763944310971171
0.05982253200013712
0.06823989933089965
0.038207904264019446
0.0682974926219679
0.07439527114185727
0.05757820943111828
0.05127952070772254
0.08891439361584877
0.0499905383804561
0.06385704874022016
0.048356138336372784
0.06856113733466544
0.10081482013237257
0.06939253381995622
0.0708403394022789
0.0898099045675773
0.03423206813552184
0.027828267828256318
0.08639608971898893
0.07005770343702894
0.08682973289656226
0.09437095366394045
0.036829116517299164
0.05425135154016315
0.12870118123734653
0.06779608702871542
0.06343952029525712
0.05428300774642659
0.07457999363807602
0.07266376882898501
0.0490354550661057
0.09375216625204794
0.04284092657463284
0.038798987311185994
0.09183813556366147
0.0856839922796197
0.06497496479207245
0.05795230732230423
0.054005987000115614
0.07339611025813922
0.08065088609623076
0.04672135785880225
0.057070563063521366
0.054678312336649895
0.04535435018061498
0.0860123930274353
0.08467082141326675
0.06604654912701957
0.06696347736050202
0.0935051762684236
0.05294140139117997
0.03318240676643931
0.08372978270106413
0.04768275245375053
0.0996627379677637
0.07220208646496112
0.08496221349527677
0.038885313718442574
0.06684626771535077
0.05517930667277163
0.0740361660043527
0.10423955104792769
0.08500480563358366
0.0691019210464114
0.09959430559525173
0.06087686071985555
0.053511908941384786
0.11785857546468556
0.08116111647779248
0.11571477265367833
0.02982476495899819
0.05334290618718076
0.10664171321517338
0.07224929832991181
0.09473038164662467
0.09199386200161473
0.07873373926960524
0.0758875965290567
0.05632836482078631
0.05057791772475735
0.03757476440013234
0.04433462633710195
0.04064006376967504
0.08186895670781877
0.07327068572270402
0.047426034985848645
0.06982473857844082
0.09618338476631379
0.08104899364223868
0.06467109678976488
0.08396606835189525
0.08504483595091837
0.07019760812218329
0.05437255051532311
0.05882839111614623
0.07801874383998471
0.11918042106366881
0.057193411359463514
0.10587002816524416
0.137798178328727
0.06440558782059308
0.13420019439139896
0.1393648811954723
0.06387724919478036
0.04883896670154108
0.04493485420677613
0.0451075479420974
0.07198613271330173
0.03323981427645806
0.04763157000474149
0.03243956718949187
0.0824729139359184
0.05275626921032684
0.11939190953827875
0.08281839057686469
0.09088132399952085
0.10567757801718845
0.0854050163262149
0.09994062408867617
0.05818943852740572
0.0533245831716298
0.10570215046374941
0.08444065254279727
0.04617270791516721
0.07093721318699334
0.05112030000289546
0.06382034047450469
0.0998428110620328
0.0814853790449723
0.06333726793559655
0.10729513526066674
0.07012303174660003
0.04671047942863354
0.06607877425635046
0.12803451421290815
0.05716085228728727
0.052356600336200404
0.08523944963950068
0.038145225484997304
0.10343502443873799
0.06591799996315627
0.07121577176402115
0.0962334672620745
0.07819491758786094
0.0930795880209744
0.05730820933834074
0.10391144805180684
0.06480949937057186
0.05275028435651571
0.08551688372551289
0.05314910327897806
0.08277621609377718
0.06382025254584407
0.1154191071408211
0.08280195334800428
0.07746221718626821
0.07749115410263534
0.1655298096224499
0.17956715264381296
0.09267750341420612
0.057811399963166143
0.06584127090398591
0.06554535711247704
0.07997687633574009
0.060010177765778126
0.08592273152563808
0.05941510383728394
0.09012324054662825
0.09367873407354568
0.04257080903439651
0.08950776291586705
0.07482238373364754
0.04481729839537589
0.08979339994485057
0.06581985852200296
0.13598814212718077
0.04868701748991629
0.07625406438526647
0.03110735457006395
0.13475001327826575
0.07233066536350993
0.11413907595386583
0.05220271863349914
0.062330389592508834
0.0869857793845893
0.09026936285257862
0.09029193787113707
0.0627366252227593
0.10504390183770898
0.1098567143566032
0.07604412439130459
0.08499833268447166
0.06847788995485224
0.1002987599506299
0.07816528633269122
0.06456091976000033
0.09136676884899479
0.04097897334301651
0.07602436799010522
0.05153616479471393
0.019036770082257657
0.08626867365349264
0.07716757685251976
0.04676650147662324
0.06008173099109776
0.10053907456919121
0.08651305732410638
0.07980687467302619
0.07796642008647217
0.10310741139895892
0.08304940941840605
0.05488280098022156
0.06653793448909905
0.10619100189390895
0.06361488629346107
0.1466488355450126
0.053862260086810776
0.063855744486766
0.057394872751171555
0.06913639175068803
0.051786665885853164
0.03676308275776994
0.06389114187863706
0.05494654144232534
0.04218171475213296
0.03316271592731544
0.07682082293827984
0.09048208199127099
0.046465404192330265
0.06364440461222146
0.07315682885793068
0.0347838537882979
0.10109443242547912
0.09304127801663006
0.07288792918961394
0.10367269778705557
0.03192299951113261
0.07592728678156617
0.0524483366603979
0.07195543063649394
0.041516640138121313
0.04949179190945703
0.08638503414841246
0.047032879442020385
0.049039240038551875
0.08670810627076518
0.07574404520175673
0.0645045688231201
0.13106208747914017
0.0799896383649429
0.09227077010462499
0.058506596789596355
0.16329968941736495
0.12302529084867544
0.07981785213436168
0.09966564153352923
0.07823886823508412
0.10454145430273391
0.12658264348663648
0.11493933374293686
0.0924954849280674
0.07531239412812496
0.04823043628335634
0.06263074367549601
0.08411826249253293
0.04854799656885613
0.04866959690260907
0.07340626984599888
0.08247501041844961
0.04656597419984148
0.04507009438643985
0.07495456476410613
0.04689861418728347
0.047509071815820494
0.07542010624017141
0.046873472085625624
0.07407995996921103
0.08874794927837629
0.03646499802772374
0.07783634336561482
0.07342684928060246
0.03458651550000808
0.06146227961262469
0.08918090834704812
0.1461712381501891
0.08103237218314188
0.03523410806240455
0.03919563710185274
0.058647049856692064
0.05243153675720136
0.07754570826306428
0.054754036954369735
0.10820141772762837
0.06281754545232969
0.06893353535253378
0.10940375215807571
0.06586794321166281
0.04149673592307317
0.10542081144928994
0.08245197063204328
0.03921092741118569
0.14465827450688204
0.03491849838843717
0.06641668724455732
0.06864285833104443
0.035922024596226905
0.07394321709638928
0.08563798167875904
0.044208847787700074
0.08691065322223974
0.07534302179420925
0.10531750023920251
0.07614414122240937
0.0354768226697578
0.13267712936773357
0.07857580389837573
0.055106974220906726
0.07304378528011846
0.045169825625642764
0.06384769518570217
0.05799226151070894
0.06884773929078641
0.06397942631329763
0.073137111666065
0.06952945619105144
0.08867026860184933
0.05688683000596528
0.08499931808464405
0.04778675198876172
0.0734242113441654
0.0925227703011513
0.07213650653746939
0.07774950366333168
0.06948695712438901
0.0973197419503313
0.12369643424974057
0.08084800149584591
0.03014443440690095
0.0668254444801706
0.07376879581942741
0.045309093416079145
0.049841814298777855
0.08184473578911021
0.039380169727018424
0.08872122471616875
0.04275182338353661
0.062164367591718395
0.05526200882527068
0.07454123611929572
0.1158275385153455
0.08871924760662245
0.05523621274343324
0.09894196051490367
0.04502618282984404
0.07212546043773903
0.06454182690766368
0.07751521671889423
0.06382348306231114
0.0893334803606641
0.032755396325476395
0.050115265992374286
0.08446102452668368
0.04916210406830936
0.07757760177734453
0.11461181038217771
0.10434700135706677
0.04392718913801354
0.08001318150202075
0.08270521227971733
0.043008327960588566
0.014344817250466286
0.06918618329513511
0.0643423210692834
0.03205173458542102
0.08719635892720076
0.08475251490817484
0.056670124301529366
0.07417851045013414
0.0927536354618466
0.08244442573425638
0.060838018306281536
0.0582839724208002
0.059462162810727984
0.021057989790364322
0.10154649625679438
0.10735020656492704
0.0878596327573701
0.06570002610293606
0.07054012925284327
0.059686842690027206
0.04260522709577483
0.060614835738668736
0.057004303831777486
0.10073311040606506
0.06167993612135482
0.0453170002389016
0.11037456925741371
0.10020685875332834
0.0802989191496103
0.050224450477620634
0.06257496677485595
0.04962626476537744
0.0654513673245534
0.04123092038855032
0.04963111535294823
0.05669598592149083
0.08214980616904262
0.07118408944375572
0.07848019601702416
0.08556513261286847
0.047013815538930956
0.042513907530988174
0.06802064087751021
0.15778047944719234
0.04092683039002965
0.14102934723285068
0.044920327948230365
0.09307242528746774
0.06308229197076927
0.08283487966058492
0.1388663094082642
0.0933521980186109
0.07490676481973974
0.06924439495220341
0.08123954469547914
0.08302533845769303
0.07749221232403009
0.07459450152531079
0.06492413196817931
0.06147196609688635
0.09309499715610624
0.09941946775460049
0.08064275622574263
0.06590642985002254
0.08636739585464004
0.04551389308597077
0.06400036650892693
0.11565593519253489
0.06418147139405547
0.08312627834614321
0.04781241378951584
0.11256163036886921
0.050249855545193095
0.05742204529417014
0.04334182960241561
0.04946815848151659
0.11718076371173218
0.021489766255040576
0.06973545589395214
0.07264614354474644
0.06948295425681437
0.08002934154549293
0.05733425702880003
0.0453673366983685
0.08390928107867096
0.12427892623193088
0.1014803464915504
0.05670830013472635
0.05141386615005249
0.059316606306584245
0.11683014268366843
0.07057636185165501
0.05981896643635624
0.08254570575900658
0.06292816439291546
0.12300231027014435
0.07768246564930922
0.07901869637169995
0.09604622396612349
0.10376059684298211
0.06871815259393461
0.013730787539537501
0.06656437793578451
0.047329954993681346
0.05106174826515234
0.08683473547183584
0.047143083749398296
0.07442084266208872
0.1554760755936384
0.07914337327261876
0.09338094936958541
0.07152103482666829
0.14202344281315682
0.06702952894849042
0.05322004080394031
0.07893452120748623
0.08256430022587484
0.11733192846343198
0.08155353784945858
0.09220429744843313
0.048853658473976554
0.08019535207894751
0.10619500962894439
0.0407534467770167
0.04232304023340349
0.044655048352248074
0.10711160438034194
0.11085395151216691
0.1599601415232001
0.10300920507405605
0.09921150570994111
0.08761338595336941
0.05164042472941227
0.07791092823827504
0.05543284517906012
0.12526350419385104
0.08080202296149187
0.051774374640718816
0.054145303475914314
0.047116324051154325
0.06347032632594808
0.043256944384816254
0.06883340347833648
0.09684961992045758
0.04702681499092534
0.06028545566301577
0.1046900902771961
0.07228861774781264
0.09111825899976522
0.06872442669987551
0.0846527184482067
0.06121636622490528
0.05412679215393379
0.041134341803100424
0.03639076392153032
0.0647249731444927
0.1131844780559109
0.047125831646468976
0.0580397671558738
0.12044561176346581
0.03314332704201845
0.07352570511489309
0.06883478755692565
0.04127421177792128
0.06865250777969328
0.099871273175261
0.051750462030858056
0.05462873304181122
0.09605194663616383
0.08991523652535188
0.05796047937550744
0.11151510576377686
0.04990448907090747
0.049194063515878364
0.07102640338165497
0.06709434448787982
0.07763000124883382
0.03246118507409658
0.05748288179850043
0.054401612275267054
0.05879164711753699
0.09198464010824671
0.04544393739150509
0.09268960547701012
0.06284437698685055
0.04975169722843368
0.05819611697214665
0.0464112907924496
0.09912791987127995
0.03282436109737627
0.04874224313334315
0.09493014562749989
0.03106855828635004
0.0906091604033013
0.11133517799734259
0.06449954699488031
0.05744768410726275
0.12346575796223294
0.03146703937148014
0.10598739151661964
0.10883076346089138
0.08226202894521681
0.08130202533491815
0.1412428080088082
0.04848106716781752
0.11924453319587343
0.07622816393848697
0.0882408360893648
0.07335896790858272
0.0615811389102753
0.05914866122031178
0.06442861415224989
0.04352001723471476
0.08748634652447684
0.04172043504674484
0.061766240702506164
0.05779698609276713
0.08486888137870616
0.08824824765621715
0.09027231746392735
0.08105072295260558
0.07666186339465099
0.061023318923769575
0.06674253359146813
0.10629894089715936
0.049110492907877196
0.1110463275479182
0.07810583814425279
0.07485159511205801
0.08929100057453727
0.10976152242728592
0.10824955334662079
0.05185387933522638
0.05306775124202465
0.06651251826173478
0.033818544025636624
0.07498655902048863
0.053030804848762964
0.08490608815063708
0.091513277164919
0.149685634498476
0.02884973102735305
0.06288912453101168
0.05832924031962252
0.055066129594618256
0.07249353239625878
0.09085393712292571
0.08224771446033724
0.08657173430905674
0.07272172040055933
0.03719806172654081
0.06608015660068357
0.08683402688452103
0.09462993268387401
0.054241105948758875
0.045521786209402594
0.1416451450352276
0.05496970649028168
0.07978523022289856
0.10791098077299861
0.06978906844463785
0.05264126452278549
0.09929021060323526
0.046513013487507394
0.11526340809834301
0.07019976903602519
0.047547657422839035
0.06818591016056821
0.10658091823567474
0.08154126664916207
0.052791720026693745
0.029352303272163642
0.053664289769528424
0.06403740669384078
0.10335552043772435
0.04819280574116119
0.032667462733104495
0.10088575903826946
0.07896455957648144
0.0904025860979168
0.07595622978489798
0.059400373950409355
0.06602093833822388
0.07168781003328757
0.07990309554618716
0.05430143701506235
0.03471997665467948
0.07003029025587199
0.07383506728151464
0.06330522705547303
0.01726832635822067
0.05327319571390314
0.10310185202037393
0.07398183116216665
0.08648486218157311
0.09900641825365043
0.06973679765268212
0.041369234878081154
0.07777602852996793
0.06421821975502773
0.04059769532431183
0.09106519412925992
0.08320441304308397
0.0657336636094947
0.05514814915439275
0.08329684219531559
0.07578291699892392
0.06396857387665278
0.04674195092386208
0.07685263988839465
0.05723594316055984
0.12430610203057145
0.036679877209614735
0.03928775143996162
0.08183036030964175
0.032576684714370564
0.037335983026659116
0.08638114830283956
0.04212887171470772
0.10607649017419113
0.07553994206688236
0.050565683993729564
0.09883666346187603
0.0781550263123407
0.11092852311607787
0.09540329587437547
0.06918244830987372
0.06386997073303985
0.07267395113992864
0.047181467990184474
0.11893902183507712
0.06631721223923942
0.10025137122245104
0.06937981934472601
0.0696089855183959
0.029197974421796998
0.06668314017787655
0.07902553015498281
0.06278956042126405
0.0676140917529465
0.04500221723311106
0.06571834391888591
0.06697421171102858
0.079809251554766
0.04732244380237929
0.054587871213287134
0.07768620268236565
0.07064406655837968
0.06980736239535093
0.031175603250428927
0.1026612101367559
0.05945511898934038
0.09633869955952837
0.04601881096807315
0.12447312363574949
0.059002061394808084
0.0356414953953664
0.041954192732860024
0.04622695345354365
