0.05335531354746753
0.07558352426779075
0.08827745609777247
0.09313466844090026
0.1119613026571173
0.05369762888347725
0.06464020304808074
0.06779249563359127
0.07291002708300824
0.07707037289542726
0.04603620415021594
0.06242471474058484
0.031412542185351174
0.13033172684764174
0.06959011803207298
0.08208719158301174
0.054395527111414294
0.02186056501380149
0.05796877285964139
0.0746721943412996
0.08146151957068039
0.13310479831935293
0.0710550559625844
0.06679030688765769
0.037509374414713574
0.09253856754639143
0.05639833507526084
0.05253242947493646
0.05797595508338961
0.05666939831687359
0.07928305220605504
0.13781752785637713
0.06511560953120477
0.0680908641719263
0.09161564076436027
0.11746667695692883
0.06405601811898157
0.03151815357798256
0.0734546660328473
0.03201261225216097
0.060358990584392556
0.0618403659147674
0.046426312156383626
0.1137816651858332
0.07786710025195025
0.09900694624217594
0.058384644153935995
0.04615271548068714
0.02417707365249715
0.1455586416783363
0.06512711521922677
0.059365910718828185
0.13757558344364001
0.07220749579218792
0.10009487249861071
0.08154897634194025
0.08026508367664155
0.07853431471937392
0.04761515414862139
0.036980989949415295
0.06762269157954946
0.10274927970663915
0.056269023293098866
0.08279754731426509
0.038149932179664774
0.0726203711696185
0.029250586875011184
0.06791076163436147
0.035744423090576474
0.06160621009991668
0.08716648685019887
0.08187984166131053
0.054257926013210035
0.0637379549411856
0.0892289848605145
0.09825073047418365
0.030709654901394115
0.07336500412960592
0.06019048327695444
0.11027191227088817
0.01891606821511718
0.09945737109148665
0.07815343948604901
0.10027288656384083
0.046458819298144674
0.11208210848569375
0.08981184930661804
0.03982687169559545
0.05980557916677216
0.08886002513991312
0.05415269635361798
0.08722319833501159
0.11076871349583428
0.06801213222706477
0.10663136460162469
0.07633811129446694
0.04174132992823045
0.020522637692497202
0.0797702063446255
0.09991858255217057
0.07036027169025286
0.06740664737049444
0.11290612548902441
0.038525908187354005
0.04716196455416296
0.07884448923570093
0.1080692724558792
0.04014532150508156
0.07144553457862722
0.07488903637112071
0.08472696781134746
0.10578737106142341
0.06684586537161279
0.11430880717215941
0.04588074263848321
0.11130384518677136
0.05391640820027244
0.09905237103048214
0.10203716364309061
0.07631355584002106
0.11250915898752532
0.055995704168116
0.05413139319595542
0.05272010719860417
0.0931221760195713
0.056014963529834226
0.01604924223205934
0.07841666027961196
0.08516439388745883
0.09204585525939948
0.043607920617847344
0.057460804537914245
0.06107536502977489
0.06794730239634725
0.07229890805875566
0.04357376829329182
0.10623113798523857
0.07264178324187356
0.15667006929220628
0.15997988888374176
0.06299261912241412
0.06306741803149822
0.044656893133381434
0.06153363681779835
0.06381983421790402
0.04819210795579439
0.06310467867903222
0.1157564889687987
0.13357672014402266
0.10277940975167502
0.06885817029797074
0.06383799044728748
0.08255561404716037
0.05005605164753486
0.10413905391487617
0.06795510506429826
0.038753640702282495
0.04595941728952072
0.04431818191249665
0.11405714228368168
0.08561738554482594
0.1392287582481556
0.09858824069692307
0.048994572508824746
0.037351268679270036
0.055013708371953
0.07723203648585494
0.06518281664278085
0.05273786423674347
0.09739780207831121
0.07334243555804772
0.07995008926046308
0.0508131435838729
0.0932036776658723
0.0927223896255208
0.07451043221342546
0.07195441927000756
0.11045146718072948
0.06572399041397306
0.07176960975629897
0.046272816969969405
0.10141133788675046
0.056087872835799274
0.06262926518716423
0.04153577926614522
0.08192765720286474
0.07626553282034915
0.07241697557975195
0.04896611937210261
0.05490153712979024
0.07270697564652776
0.10671413485312124
0.06797515600912364
0.06930360851174726
0.08021750131962892
0.056610420302515535
0.046138723640700784
0.06658967798714151
0.05505071321691058
0.057231036680107455
0.06716181877647942
0.0629044061376745
0.04170168202133796
0.09436562075832866
0.0700991361754574
0.04176485561070073
0.07620236033946612
0.030811538054919985
0.07807036446818913
0.05100235910606442
0.07525796942865005
0.0435685917794712
0.025228568655752667
0.04007068637608179
0.07535493922078838
0.07699494621449156
0.04559116878201242
0.05817186601040492
0.06838738970726249
0.08908186918519385
0.05611538325394582
0.0780484062412012
0.0328714225906663
0.05421491382250865
0.05020360713479077
0.07230115381065941
0.10315918700009181
0.07770830802077536
0.08358094227054383
0.053555045772723395
0.12309747644715564
0.05186611339186462
0.04441397407789359
0.11374220070133718
0.096057820657921
0.04190917658704638
0.07607539524760852
0.07398652967437234
0.05950706738603895
0.0849715723607961
0.11504734176977655
0.08958138837010995
0.05164235547653722
0.0560638312550211
0.053946187695778705
0.07064745487854356
0.03968246407678589
0.04850683530209227
0.06350062626598887
0.08867749807148774
0.03313919043146573
0.045918343250487104
0.0748402346310896
0.06353088531573685
0.07031504821772652
0.06563697926422674
0.14228524235007134
0.08043040873785322
0.05064191138109039
0.09512538738235274
0.06382971991010614
0.0637301381728241
0.07663848719740124
0.08347566497288095
0.06966410970825151
0.06318414374498872
0.02872827575258892
0.04599749126063002
0.07108410859607778
0.06704129240688383
0.03928821662896461
0.05474453012748125
0.052279536368612475
0.06350974386610805
0.018136913058198912
0.06237669303427834
0.06078594670117712
0.035402444295930945
0.02047294685186355
0.0725308169920344
0.07040505903861116
0.04541079786980842
0.04329533057898005
0.06825778933744261
0.07948991113480619
0.06377215593550072
0.07125383763225591
0.0718938243700176
0.08202715686947569
0.044497416285337536
0.06906997327047242
0.05636030733349415
0.05300315334845512
0.06742046438660347
0.046883656924265625
0.07294414711837031
0.05637185793343113
0.06685175563869741
0.0638292683865044
0.10544239027437781
0.07578537929974061
0.08991581135456024
0.10658128985130709
0.05279519695461043
0.06302459522195485
0.08001702351325184
0.05944367536459932
0.10727439542530161
0.05586717722716513
0.07763561526205212
0.10020892879068005
0.1060142269536914
0.053106112029173314
0.08456052358826964
0.07816617956567957
0.10627386572489304
0.08270027531513734
0.10678972003340238
0.03456555681077822
0.11784886108074695
0.06715311342217038
0.1219029127890963
0.05866264196766227
0.06001546712712141
0.0832063123380067
0.05371487821533055
0.08007137206768064
0.06549577872334812
0.08204650143533097
0.05596818814288769
0.04148548230465171
0.07553991968721367
0.030270471938376946
0.05901370390703539
0.10455563766109058
0.07464231871399375
0.07079962570767433
0.0590664057582438
0.035950000725462845
0.08608538629840475
0.05991562030685391
0.0317657479021505
0.06395672349740796
0.0677854562778473
0.082764790626095
0.044042835035766496
0.0446083343559459
0.07963098372533786
0.03292481404315359
0.04699200239832414
0.06721271053129411
0.05570690710893536
0.05996990022398315
0.09595208368973998
0.055478706345060455
0.047484198584112354
0.07693907981822537
0.04930315764601386
0.11000296541384608
0.04851838111146339
0.0850155212884884
0.06558987675671397
0.0635899242446771
0.09026172891817054
0.11242110285843537
0.08993515570436258
0.06893472429075018
0.06610885553767212
0.05434604066640568
0.0831836163052349
0.06162475070375587
0.037733689940212256
0.0667612082604835
0.07419155592577818
0.08535925811094229
0.0780010539623813
0.07018292620855017
0.0341825532876287
0.08326377167062483
0.0704040498879786
0.07131861705685807
0.05377993595351287
0.07330160020046857
0.05929080151777865
0.05725789965991711
0.07513302146410261
0.11687944529954412
0.08531929087098776
0.06835779144829983
0.0761771556155496
0.06079158800271579
0.09148906790856187
0.04296899575881395
0.11386089199547095
0.033370810138273914
0.12177316124335083
0.07147322978555738
0.05443462511833834
0.03561589389748097
0.06735864087730387
0.1535357829969874
0.08727519457181902
0.06950462261936376
0.07592457877531927
0.055088293889995525
0.06163881539754952
0.07005317620413062
0.035783927136914334
0.0838908506330907
0.11093795503694842
0.044089045595992915
0.09451639956452872
0.0806392426298438
0.047657739635800285
0.06344167549605921
0.054068867248684135
0.05604323004369776
0.12824909937898502
0.04733030169435245
0.10195837683339083
0.03221871966515127
0.06040993545304256
0.13247376887301116
0.048502130169112465
0.07771259617666977
0.09333290184626061
0.04755369655010817
0.0948487004493674
0.04914039270204544
0.08076921752555419
0.07204909565135847
0.05029003631489308
0.10473585934381649
0.11957788668417195
0.058943497903307995
0.0348580766026461
0.04606446247282372
0.10874693110451708
0.04625235417985128
0.12910729568485024
0.07056458737136248
0.10379440253954521
0.09295032688178004
0.027972105511348946
0.1195291716639153
0.07049219054901588
0.07525999398158627
0.040258352042129325
0.06745862357079595
0.16618278674116319
0.04339950254752745
0.08662229073376682
0.0141539918896645
0.05214709923821995
0.041892980710433694
0.10411862351702608
0.06179619687723162
0.04909174657417193
0.12985398618216842
0.04528073921996367
0.09521576102797477
0.07697818611244116
0.032032034269685435
0.09950411667202859
0.06428181834856948
0.08583403303044915
0.06877808602674958
0.04444883099936284
0.09632884012946263
0.1775475027709867
0.06005971088855938
0.044818823587439285
0.059150889319445656
0.049353173663298944
0.05778265270745395
0.0788482962724599
0.07146950817192202
0.030548857406573964
0.03370114372624432
0.10467503835058538
0.060631356877986105
0.06975414884387263
0.05529523981191812
0.07970113556169658
0.041007739259881236
0.06650712311838013
0.05738638074317817
0.07850793019510308
0.11052297633225003
0.09207894612738908
0.08331067988076306
0.07859038366142646
0.05425758139269599
0.047731115246837805
0.0518329368696665
0.06888754894766533
0.07687723611037302
0.04809926833987862
0.049625931692450734
0.06448414995983158
0.04539021261976639
0.05972486307323097
0.09092749049078924
0.15953406764743328
0.04332028394976607
0.09017563586323844
0.06042235101329382
0.06773948191410284
0.07929038327649765
0.07577621357833837
0.07244500293392753
0.10174940192567902
0.08194869218674046
0.07363819846278212
0.1399381093134326
0.06957285963065762
0.04239844873094181
0.039636846865444386
0.08305933552986175
0.04615724298844752
0.06509249758498743
0.09742105832852414
0.0701882457409743
0.09593261901860162
0.05301568820976213
0.08625134850305503
0.11672873848158878
0.06580574335159682
0.04236556441285239
0.05759852768651789
0.05185220133123339
0.05498126413542217
0.05292670207510954
0.028819806019112094
0.059889422499446676
0.07100814219415326
0.1183353539040362
0.04812364988018924
0.036575205280912355
0.08314836477067256
0.050671699884117724
0.062080149368141435
0.057888858578263896
0.0951189112191757
0.02659014819344024
0.06493127701273932
0.07908333721697876
0.04793875634795964
0.09233837827450561
0.02917422323461014
0.0810307634850685
0.05711977077096231
0.06995063937728693
0.03548013584679484
0.07455139075759243
0.0266140252665036
0.0586190166336749
0.04522738033074827
0.0701439201194274
0.08192806175948913
0.0745278066087895
0.10270581400307016
0.09682241020078135
0.09771601047570769
0.06699462455037901
0.08566846337153845
0.06745753940346862
0.10315683774905285
0.030887102836602072
0.06618164765032063
0.08331769042254134
0.028084743525310152
0.09152093953377823
0.12289213545190164
0.10431530983332629
0.054182201379375565
0.0296326439661399
0.08899381358324894
0.043022356897323505
0.045365242095802255
0.013093546928760977
0.0849533130406223
0.05643566818865715
0.08149372628438714
0.02994902792432659
0.08170001180269006
0.07897571569555176
0.04515062079835404
0.07700511599581009
0.10628903627311734
0.0716092424965401
0.04673890959386965
0.03254204181150493
0.069526541244299
0.10493608739794803
0.09833705734635238
0.06575829223931455
0.07370296321705504
0.0516998391410588
0.07957667929185828
0.1074243999617208
0.08005825108229864
0.09583239349730267
0.07974514405082625
0.07384342968087362
0.07430234500888842
0.07743059992389671
0.06855130275023594
0.09537771077787419
0.05639970945859109
0.07973094154120645
0.10138865346185919
0.09118255889573805
0.08869330305636951
0.06010005591775936
0.07442373092375808
0.03795770429384178
0.08944684938412625
0.08056713828153751
0.06723279704954352
0.08274653822395768
0.02890772629568032
0.021903576142624368
0.04646834677659317
0.06661965661113631
0.034649968415172136
0.03285707596718052
0.0479192481099548
0.0605294133262358
0.13900059871302908
0.061961166262495114
0.06711071507855006
0.08039420743603756
0.07420270848415166
0.09726237000860388
0.08981755884632654
0.070023999488564
0.07581806644324056
0.04442555693318623
0.0665538614687729
0.036232919862929654
0.05812341183098101
0.11678349760980314
0.07348012890074665
0.0923161956575231
0.07139415521813412
0.06354775531647776
0.10010394404028847
0.036467934962776456
0.07603224601762155
0.10553285096222213
0.09729096272053275
0.11864527527995306
0.08110923471108031
0.12285859374884332
0.09937965897069533
0.0656104974966996
0.04310961619981089
0.09782584465377855
0.08354688667876614
0.0793975891380367
0.04590465829328702
0.08037141484753829
0.062409930277179386
0.08640086565276692
0.06880996684112901
0.051850148300822865
0.0650540830487761
0.0452681348168535
0.10136049533634116
0.05976772345672347
0.10087469582872813
0.04691921657715227
0.04616958643622489
0.05838213788612532
0.024175666574784472
0.13669652187726292
0.05619241128892513
0.03187651392120633
0.04818448658879536
0.04516867418696902
0.14063182058431692
0.05337489753325077
0.05659519232271503
0.0824300665923784
0.06167383337865424
0.08019481398608859
0.05940798487113654
0.05308343747966075
0.06780690998281655
0.03967875717656356
0.037073646775004215
0.1643445172863064
0.07167767052348731
0.06195589153045866
0.07883559997608013
0.06409154048818515
0.07740108946066084
0.0532405429392791
0.059444057266576616
0.04856326853054067
0.11395563489410582
0.11882068380908622
0.09785642746959539
0.0683238938356809
0.06906776822088659
0.05781811328630677
0.0602006273580542
0.11724813486745728
0.09238238018758538
0.05612405126187238
0.10599646878320666
0.05739887384490706
0.08300507622189073
0.06072815985945194
0.05138277278173118
0.0625938808912729
0.0680368098531843
0.09931796480304618
0.07574374501037533
0.07828291219339496
0.07128770594301487
0.054969880654938255
0.04540106185916617
0.09033767080859785
0.0740922672680534
0.09127511237316739
0.06350716293569546
0.04628588315862214
0.07304000284818946
0.07017613335288085
0.05031932282957803
0.07376531569212748
0.08575588148270942
0.06307494288208096
0.07238907066834985
0.05499101296249979
0.059584021070377996
0.04341767723570086
0.07878269631681305
0.09028105996269711
0.07948652101396493
0.10947162549004083
0.04166118399463793
0.06664423080117494
0.04940761105977634
0.13373935667780515
0.07752974608360241
0.052500091212170655
0.04917733083718523
0.09163768208437209
0.05832943963500163
0.13586004593338094
0.15316921118692575
0.10232855862140926
0.06559790057392255
0.07198571812101799
0.06388268815654795
0.05507220739486864
0.10179370873337326
0.0395378583254464
0.05646283938700112
0.05568521280345167
0.053265156972892296
0.04529425060857077
0.033823426041312755
0.08366311475229628
0.042384312861843756
0.1259761462116526
0.09734991075444573
0.058918021454048355
0.044907009755382324
0.0519042169729201
0.07211335664895246
0.10427773189518266
0.07651906644075461
0.08368615804621919
0.10702213971565526
0.11435458949155766
0.03813175236517912
0.03420982721646037
0.07424462729401558
0.06649038133015608
0.05449518022398165
0.05015012001967804
0.10665974715430847
0.07392224464065233
0.12534946141082057
0.09124887019586221
0.07123014243124356
0.07124349921844339
0.09966568525742253
0.07769770645920733
0.058569300549850344
0.03870006858218301
0.07549576037837254
0.07641222648113645
0.04828486253334955
0.06884380904242382
0.0726787718157706
0.05235709805463344
0.08404813507256752
0.08441576035976137
0.06391773933223889
0.07411399860998173
0.06656117024355085
0.10269859520531785
0.13258083073550134
0.06887876830061054
0.055321138763587074
0.1272484871192441
0.05878669962061048
0.08111048015745626
0.06751476364455578
0.07998434198788593
0.050010617882611644
0.09794167495998954
0.05691808725758181
0.08666744512567354
0.024180878652573342
0.04422609675684029
0.08699742642590144
0.05880755711334639
0.12091651360338375
0.12213390157645485
0.04911773473388864
0.03854577701636789
0.09791457974861209
0.05747848741894369
0.02964546666645135
0.052210833797006084
0.02571859482705069
0.07220244643742743
0.08263039157820369
0.05587477815221319
0.05259666159683699
0.10487458602402196
0.06362146265973329
0.03306878865996797
0.11388182343076977
0.0379132079706953
0.03541847237237208
0.04008868100038636
0.06156055992102105
0.0566056866166892
0.07856742013183861
0.060217809405347884
0.0781884204976303
0.11444052812849283
0.03856827826008302
0.07983453640244459
0.08182005230764144
0.08737679458977705
0.03674168805162193
0.07781828210362793
0.13131292140365777
0.0622643195735124
0.053544749902347276
0.09006526987819337
0.06716813582370998
0.10442926021629895
0.0801409705875913
0.06461734488596543
0.046016605781089015
0.06774406519951583
0.05691129142937644
0.11318314120193385
0.07728402513793746
0.08173235247235532
0.047488029871201744
0.07095270864773011
0.08251864949008984
0.08542298148964914
0.05330542582039362
0.06408501114920645
0.0955264807103481
0.07427963647982758
0.1061950240989761
0.06895272058692319
0.07010650821049923
0.04864514956253183
0.1229914147297846
0.055435651913757905
0.06326666418885596
0.06044782476054634
0.053838415942453074
0.07679284659544498
0.05290189022260983
0.0655876282351009
0.054529052624111306
0.10958999185311169
0.030262638309885084
0.10443375624701032
0.0632615854267167
0.05876879955318699
0.030945173110659564
0.07340102951864728
0.06880961187742551
0.07001077681110639
0.09560132791294987
0.04594425573882996
0.07661628858625175
0.08842175076101357
0.04039467868440277
0.07812921469795588
0.057223478433007534
0.1260069177546962
0.062390076520665076
0.08093643331850761
0.07694826356667321
0.1445096868477671
0.0951143514055731
0.06746487035812096
0.06210247323987566
0.07152240463648983
0.06083278022069839
0.10330328452552477
0.06532662128454891
0.07987925092308674
0.028337214061136467
0.09281631135544222
0.04745571516675567
0.040380935351912735
0.08538397530419362
0.02823750105937184
0.04740451751222495
0.06553559226891084
0.0814862531119846
0.08150624061574831
0.06779588680689341
0.059533792093428135
0.05069790001059055
0.0313278981139339
0.08898447337878497
0.05520246067201483
0.15279059626947636
0.05075142912895057
0.062296820866612576
0.09892302430102948
0.08111534711578497
0.07113854751308367
0.045523683221551474
0.09608617411278003
0.08921933793362571
0.05250221694514998
0.05389937094520882
0.09796005317622504
0.05082022821693876
0.059190548798230776
0.06432717071739334
0.03209410200275489
0.04087468408916023
0.06764599322330367
0.031909684646193134
0.11279296011294795
0.05371287251037918
0.15779501883711108
0.05396155532378879
0.057895187328329684
0.09490132214100595
0.09074179757109226
0.06738610926077761
0.04962099306752392
0.08867124140929127
0.05394267830032841
0.08576352235646693
0.08743677915894721
0.09901381066187595
0.06585231825584333
0.032152935262856036
0.07688305635307857
0.04577756210399827
0.046487165996638116
0.13658537444480462
0.05348615390754976
0.0793611252344486
0.05380278834795591
0.1446432906139539
0.0848807068381694
0.11066612156410312
0.08180393600000714
0.04286346412959176
0.04115181554011657
0.05034617159543634
0.09417928259019406
0.08169711980531492
0.04040344802523948
0.0967312105291288
0.06431703230383559
0.02627760189781493
0.09599302326946516
0.028850992324379147
0.06790010432430037
0.06232678901961105
0.0620995827790797
0.05792148540456472
0.0897312075139609
0.10182957676953674
0.05747701179288993
0.04553705157309733
0.07946474066478112
0.09029940985381196
0.057815903171574465
0.09037722917571826
0.1078183459937841
0.07145381067370572
0.11558445364733874
0.062084833809696045
0.11023368909220649
0.04245465232895414
0.07364647449803244
0.06129866176722382
0.047670232251842665
0.055189443694069674
0.06296859737015353
0.0857651764459981
0.04712629831444036
0.053298439062409435
0.04541172897834674
0.05854893750335153
0.13974886173881115
0.08863524247415173
0.06063438578770714
0.06055425540921608
0.0696113751485533
0.053855636160290536
0.087175829536546
0.10518420687360723
0.07746847262906205
0.054340490140275824
0.035800558413473425
0.047248042097445216
0.04473338457682253
0.04433707515072436
0.0561720340194921
0.06602214871701187
0.06976414650670434
0.07040886736780466
0.08043185392380131
0.07007574091709579
0.07647674684072361
0.061492889835516096
0.08888512981827867
0.1298439915846439
0.07402449263121122
0.07547485284468744
0.05082111732307621
0.06321884311951047
0.0943125450791531
0.06835090104678178
0.08568029645338032
0.04077484025948612
0.08501070614721802
0.06697712406747594
0.15568950686659827
0.08758844242253078
0.05427176408553541
0.05470548181781177
0.08291376179292052
0.04275032925307131
0.032873860421629326
0.08451568745447863
0.06929450112505159
0.11638906093015107
0.03052963773686014
0.06362694929495655
0.094252316861615
0.06604531181719339
0.08567313442010507
0.09111246786675666
0.09135419953211017
0.0705168912419593
0.06829831058152228
0.04969663000925497
0.04932012829965859
0.06163410847715422
0.08450927039107918
0.08456219426805157
0.056521313948146044
0.08900275466983462
0.10276310172227496
0.07787028457525064
0.12762283353221326
0.08150757769541252
0.05026182180959541
0.0639451575674497
0.08178592368559275
0.07153183438067784
0.0842886155629397
0.09067842940104019
0.0344826431819476
0.06265865844365462
0.05951973655689449
0.06546203923008778
0.04388513524527222
0.07443109293229987
0.08325086044188737
0.06612267343489571
0.09305757251588508
0.09717511028274127
0.11937610046344059
0.13029934904674215
0.11480090701743256
0.10921406298662868
0.02605540370153428
0.042877719913103574
0.0585317965026157
0.07213671806246048
0.041638624853795804
0.032154002716795006
0.0862730836396048
0.04551068148367035
0.06409775583553395
0.05537357564860029
0.05188913134792358
0.058631693078421206
0.05389402141235367
0.07858223788281825
0.08898479223404915
0.036805307928351585
0.0657370071952176
0.057386473657797796
0.0633401472838783
0.04380520305156422
0.08296995061694845
0.07412005885286364
0.05036095980940411
0.05765918661270699
0.091022184756267
0.08570718841242837
0.07346163660843204
0.06536834817369663
0.07966182942952177
0.09437033269327967
0.08919194256806572
0.06383577423104896
0.06567826958533561
0.048681974097852264
0.048889008435330714
0.05894690917643666
0.046848778912573406
0.05684851717409954
0.04998792222183863
0.06647247177217966
0.10504319744719308
0.0527590506991801
0.06537914510940113
0.103559304630429
0.12128668558183929
0.08395972415579771
0.05593717832811854
0.10256159873624064
0.047302868137411566
0.06525919310105713
0.0517087020743977
0.034274656270993596
0.06628695265872635
0.0679290115483534
0.060235512645612124
0.044692262719389725
0.08666659565999574
0.06224473999169969
0.0659606083123039
0.07367097988253121
0.057590614243541526
0.08762777472906517
0.08438293099279712
0.10475874668104307
0.04962755649944646
0.05601873061568339
0.04799886911563285
0.04202415970403711
0.1108243469363502
0.03810414661126732
0.03670879323978634
0.11051914371997738
0.08088018370657582
0.04279147575244784
0.08699668613912004
0.07285445099470318
0.06299133385647845
0.05021635849778239
0.07390016330502096
0.08555245092238
0.08517302659745549
0.09384893686526917
0.04158228645613334
0.045065124995372866
0.0716669667389249
0.10864460754697683
0.07842524513961197
0.1622947451502495
0.06522624803788861
0.06911972284060183
0.05392205762986533
0.04572411801657996
0.03608914150270022
0.034025576894317025
0.04996465511772238
0.06322580834409433
0.10964630467766084
0.091613266652803
0.08805954076929705
0.07615634172383527
0.06797643062964125
0.03331191770680985
0.06888598060320639
0.07034126034128255
0.08656796337849616
0.048468499420284646
0.05168942937592877
0.06578048781550319
0.08049270434453555
0.03229774046729486
0.05120004077776954
0.0745846852497973
0.0436039923983849
0.034471633425447734
0.040161346279382344
0.07731796963382234
0.14570789661407826
0.07558042836466379
0.0388363083360978
0.06313705521390889
0.04374749663602842
0.10721196623496472
0.01674830775560463
0.08059830789952938
0.06420793161869426
0.08856398784820405
0.11470663286231274
0.054783438755230805
0.05842226029279404
0.059570723920683195
0.031288047777877824
0.06466386133741511
0.08162180183122392
0.0768929841437096
0.08839859794956491
0.05215784475219804
0.06517071672691359
0.1362990026045702
0.07635735298828011
0.08050021974417423
0.034702476806279935
0.05307816553592807
0.08108232273238353
0.04539507253012207
0.0418214683808064
0.1107139125639203
0.04024854961043447
0.09123699717675653
0.0974417164103534
0.04065655282619228
0.08856145447880867
0.09431276168556825
0.1064218564233303
0.05611652397468088
0.08168211637883842
0.0669371821405895
0.06795444040058224
0.09849273468518924
0.020261312542909155
0.08253705028649468
0.07281131316946514
0.051990327120651346
0.06423351693325574
0.07854690912279753
0.0756848538910197
0.06218934365765357
0.08046825837223588
0.0925023530353501
0.08296934453528473
0.09193815622379867
0.040826636552231545
0.08922642729569172
0.04363196401387766
0.030984318754874507
0.07508026188249715
0.04131728924397466
0.06492057123282156
0.10889369760308759
0.055560988079344203
0.04018769452508945
0.1305916852821629
0.09064737125100389
0.1131517862528546
0.05630543807271297
0.09358482113093361
0.10280021185101879
0.037797039408909924
0.08313316094325238
0.09916923835530334
0.12664521246881905
0.08011120406006902
0.02533629187831249
0.1140733591042932
0.0987563000168366
0.08297179152502315
0.08612629572836283
0.08068559998537861
0.1135130517855705
0.07648587118868355
0.07469669522806352
0.08752930386165639
0.07215968861461504
0.08390063323260198
0.1005343514429667
0.06942308047684626
0.09953283276010268
0.12190892239431188
0.05522927441267106
0.11002071190761645
0.034050804827815015
0.02795486475706127
0.10735627176503157
0.05621560965304367
0.08682878779833218
0.052326913095467865
0.04270217028411193
0.10343405142960048
0.08437675256254946
0.06788518128950378
0.06341136268456946
0.0692992558857375
0.0674573096062128
0.07078450811408012
0.08451533426648511
0.039091181830296945
0.0745795299153419
0.05844597558369546
0.06014575042268498
0.051779446728788786
0.046586665445851855
0.10344774243474793
0.0482358968432658
0.08310286064068623
0.03265833271253989
