0.061845674521162325
0.046332771213682004
0.08747418052477858
0.03016110184575971
0.08072318354648977
0.04933057549624531
0.060600204066781106
0.07991998479477902
0.10571580303848636
0.07815348843509538
0.09521035034359983
0.0841687795433108
0.03344278957625599
0.046581050317827416
0.04189190746737757
0.07533392256494326
0.06607367699545397
0.14051488226494704
0.036539922538935246
0.0626004300307283
0.07156184819957653
0.10334961088820946
0.1050817333182453
0.1146072589045736
0.11681152051572032
0.05399086952638611
0.0713691712507503
0.054769886085352944
0.09881066157686728
0.08033284452353942
0.044053880461848806
0.06368567911533903
0.11492618280278244
0.1049271032567704
0.05076549080724095
0.07613946975080942
0.09960595427698936
0.08518799905671381
0.08489735552672602
0.08090470861937314
0.09460110129768474
0.06251604576869205
0.10021951475344845
0.04482798009728646
0.03912687075757548
0.04513058193255453
0.06537828847585633
0.05663660155310541
0.04673304492673639
0.10447122730725505
0.06249748705096675
0.06410418093946195
0.049568332914932144
0.10972025809538656
0.056442019859264586
0.10049825525187914
0.056968822420494634
0.08686364917714304
0.07689563174433346
0.05626326547091755
0.09578264698755445
0.037319158627017374
0.07356298502212769
0.0693238735706965
0.05886577286102721
0.08416997817080377
0.05854421769017201
0.038266042533840514
0.07393083298234547
0.1067968004722158
0.0745408431426383
0.03621483514682414
0.03340122263261808
0.06730393569460674
0.05915691646107574
0.04725934350931528
0.045567623215493895
0.0731534139773455
0.08323621708731697
0.06839317013100449
0.05658870858371141
0.053059695418047476
0.048620133348859014
0.050458350448623276
0.08489176724317767
0.08922953517416539
0.08225324950527396
0.046308497185600025
0.04338742669590395
0.020682067745084715
0.09106240231960852
0.03922639923352319
0.059660658762125264
0.07006498275155905
0.04406427126690924
0.038443067663265475
0.03507493549056011
0.1198101825816256
0.07623213250149487
0.05182090114328826
0.06768802827415298
0.053382499205083804
0.0811342030756081
0.04890893407496537
0.045992978983801766
0.13383394134090082
0.06552279928280619
0.07037641738558949
0.07524020268814567
0.06886840757763232
0.11326411016012064
0.07075666755728373
0.09567908104269612
0.11142318601978117
0.11446331110264266
0.05050346965094206
0.028970969075907824
0.1368556115743325
0.07268563918331515
0.08807060565000559
0.032808539546534676
0.03694448209289246
0.06518503258800522
0.09777789704483238
0.04604215715245033
0.03418825964149196
0.06574489373814936
0.05656227851154217
0.04880040986346823
0.061914992468493996
0.06356374904850273
0.06757483713627388
0.09789486175242525
0.11124908645147354
0.08621363073857152
0.06466102924100389
0.046423159929236096
0.07336887819974641
0.060061367966692286
0.07381605281624999
0.021973449012423072
0.06121627007691745
0.04536774680965681
0.06294803113023502
0.08918767794778205
0.04043604788594646
0.03465983017777545
0.05989289193163494
0.0658916430397442
0.024250157005676166
0.09391975237762269
0.04619717046400266
0.10211972477081266
0.06773686455291693
0.1016618083528603
0.02200454708543924
0.05623286405593475
0.06435727092053084
0.09311048066727996
0.11051162569595707
0.04263236081715938
0.08326501125503322
0.08383909563088285
0.052359939958791846
0.10431764981632502
0.06453126676701824
0.06351914609186236
0.07064159429681127
0.052641732756023386
0.08618251771006001
0.07594591391324583
0.11837977993270461
0.08786139306460977
0.10416618190397356
0.07940365752433096
0.0682187822791191
0.0719003573221636
0.07786258091909079
0.04983611022738339
0.0446905285136414
0.06548799359317992
0.06762758721956828
0.04842978055715636
0.06621210510179235
0.04387562418020469
0.07996489343506359
0.17816558583158212
0.08038878841584049
0.0676999682226035
0.06812199806688496
0.13123799304102485
0.08112687797745124
0.05686958104560276
0.06896032864813459
0.10343516621130332
0.09009827269238668
0.04617337487368707
0.06933461442403552
0.08002673179562086
0.07467794388768818
0.0369002488292614
0.07857239606015373
0.0906600107888126
0.06413305493288518
0.08275974676795105
0.09205979987599823
0.04189722907871783
0.11537776088411536
0.042168917476464764
0.07790766565892386
0.059337903374453556
0.09315779388139947
0.06500222505726318
0.08986761778960349
0.12726637580374772
0.054769827561482666
0.07918693354685616
0.05654359845710434
0.046396846445379586
0.11371439935728632
0.03103208686120243
0.08119520883039502
0.08883344419173038
0.13313169475161502
0.09301876955703296
0.0446590992895239
0.040458598888805986
0.05620421254822995
0.05252793231671496
0.08096092364434875
0.07995805226402701
0.091671431318613
0.07181073914062852
0.05983485778211807
0.0778879065120654
0.05862683700270157
0.056858433413641045
0.10034757975625577
0.1452384512033925
0.06492129110237917
0.046992544936428404
0.08313611313981305
0.04654559612282984
0.0658465184425638
0.09456606249379161
0.0968694730633057
0.0803901870199001
0.055426559275715506
0.08349164740691291
0.08920421662678377
0.06891781609135077
0.10699035898765097
0.12045427764478515
0.06262575982735767
0.057813250727688656
0.06708187723822157
0.11548540171297877
0.06682918014237095
0.0687079602857208
0.04751926567128441
0.0525598078460188
0.10377438606935391
0.13650069944438323
0.12229134623667302
0.08531198528397528
0.11095528287155333
0.057796821144002745
0.04203095348963829
0.04574320508734429
0.040877938334290424
0.08912738506390791
0.030995798943194906
0.06840170427159742
0.060495923185605184
0.09217184197222836
0.06931126463604538
0.04440845498923241
0.07434741233103163
0.11763907619927338
0.07677657283050142
0.054311778653875785
0.0871537759194053
0.07182388457769731
0.05335425829656275
0.04629931524349519
0.05914922037415568
0.0557140575708395
0.04384493915010596
0.02523571942124586
0.032400404233797316
0.050676368465174385
0.05278874708241468
0.06552823743211487
0.09648060629302567
0.04471187564430762
0.03607301970011954
0.04711073075759925
0.058891577050453434
0.07066611139487398
0.05404131167441525
0.06854405566933663
0.08708285845596121
0.058614820549313884
0.05362676583024604
0.08112638150990757
0.09920822463275776
0.11109158906422069
0.0334250791297951
0.07057699736144343
0.07004910798315822
0.06167494589314118
0.07082233698433889
0.08117003846289912
0.08047513978632219
0.06864385228189569
0.1174228202473607
0.11882464999141212
0.09166928701474682
0.09153201599229649
0.07328106061180711
0.04800481490158814
0.11037444807032422
0.07735209776086722
0.05115343085819258
0.07850994579377582
0.07407919582881911
0.055461878560764684
0.08391038659383997
0.06740704603704303
0.08462162331790944
0.0569450527916163
0.0909170651862074
0.08308761708025801
0.09493847511381917
0.11427616958333468
0.07076038948842335
0.08505383735504961
0.08868953465756985
0.061975563411869786
0.09626725790151397
0.07133019725766192
0.09829932454648464
0.07595967896875966
0.15829439457873523
0.03275044891702081
0.019001168783626777
0.10369289634759873
0.03717067222118089
0.054850423082509675
0.09806304958812884
0.06191925227891602
0.053727791616922
0.06366244710527341
0.05850826589970997
0.04304759061233398
0.056890632699964624
0.08010937421389912
0.06369886506498926
0.07246413116916794
0.05414026795025786
0.03396915182012612
0.11136698166663647
0.08333941094244919
0.08686327397550422
0.04493736159821933
0.06613292375030545
0.06417689443749974
0.11725029610543396
0.10069513900629969
0.09033540171146488
0.07250664403274806
0.06809578200898352
0.08377043783549923
0.05808010720853554
0.055481505934711725
0.06365879306023588
0.06811133509643484
0.06211346600160921
0.048335154959218675
0.08373219171600556
0.07611378371703366
0.06697024299527757
0.05536003272344134
0.07476497709180771
0.043566330646767015
0.08582176655430039
0.04894132059672658
0.033215862914082024
0.05965512064702622
0.13120050781945097
0.060416978952018516
0.08391589550409825
0.08276282107069442
0.05147969909278433
0.08131727983645295
0.08546433001020248
0.07272918298045768
0.11176162621066642
0.09205213636408302
0.04675015263963465
0.06301888436273081
0.09196454208000827
0.10008378802582356
0.04884693507553007
0.07958291447167727
0.1581119952639938
0.10235650053107835
0.031044390387729524
0.07204069695200803
0.0682155627281
0.04191219322405959
0.05825800460155394
0.041945264145864275
0.03202595900873564
0.07003107223505198
0.06327376615301436
0.128221446233724
0.08787066922571192
0.0768662139537027
0.055528273950854426
0.08799870485587137
0.016244918265666423
0.06430447668435796
0.044053519222212165
0.030699546236854707
0.046258139815864484
0.05374458203499247
0.11832786528200256
0.16266241345971408
0.0804522071278234
0.07316956280094186
0.073955646383224
0.048383639700196934
0.06375856719589307
0.06512672674800647
0.08522339524972691
0.15410705081465473
0.04514352895682013
0.09796657099653971
0.09782392264301575
0.08289539332339887
0.0605526795858422
0.1261358707524771
0.06375868492760974
0.06865460721757113
0.10314263214135266
0.04874832722279415
0.05863324778149594
0.071886545079212
0.04709185651066342
0.16855248663753744
0.06049374704318846
0.05092853511667785
0.0808329493702095
0.0697088577396811
0.05378186708278135
0.08261307221716989
0.07735030775576056
0.1594150892952882
0.08162245868796375
0.05170026821193248
0.08872389707648981
0.05056793747680474
0.0702714393879865
0.10525380062443901
0.06595378887462394
0.08323053690377152
0.08694480288786616
0.11062642620289617
0.06472067801092128
0.06684865599723668
0.11484538794750883
0.045440546499148964
0.03152178894339435
0.06697132860400751
0.08269803383640115
0.08764730019118032
0.07541356683872548
0.07426890365816935
0.07580110555454662
0.09849465187123307
0.09568691598492357
0.07080916375657903
0.050229742807787234
0.06850120716565189
0.043190272932869776
0.042983102243077706
0.06072032642958357
0.048261447618191636
0.08620677222219403
0.07198718787953273
0.05912237727355791
0.08354344711229057
0.07288820281246046
0.0933898978112167
0.026705174170696903
0.10544060892667374
0.11061968526447373
0.07889579320904602
0.03807055474598912
0.11472903132277835
0.0654159226166719
0.08007619498259146
0.07095002624131266
0.09948723074102692
0.11569105557418714
0.05348667083759332
0.06543940064955939
0.06678173345975462
0.08828959931218829
0.013303624530942849
0.06050194607929357
0.06742907453235288
0.04576628833920967
0.0645058403314745
0.08158171660563139
0.12245788804778174
0.04542581586726933
0.053959405893488785
0.07116064518413122
0.08513550668376554
0.026160804485337658
0.07481945229237227
0.05646982781057304
0.10534281369854064
0.15422726763841502
0.07498971057715002
0.07449532362468794
0.046259028353210246
0.05450333801417165
0.09817427830130378
0.031277760498192704
0.14158549974479767
0.057407819537127626
0.06340416121745755
0.11072445092137509
0.08228209040622365
0.07015597362870826
0.06362527392326484
0.06076964369482328
0.03238845171431491
0.07871170440576068
0.03933772191971177
0.08776862408008826
0.09612982892718912
0.10340108910868111
0.06224596451804956
0.05356589690823331
0.0519713798374174
0.08182648550083761
0.04106657713002194
0.06129512089049223
0.08969840806868801
0.1319351487399835
0.07684246824512361
0.1069489460314772
0.07022185829667936
0.05419608948190879
0.08007986192169472
0.07543110936129119
0.05537190552787771
0.07247672905772282
0.08459995153472381
0.03847082924107554
0.057839417775401664
0.07829491649915614
0.056307412482272265
0.04152753427718117
0.05729476838641706
0.059487682572109506
0.04657267174049076
0.06606538026963196
0.05640032035450081
0.06775191061215824
0.034850884291898206
0.09981844614184611
0.0817908171129432
0.09492477374757945
0.05100518231828344
0.03416645474890504
0.08544959403851118
0.036093008670397386
0.07179581182742242
0.0710398476436646
0.07097108226798175
0.0562074598279141
0.02640322913432753
0.1178787278396745
0.04670575724943438
0.04963615643655779
0.07490710437920269
0.098954626282448
0.08377484346740749
0.048646315704386406
0.05823348355594053
0.03835957794270025
0.07325384441412283
0.05148254587033786
0.0947060871708488
0.05026798200447706
0.13822009294475482
0.09392709532373472
0.06838687073661932
0.05316311623672939
0.0948823647729687
0.042705663739388125
0.04984737981679696
0.1449632802122692
0.12313533226627082
0.05565234591183356
0.08200788444531643
0.07164531653840475
0.05985521401943664
0.04775766712381951
0.06055053193586754
0.06383165834968779
0.06320582568507963
0.06111224094712569
0.09076460328913179
0.06447839448430663
0.05706459621999921
0.057141518066579945
0.11341156266831187
0.09618639187884358
0.05632219789827968
0.05059140324033603
0.055363784285480805
0.13755992494518188
0.045903437017691645
0.03761901682223622
0.07726646271807787
0.05896265221087309
0.04140547330710153
0.08970614972704996
0.04900206914880665
0.07478062086849811
0.10955268696759725
0.10074872344082736
0.07353741903506637
0.07138317095174244
0.05457932992505802
0.03468853219053866
0.12161253086255601
0.10255851114701899
0.06924300853733066
0.05443606734931424
0.09874063666525214
0.08565607762359558
0.028513475521015935
0.08271394801591359
0.09206423841773179
0.07967879166630537
0.07612512906384987
0.10518382271922101
0.020357824665086253
0.042295157352643144
0.08993685686501267
0.08356537362057832
0.05283207974833451
0.0654384915343655
0.09085899959341955
0.04008929373826088
0.06764955629600367
0.061879313924783366
0.10786612119780917
0.06770858275248115
0.06417724101368663
0.09780625505896792
0.07437075578547106
0.06453070974264244
0.048129366896864256
0.06322103046923476
0.06795718369680738
0.03034743979298247
0.06935663459332368
0.06260876652752709
0.13061351934652013
0.05319798325078979
0.09122003263137288
0.04220104629037052
0.02573770880225584
0.09109107089063886
0.08328455548337335
0.07065352323428725
0.055565131464240025
0.08366734564982048
0.04038070461022464
0.07316213315158251
0.15354448405688192
0.09876571008241125
0.05890042739750483
0.09302970194413095
0.052110449155649705
0.03587171637314338
0.029798271996606836
0.03460688648703059
0.06818902521939148
0.03470213241643021
0.08205530147875324
0.07468198557830297
0.07518936501359978
0.12980487912626293
0.075009141774042
0.11246001894710173
0.08390014659292339
0.11448373513773642
0.13052443089251178
0.056471921882718885
0.07636446063589222
0.09153191094556266
0.05627336212714363
0.07204051249902027
0.05314840579504738
0.038525707196130035
0.07859521117618215
0.059928311209278246
0.08554834764451073
0.08082471319321156
0.06466568580148319
0.10336761361032487
0.10213221649480887
0.043289750028189106
0.06613721953390671
0.042148562742287767
0.07968478563639554
0.10391670970463747
0.09596169068094541
0.06278810478759521
0.05490096952759001
0.062022892807690466
0.05568629685070093
0.0600046120864273
0.053185957290687626
0.052327306567712374
0.1568002260382435
0.07890207180943039
0.045721497330441396
0.029422912596531105
0.06225630739765759
0.09533964733652375
0.043978456710547356
0.06453032197076236
0.10626516304902628
0.07851125717695302
0.055051249582833486
0.038868376246754995
0.09734201052987633
0.0786008512659919
0.047898251712460024
0.041787611711998886
0.07749274881145497
0.07484443305188358
0.08414482102782364
0.06706552069018581
0.08591545898277833
0.06604825978046948
0.06610374218283747
0.08933213690611211
0.06654340899607596
0.11433067786706662
0.08132154573752699
0.06483186274226857
0.07434773308717778
0.04796336121876579
0.07240696716736028
0.11396350308996128
0.044300968133719594
0.04034159938687156
0.0721237011073345
0.06307670741318908
0.10749876618530126
0.1603798822827244
0.07851866992813518
0.14307367286201145
0.0675577740387884
0.09432215721040706
0.14683551727388974
0.05109009888158258
0.033093499830333904
0.11304383060680505
0.05285053708537218
0.058371459217897464
0.05325008540470713
0.14077181769448682
0.08974833643682684
0.050962473286509186
0.07536700955127569
0.07186732954935636
0.11119231275531417
0.044490327587087
0.033746127845000785
0.06736311689020329
0.0934248063875629
0.04845319951402777
0.06888942412677708
0.05834140962370189
0.06797097832725442
0.03239099155187474
0.028209771603613147
0.06008171363734538
0.06882692284283994
0.09256611640155558
0.08083319454480412
0.10702246176313857
0.13441896571708467
0.09543424855216544
0.12210027980950976
0.05215323914229458
0.028188833522393777
0.029704734326590092
0.07928704471387575
0.1019389785536904
0.052219669803119206
0.05288086081466367
0.07468489684976942
0.05710319401225075
0.07106742813064257
0.035656809044723715
0.08099075303700284
0.05344941056003744
0.11279751876505735
0.061326516076828215
0.0695200704603312
0.016909964394748987
0.12834009507013053
0.03878457708762226
0.08746471176142304
0.09619607194684922
0.10647063462038746
0.0845100320911807
0.10122777448486049
0.041096184128128065
0.056828257365928225
0.06820977152098276
0.05453223421894939
0.08399402161947579
0.10058672850111099
0.08614953140203468
0.0493314468746981
0.07916545948583928
0.07978411849668629
0.04661986998971949
0.0672109885463649
0.07400800589292161
0.05483966543036855
0.07803389186698889
0.10694173370565706
0.07296852060953997
0.03051479105561949
0.0581461888871503
0.10983856894388742
0.09290788128211594
0.07405015049640046
0.046414571306321845
0.06012660993556337
0.039959106434019946
0.055540646931554305
0.10315037312072918
0.06374196577155801
0.0709116443117464
0.03224709081667193
0.05727330777448674
0.07064510038833646
0.07624962018684177
0.03700947715651824
0.05198707005373772
0.10255572811044592
0.02915835148508372
0.07486744417090702
0.0893441334773909
0.08778945908068625
0.059142318617216236
0.08296221511471698
0.06943352070284403
0.09289901127976749
0.08327004998496035
0.06408887116445372
0.05782482520174038
0.09224991680891845
0.10757082278578814
0.07589432008900472
0.049331639377296004
0.06086868862788541
0.04636468512900137
0.05751145503952942
0.12252698922362366
0.06439118928562637
0.040730473662686124
0.06379324849688649
0.08896740939972517
0.08380574641870922
0.06838910275400897
0.05849678614318451
0.08619229106977856
0.05564795749950966
0.07247152187288416
0.07166294504948176
0.047741306990255326
0.08932811947168144
0.10485000938200764
0.07847819980463915
0.12656834834240693
0.042177263813583374
0.05611074564214127
0.054446802361060684
0.07655684814096012
0.08971658957830264
0.06920709763869286
0.06930544792772048
0.05409792143101134
0.06378381165699243
0.08246700029133429
0.07754729323732422
0.07876660388681127
0.08385198127099118
0.07666404182402534
0.06109773209057672
0.07385208557463531
0.04576229445582321
0.03721176654813383
0.0930373337235002
0.07043207024584681
0.08199560271953192
0.09883311438671709
0.09042777880077474
0.09838381131620984
0.05417728335305886
0.05386064428541504
0.05686131728418961
0.043085192767074475
0.09342874156074535
0.10701882006315983
0.13317752495172586
0.0323323858632425
0.04559622506068757
0.08899601491914513
0.02547155372275138
0.08150941816399232
0.07744452184501377
0.03155892655455476
0.06408313030589725
0.1061968638703502
0.04814097648406084
0.08024732586985195
0.05414936897217172
0.052102293419144366
0.04976118127676649
0.03683068556428458
0.0995568812473841
0.0694750701298289
0.06517350425042728
0.0899079841121083
0.045408037665421466
0.13392846390307347
0.07541218295854991
0.044641360126448947
0.13861519609098658
0.07744532817309391
0.04647419274346244
0.04051094583519179
0.058675483419151526
0.12325373309130676
0.0718810019698217
0.07810844184426483
0.12393913177678811
0.07288204175886474
0.05520247559876836
0.06467824321150548
0.1106290513181543
0.07262339600902698
0.06567140719801765
0.04087917229508152
0.09390840372452611
0.07465305067920304
0.1161263492709851
0.026946536695336296
0.1460146950575413
0.05716725752557264
0.042922560422560374
0.10590118036395299
0.07650777644886866
0.058023742856018266
0.05136049685168125
0.06381406221094353
0.0697744166119133
0.06843209369574985
0.08602394460687268
0.08489532963371736
0.07720892729234083
0.08903208453404252
0.0815953679224149
0.03300314063439439
0.06385746929293679
0.0676249182562911
0.08129032787699256
0.04002325851674921
0.063575892368061
0.10839315576187095
0.07177014212139922
0.07242328443861622
0.08769132582968271
0.06686925294923085
0.07806579254919319
0.052587315413214666
0.08908298484471121
0.04412314434359272
0.07503106117640643
0.09978553477002297
0.07679226367143685
0.06427997521135696
0.04788516267206802
0.10192723265582786
0.0786716323854068
0.06267764691248191
0.09704032333274877
0.03592328297470032
0.051472235063440834
0.08578191425819279
0.03771448292301867
0.10456838299767957
0.07979058954628475
0.10549394523232887
0.04006562453910876
0.04380344500386815
0.06564074013878375
0.04048901034513113
0.05226240557869417
0.1150696786983353
0.06024860772395576
0.0681947779190002
0.11712428464879855
0.07655589190564746
0.06900096888163601
0.04557119182384738
0.09262707733696825
0.0563837490240526
0.05458200220991417
0.06297531550709239
0.09527692021118182
0.1315588457151559
0.08199444720529447
0.07628579519871895
0.09844436353405595
0.06789458017891835
0.04904174894911668
0.07319370157168015
0.08300889150539811
0.05853670482406688
0.04696347063808501
0.06130086263438648
0.04092040730595282
0.11589633981104924
0.14020368925992935
0.08135588941108873
0.10954284575406328
0.06611620265783084
0.07297651165819798
0.0421221669708953
0.08195057945495056
0.02900199391713868
0.05014237422605573
0.06638137004476549
0.06280682930110919
0.08405758412764039
0.08630813609610512
0.06370217161075911
0.06973913624287406
0.08595930643054817
0.04404852180001062
0.06834209368292644
0.06939640192187954
0.05962220907618
0.07121792832036676
0.07212028219800047
0.10403957717116548
0.10789627656288403
0.10494089313650903
0.05475828862520758
0.06987471820612275
0.04951754936523342
0.036089834287326136
0.04324243760018856
0.07893147499988497
0.060426970720218944
0.04765412088993536
0.053388387096764134
0.04945411764840765
0.08675507662577951
0.0659800654115827
0.12035978425638999
0.04949203071979571
0.1030758668345466
0.07447234044354833
0.05383899352172717
0.03070486787039692
0.08192656227484561
0.07513166518360148
0.07781617648518056
0.08062714719151726
0.06603626052913564
0.09222613415771923
0.08050588915913816
0.1398119751981758
0.0620716107813124
0.09332985345323233
0.10934740243276088
0.08524965443855913
0.014221962120796062
0.032251270290461244
0.06601734511438774
0.0322391166442716
0.07627648813605067
0.10859675124635196
0.06291191196118508
0.07011705515787782
0.024261486734849118
0.05027332747729934
0.1050390794720167
0.03207933045297436
0.05419206244248975
0.0632760196526054
0.08228079884329144
0.08158524326826692
0.05406485017899696
0.0350936101492183
0.02896907483297282
0.041244791584668546
0.028488819440760826
0.07458677955809326
0.08509935491773543
0.08731784103435672
0.07728986100237188
0.056684741162190314
0.06316186045177465
0.07932182704226198
0.10776315193304971
0.08364765783705906
0.05244573974826541
0.0553927668711466
0.09992242360421703
0.024438574002052092
0.04673603246260756
0.06016379781780804
0.08090682698739313
0.0836782903971799
0.08626662074631052
0.08224524664611495
0.020799952132482005
0.05786759294646731
0.09088675172129901
0.0860196490350372
0.05378861049837297
0.059766114170481645
0.09942125565932253
0.033268625236836595
0.04677215764186508
0.06717721007182355
0.03476328957770756
0.10512167026865968
0.07687542189579936
0.08685472402480356
0.04156915576604194
0.06473707093391619
0.06779286793824418
0.03168933518095334
0.07900052821378156
0.032311810642751314
0.09097192000330448
0.0719143597871582
0.11449901202829377
0.08581617925734114
0.09093409012460046
0.0996156870698526
0.0653697385457889
0.05319359239219802
0.034332774893809447
0.046860336097067676
0.03879651768777268
0.0682279597431646
0.08344119214058088
0.058073926948095114
0.05052319013716158
0.049313096616651085
0.06123786286605591
0.06605775040297394
0.035561931343090686
0.06815790640378733
0.029291691039497303
0.05951718482870702
0.06354677691255874
0.05281921969067314
0.05422803517184051
0.06838096087438442
0.05957132028233504
0.06991571210680829
0.060536370330309376
0.08716928469909523
0.05628210550323207
0.059077323562292
0.10224532416946973
0.08269871180437485
0.06216493512137037
0.047375471865606124
0.06659586807846914
0.07867697952161128
0.045905950027561385
0.0681005898999629
0.04959728345781864
0.05489501725954318
0.05855004042214031
0.0912617052960797
0.056299580934185585
0.11099073591122685
0.045780424241221244
0.07301203371410636
0.04758773525708177
0.08778065792900344
0.03472056959231196
0.07686703333259479
0.08005598577944747
0.06983282761883303
0.018260905713993598
0.07373393460948763
0.062277145506784266
0.10515491360545927
0.05523473999250513
0.05666458416299667
0.05518491138344107
0.09795309830005197
0.04386137205045003
0.05073697591360211
0.09799406976467405
0.04579818659584111
0.044897868228786705
0.056500700785481556
0.02830033229074485
0.045780431158382776
0.054620658238937476
0.03907249480557995
0.08122368577245433
0.07663743014044568
0.07052504378511552
0.03960749617841436
0.06685625259564491
0.05783602280386337
0.0508691470501094
0.04306481996856156
0.05215868927387001
0.059372822258422206
0.10964887497477699
0.10687414488901016
0.06659336468401114
0.07814573844621987
0.0887354455251155
0.04839160776557013
0.03800826714187932
0.06208279205839387
0.04297853729770471
0.04084945076996725
0.06399092377926942
0.09187325091139514
0.055262668012760564
0.1294575806394686
0.10626183933087635
0.1375617321408243
0.07743640280689122
0.09198534930406455
0.07765955293650155
0.05773469242330977
0.12386184607968367
0.09172279933225244
0.09841706081231558
0.03074721601204723
0.03995772595120638
0.06993288795023266
0.07079903591706425
0.07658046050659215
0.0750301473091625
0.08488529966720863
0.04468762974149962
0.04980057430519398
0.08007383194747139
0.0450050058449209
0.10735029566950172
0.08262169538959928
0.09044751143519106
0.06754359657298238
0.06409415559390934
0.07438166777472784
0.03615005310377818
0.045137233484115975
0.0665493510677437
0.060545690578426715
0.11402485599861438
0.12524985586039744
0.06988323948797973
0.07842958833759213
0.09483075204320171
0.10365201079916461
0.05647069211931743
0.0724595341514879
0.08037927500534311
0.09995999675749283
0.07672333684275541
0.11977096972755119
0.047755685885656256
0.0610071654574661
0.05894735097455698
0.06607345530603696
0.07778974026204884
0.0682397495645462
0.07416732219390881
0.10221242287763374
0.10736105483259847
0.0734906091319885
0.080485150448373
0.0546795824982005
0.058598730061957253
0.05923184887757904
0.04789090476989005
0.07272153585646435
0.05454314526948893
0.0774844148623777
0.11301834854404519
0.044440724305744486
0.03134808561507659
0.08948287625237472
0.07185976009927085
0.054251068032007944
0.122225677804488
0.06278082451275442
0.06219904121847615
0.08236630235720047
0.0611756438946643
0.16460287018086642
0.0770096013534258
0.048054676445677263
0.08500831484569923
