0.045259900056871354
0.026380004025257132
0.12977557360100878
0.08874468653768085
0.06392938832926265
0.06783001496879103
0.06963085403595672
0.08384915540577242
0.09488046475698665
0.07262674247150595
0.028829909366916533
0.05971747457630558
0.03356888439644364
0.1023447436347285
0.11273504604338296
0.046288480452252014
0.06195633676146061
0.06400243745087887
0.07963925700566274
0.12286535175501696
0.06365492269467111
0.03450689693616274
0.08874826683856572
0.058412455972990954
0.11055789334214537
0.1025958259574473
0.0846457995586824
0.07331812139762149
0.09533799784827152
0.036452722784236447
0.10596134643201015
0.08270907692003465
0.0763125757892635
0.08560838263118195
0.09577878434498907
0.06290715497071234
0.041475395953557044
0.07017945152366595
0.059818500813570714
0.05929482871669886
0.055702347408206496
0.041492957183891246
0.057273040025995266
0.0629100144571972
0.13262217622112743
0.059481277166053934
0.08464281119280107
0.08028646707884855
0.093479849951375
0.11934989334024662
0.09190759413250615
0.12149044212991907
0.1084964925577931
0.0744667763895664
0.05880189721331058
0.10171528171543638
0.0729146003848554
0.055139599533889444
0.045113175341327263
0.09413398378218063
0.09001546202929193
0.04061030277171644
0.09928076427289502
0.04900316612569226
0.05946621329660835
0.10714240600390629
0.07834917953512754
0.10295800087406352
0.05303621416252763
0.0585081718710962
0.10952990027415219
0.071421571904119
0.056175890142861874
0.015959399810810588
0.08336352186706729
0.09823196003284491
0.10616498988806199
0.055798953888254746
0.06887361109260758
0.04163496559949604
0.0636382606087912
0.05665784612673558
0.08015773293172772
0.06058637584011004
0.03552135838025761
0.15312101359247254
0.08381232628658568
0.05235177793594574
0.0615563362288747
0.061447850665617545
0.08127868452234051
0.1576480822875076
0.033233072218757216
0.0759115621648703
0.058711016853145274
0.05659728495479629
0.06398896926610805
0.0848284319176429
0.05056107702312775
0.07356085864907148
0.08517766113877558
0.05773941776810159
0.0864385765193731
0.08154133648644726
0.04850958383092867
0.02913039724751273
0.046083343132690205
0.10372330123626647
0.09786622965466511
0.09763368554655241
0.07840445349209081
0.09962957371513133
0.08118441538077532
0.08923448203786741
0.04492390304714519
0.0295994229639402
0.0306996719854677
0.031171688448788325
0.07234054232259853
0.05346305428309206
0.11411788914744467
0.029851922981028445
0.09394742769098781
0.07207579920307507
0.027862451360593406
0.10537656992297642
0.07732646591044036
0.0871107637407672
0.11006663813916427
0.03868969369417588
0.05670449016851393
0.03534756232114361
0.060172644015137215
0.0827354145085184
0.0717564460259322
0.08000978759763051
0.12169959964814188
0.07660232740890278
0.07058661789593768
0.045372287858246506
0.06760363412374171
0.07260732357485741
0.058398015781270796
0.07588741596752392
0.08640924920854204
0.04619822834868382
0.08097339985484094
0.05984204482807883
0.04551365865721864
0.06289389355459057
0.06297241968178546
0.0868765632277813
0.03725195854846822
0.029119656344753733
0.06808953240228365
0.05719786740116693
0.07678125403939721
0.06117476608364235
0.07841973701129004
0.05990840081489109
0.052427095594768595
0.0374055617864898
0.0947737818204612
0.050318984931914626
0.056014355162296366
0.07081255984385701
0.0841709870939807
0.06291957830451828
0.06251665031128015
0.04588316682142781
0.03597238547974449
0.06684069631126208
0.0787548181665968
0.08542746193885588
0.04631775025531932
0.09695253688786287
0.05313066357434139
0.071127176838843
0.04516662796287375
0.06577417827089407
0.06216169153458164
0.06981410416525767
0.06358409850076385
0.05341019926174348
0.08228084491832054
0.05177545104028285
0.09033633064652534
0.021849479486579226
0.0666138997144204
0.08562198349960728
0.08405426558115649
0.09734150418309084
0.06212503488746714
0.05640870391753008
0.0959638875019632
0.06160261934127703
0.061830397237698315
0.09752021431355265
0.052486571648089154
0.05153743910736534
0.07413942684189341
0.03590498911494613
0.04047950491823656
0.06722203661772354
0.15322053705550057
0.06301498280020905
0.05884923884374959
0.032792698945716146
0.04603884906464782
0.057924890082959736
0.10089424716483511
0.06564816446739319
0.0657168059454762
0.07935116133914794
0.0824601738455869
0.11429922174843093
0.06357729785862473
0.08021307542372884
0.05290809374637318
0.028700985625166913
0.06855942897132
0.0562384788395439
0.12074881623720277
0.03454128554151394
0.07961001402050114
0.09367000025210082
0.12686130704640342
0.04539905265539427
0.09119324978738216
0.03223459854041353
0.07765855659581875
0.06037873852908046
0.1300409747965506
0.032752555588457404
0.05281147466087531
0.018912134910902302
0.08351009298654087
0.048947964515385606
0.07731484074126196
0.030680440029921822
0.07815280226120692
0.05447088573287106
0.05525655319304865
0.06316657053673959
0.05246246592381207
0.04603759589304315
0.070645376789421
0.06754252745825164
0.10213465333410983
0.05203573049139103
0.04898932403860393
0.09596608956944919
0.08306194230163003
0.06021057793979167
0.07503649849229753
0.06868631635997918
0.04881624738851549
0.0799186639870198
0.08167023717208566
0.08296560725785185
0.07901898810960627
0.04675256370184119
0.07002365359283821
0.0642836873803493
0.1049827307596371
0.07893376645272086
0.08837590734604563
0.07539020616750401
0.03951758112538765
0.07000767686479077
0.06015227443398465
0.0666714111911908
0.06295135784851359
0.05342448936162489
0.053415096344635496
0.08956829151086626
0.07406726362541743
0.0544952915947155
0.0795706025130925
0.06510203792233515
0.047008680030599465
0.049607094783478196
0.03999053458003311
0.054488372672335535
0.06757670103459144
0.04282460795906314
0.06552432009607904
0.07976262771806386
0.04597305929523862
0.059778174524518855
0.07628743461533102
0.06874883483513376
0.05851329184584148
0.05152892777105243
0.10564286506302682
0.1386198934967445
0.05931457108002686
0.055954908976426174
0.08295855687898017
0.057313468945688804
0.060456414831344674
0.030457996687956394
0.06944836237729456
0.020413849591290032
0.07402554642943932
0.05508514821266039
0.06188625314315771
0.07354979292268576
0.06858494587799184
0.0582907652038142
0.038945231150080896
0.11078731740232287
0.048416343463268334
0.07663717175303124
0.049863467622752414
0.04684632829638157
0.06894266023046498
0.09142091857181722
0.055843678922469706
0.06765019335647615
0.042637102006078516
0.07198703647961179
0.0761820152846512
0.08471915795649328
0.06501505569334928
0.03686269721933374
0.04663986530710664
0.09250474853888564
0.051526412683111776
0.10159602025107882
0.046019850598966905
0.06427589856438977
0.08673905840484233
0.07082654623237881
0.047750260533556875
0.06053293686884257
0.0743456967448843
0.05582005287412583
0.05763266684446925
0.0738148145122953
0.042305116578509314
0.05199254504998989
0.03363693964585418
0.10353994222106151
0.05067792933511915
0.11258701278002153
0.08047468759535015
0.045874449590293576
0.10817275243132629
0.0498900058483602
0.06030803492984986
0.05355356729360991
0.07441206403782065
0.03141172012555078
0.09106348859306154
0.09188698163962895
0.05420166343221038
0.03790484288392436
0.055113962553040456
0.041200566690426245
0.069910233101304
0.05699309767685673
0.03624007537377015
0.07468586077587543
0.0699296793583195
0.0768894116820838
0.1361205426990045
0.06392376892157398
0.11158932512351924
0.06855179919658792
0.061674038113703804
0.054126968417076336
0.07804121865046637
0.06128927996417047
0.10128636645662055
0.13117483834672386
0.0770555031767628
0.08127865387412452
0.07642743113117785
0.05423018523607274
0.04401012903273582
0.0860278279781853
0.056286648440730946
0.10949052624122961
0.08861751610886678
0.07143610760331995
0.09564735434020676
0.06705865205874739
0.047320987785719706
0.06513205745158814
0.04751224124863412
0.06349422178139302
0.06896194764605823
0.07880704878465551
0.047901245366968416
0.07251548751511627
0.07089259865229601
0.06954655511581087
0.06180953052738971
0.06414692508383521
0.11698285398617787
0.05211944700467309
0.03178501826280959
0.09799118569921796
0.04591482897066171
0.09091537931609425
0.0971930873906028
0.079580694938929
0.043672901473898906
0.10668086681129145
0.06713081434742776
0.04157938174506734
0.06628335003491556
0.09123029452032343
0.04726630911520875
0.048030851532599665
0.06500088789427293
0.06995294227821487
0.04919439313674741
0.0798826617615741
0.03980727471486117
0.10452947243930573
0.12861558181594412
0.06558797980332733
0.11466281192780868
0.05729283233372268
0.04069365179477066
0.06569598559412033
0.05701597256935881
0.06624038831969817
0.052360034357082995
0.08271142886788248
0.04224434227020578
0.03561857154701768
0.08048220817757178
0.06631011001113324
0.024132583914718758
0.15937687749144944
0.09497213295755934
0.09891194633422778
0.050547574785292315
0.06812712460073204
0.07392638357554497
0.07382710498471533
0.06719058995625525
0.04873560345776689
0.09541609882170819
0.058302301048151935
0.08192166043605277
0.06369465963559266
0.04990124244922409
0.08586918006104834
0.03475472303676138
0.06182605774294429
0.04019411626713251
0.06731868313858833
0.05855215130486941
0.0681101715680355
0.038473054992939265
0.06948049444594383
0.05606890147330072
0.03949461441495927
0.07265877572877405
0.07739051475493199
0.10977648162642718
0.03126439011556972
0.08067516821746601
0.07916693369344316
0.05422991349428808
0.055712037295343665
0.09759282868606567
0.060353086350446214
0.11007665360624891
0.07835645731830687
0.05482572998685961
0.1371253816238748
0.03788995840756646
0.0825464538556087
0.12731561202145156
0.0633310324849219
0.032023269338512954
0.0750154381274195
0.13851276551459582
0.0808344754233169
0.0643422254841026
0.04541223598913629
0.06679665724231329
0.09939486753903841
0.05382412805705126
0.05387933234825126
0.05786580113341243
0.09305869902263196
0.06773409654103464
0.06739253562664974
0.08224437611568795
0.06878251392279469
0.050135199235544776
0.08344857371746982
0.06275783083941557
0.11357068211398923
0.06376943198414743
0.09538205893189944
0.09008397343159627
0.044120511912948544
0.07319632197582901
0.0328129066684994
0.09227672877566603
0.08310722210807404
0.09133284136161797
0.048687847342846244
0.09258036047397572
0.07421518031308039
0.039716524619338556
0.04519007521415452
0.07130703917339491
0.06700273069659872
0.06526970375025436
0.05487784649399145
0.07279883363924039
0.07547979979739566
0.04701379233976019
0.08067688821528698
0.049494595230200715
0.075264469466402
0.03410279802090524
0.09400182977556126
0.03182199447931932
0.04279779951222951
0.07046595277893997
0.04639265622227044
0.04540602762320709
0.10728022570796329
0.08779179801457379
0.08161488037575414
0.08609422342817154
0.09298753002727213
0.08856987636194057
0.05289393304890949
0.03606674248722762
0.09520781807442817
0.1300348591089497
0.04999057215524859
0.07830481767685338
0.08941121505103851
0.06596319018528789
0.11345730187235074
0.07327748499603622
0.06569223101226404
0.08132176564813406
0.03957692525926036
0.05149789480118779
0.06782781651271379
0.03689032799491607
0.04264070940557654
0.04732781255795715
0.027839152493343143
0.07022339926144973
0.06925622209425952
0.0330792263293764
0.13026152905876412
0.11042450913387601
0.04584485372782329
0.08724695763209717
0.12171537670846545
0.046000214181516126
0.03845624056306867
0.07212619155621798
0.05925611145386346
0.07815755036366076
0.0550520280746436
0.060549820137356984
0.03437628513914445
0.12248159569009344
0.054167806352712886
0.13918704423165346
0.10459854890738894
0.04001410833124596
0.06365566157362709
0.032758388185681005
0.05560095048442872
0.061345908373064584
0.04418290114221043
0.07593076717790682
0.09211108789054709
0.05633790722159387
0.08641564996515988
0.06946833614274237
0.06722262116028815
0.06929979571638623
0.06014657231995278
0.07331713923687293
0.04566159139674905
0.09894649037880128
0.09781861847357844
0.06370714957575643
0.05679809092759115
0.06542898560971426
0.07618966207898133
0.10585786968141755
0.11548661428332334
0.04132767835686338
0.05479931430643228
0.06864736159562453
0.05773132659444296
0.0959381076832235
0.06768812655548527
0.08172536495531957
0.055734818356581534
0.09413816122696517
0.05815272711465486
0.09114711940146168
0.037716963297148846
0.06629474065333639
0.06392523369136772
0.1051754223865313
0.10499930865892931
0.07173913029049934
0.06564097519247311
0.02652601997005413
0.07244441876954749
0.07012186481488916
0.07381294851249802
0.02571237132961701
0.05558657980948074
0.08873068540202826
0.05482035034651163
0.06574657464623566
0.05775055383046686
0.053849024958713056
0.04421452659549526
0.08067356290372787
0.10641412104238218
0.058766850750877085
0.03389655421112059
0.05788469162860207
0.12216037169489742
0.08995684122666447
0.03860508108347391
0.07867626511698009
0.07495570268289739
0.06456001960554698
0.059267041871890136
0.08136021355205564
0.055189559528085075
0.05247786052897522
0.06546302723470998
0.0713513065703461
0.0558844628056403
0.05076935525225434
0.08962693645395486
0.05867668029575701
0.050818076000167946
0.11040131421350773
0.04257431051768253
0.06193205384979873
0.04347519138794525
0.07436647757685733
0.07031029606610723
0.07719107508603677
0.08517989664015707
0.07346768415901493
0.04085348757956437
0.16010033745562094
0.10941602567875401
0.10435813693484022
0.0799828216204611
0.09094172668992707
0.1159970085135862
0.08055329638684981
0.012974710533781247
0.05161503840637303
0.033893541041959706
0.05286193656632284
0.04223819081430065
0.1203284649862955
0.06989331165375975
0.07940008298343287
0.07366789281849455
0.08299481636741168
0.08853495266847844
0.04575316150275053
0.05632051766285424
0.10476527670259224
0.07128546225417477
0.06708844609149708
0.07520562015160447
0.04852384453086197
0.0674871030867749
0.05763656836234098
0.07808435121472686
0.0667538871845168
0.05120448063171425
0.08906104748693945
0.11331301530983835
0.11722901249934171
0.0141056183073435
0.07772021572291213
0.10445467003541536
0.06633244151145333
0.044502412121620614
0.04584927362010689
0.09284789564741273
0.06471002124954531
0.13335016220887744
0.06340321346601051
0.03444443831258502
0.09210846704506172
0.02031404496361529
0.06404660137443871
0.04152283247152968
0.08094258032270585
0.04010721567568136
0.06509200224653242
0.09623426256026762
0.10423457493995643
0.059257978532279876
0.07165587933615765
0.061376435463481635
0.07979009144476543
0.07966524833152469
0.043701537218040244
0.09263509578067913
0.05602153091361242
0.059761896799414925
0.1022672480089082
0.04142418589066446
0.11377745262694208
0.049917169509980305
0.10422191519454832
0.033200122621904506
0.05860317483946141
0.05438000653701714
0.048116365785787145
0.055840071913017895
0.05962680384540135
0.06819000875235094
0.028748037842825265
0.09941023710217664
0.03131443417011596
0.09844446819990675
0.08139768904351836
0.04696198882917085
0.0998748413968957
0.0708975163026432
0.0472877925556382
0.09397203483440951
0.09813470729409506
0.05008014386899658
0.05184203715627772
0.11332255217245796
0.13372125441116706
0.14436423202114088
0.07206896233110348
0.11818120984713221
0.0842051426331168
0.05048356993619088
0.08544554409330321
0.04149953144594656
0.08442039364559226
0.04146499536768552
0.08689108396345376
0.10681538020189478
0.13608239185404347
0.07558543154664436
0.1374012149987517
0.06716901698122354
0.05844098230190127
0.043394221205330666
0.06346370768292214
0.17711332917574124
0.0737249419053499
0.06907469841925142
0.09874542318119037
0.0900809824329897
0.07994577429424066
0.0988641600696613
0.06768371210506703
0.05256319011073319
0.11019876884414806
0.12600789099903473
0.12744505273038434
0.061437872800690886
0.08582895034709366
0.0625188755658433
0.07900777578304985
0.04189335427642105
0.11629905795462134
0.16505299626732842
0.07794969374843252
0.05382119335368398
0.07518847727192718
0.04075618537255632
0.10618668386419144
0.03762208695912893
0.04505843492191587
0.03286835565709117
0.0529110534390725
0.08154568325482875
0.0889783935005221
0.0776429360130857
0.036559730255248904
0.07001853151407891
0.10147119339501796
0.06318739122700893
0.06679077483268721
0.06934294992328503
0.05499487983012698
0.049424707737808125
0.059230978254417595
0.025971123488592783
0.06820739116395763
0.04950864735969913
0.10409260844003582
0.030126997215328053
0.08682386304755176
0.041641527177127
0.05727627868576623
0.07432879103488357
0.10985943609417045
0.10783535454873318
0.09948006821729978
0.030790971013966502
0.025200661051617446
0.07509032387588496
0.07843724393837401
0.06877367488195295
0.01809393683747961
0.08643418898077311
0.13564250399605735
0.054835753526963744
0.053667133482727704
0.10241018450459166
0.04720811743188443
0.07024643033164467
0.07442709406307854
0.08004918673270987
0.047509817028020575
0.062024144835103726
0.02021049991819626
0.07294208326913156
0.06670514736193742
0.028089183755421965
0.13609699596356734
0.03046620758522901
0.11084130347137207
0.0672709798316615
0.04793605919669999
0.049142925367421125
0.05410615271563119
0.04299360748935757
0.053854961742883754
0.05418686805069308
0.1168642967757493
0.027968810781760795
0.08427802965495915
0.12949434157882692
0.09684116387358875
0.02414516845291235
0.08880359847691753
0.05731552538006694
0.08964376551093892
0.06863816218262106
0.08802288849758469
0.06554439483207528
0.07659034063180328
0.10187894083727102
0.05172849473914008
0.065143051537321
0.08119949076229598
0.0792767867524021
0.05024502257997998
0.06499994262785684
0.10103401134955868
0.06497234747337292
0.06514563533450425
0.10266263228810626
0.05678122533964109
0.05264384353006484
0.0910979980322674
0.051467470733246645
0.08325729665093885
0.06085237527961217
0.0761770618157615
0.06685287665110339
0.09390462341044847
0.07073731281441166
0.05372094010487879
0.0900962568890586
0.08262232280889573
0.052180932442276305
0.08028135706108795
0.04440211671456576
0.11909297018628748
0.0816928156405461
0.04307805255145037
0.043463212167314365
0.04399517254493321
0.06518345051649865
0.09041545011887399
0.07191059641368928
0.10020489749868204
0.07594962484337922
0.04833643871986075
0.045224187663858426
0.09402757678023721
0.03525820122053651
0.08462926850390404
0.05777946842510373
0.0897851526099071
0.04336011577616411
0.07710661885300542
0.08494776445388862
0.04582216069366315
0.10819144436956565
0.03246575412944019
0.10733816771288036
0.09709490964436421
0.05529941145357196
0.09715346015687505
0.15206854139629666
0.09071294656315204
0.10568836298186912
0.10107822173242549
0.1154550501032448
0.03782870276802192
0.07400974285163923
0.042281226913018236
0.04297862677124914
0.0458346641982794
0.05786993890367659
0.11158377032786986
0.06440772160682526
0.1000654647024923
0.08950181247403656
0.055914389788604524
0.06664848435453126
0.054102418920178974
0.055829156459776576
0.10368241653783529
0.0318943359099676
0.054831694950946884
0.08225371854667299
0.021811427023789295
0.052695897771212794
0.04856082785672317
0.0467601215979637
0.07228276264515526
0.053241482539008594
0.06110041226926745
0.1182164110254508
0.08734022698349693
0.05825851015163697
0.048119541936962086
0.04544363910058131
0.06194757548704586
0.0989339434456147
0.06912980920885851
0.04452986244009264
0.06000145158142261
0.04813129272517467
0.03806502201525507
0.09877936882900111
0.0427176753827903
0.06355328226473278
0.024046896728894252
0.016661047726348757
0.08884935332728432
0.032090824804932576
0.08437309244533933
0.08872880646888973
0.04939260771584806
0.04462394020736982
0.1129352146954565
0.03913711633747753
0.12604664063217544
0.032058458880169595
0.10646954606979184
0.09144613322865407
0.0713310186368156
0.0598685179005672
0.046371771615412755
0.06213306995090628
0.034088299598803204
0.07754598502313281
0.07112514554057925
0.06306479000593261
0.07926744431540321
0.08286033403382663
0.0655142676116855
0.08012528642055372
0.05012570494127084
0.11225200304322641
0.08511379939551435
0.07930475635000618
0.09719256209017867
0.07156457359909853
0.03568851214750492
0.057238634036442346
0.08462239613363627
0.077138921583987
0.043644056425599834
0.1063527714337635
0.06941334235803867
0.03260432332031929
0.1402644306415073
0.10366716359843459
0.04290123608612668
0.04426323844376015
0.11377794747053567
0.08439887315569393
0.06759487174574004
0.11412475266155934
0.07672840020708285
0.06920678815472904
0.0562742856142763
0.07568661142483957
0.0687551059529456
0.06139695304021446
0.03994457254981812
0.0571002378255962
0.045061384588344716
0.07606433969235733
0.1107068210192113
0.07225403949001187
0.13226282074271256
0.06765172088342768
0.038340484816060796
0.07324995599689041
0.08108527410345943
0.04505141048423234
0.09209375554220937
0.07960003476733045
0.06291862968068977
0.1089480908220435
0.0598182554812696
0.046509400766220475
0.07352420969723725
0.05485147227383494
0.05553751118676754
0.05365232066363711
0.049137856039759474
0.04793106186852088
0.02862904697906899
0.08348896845838155
0.07128520237836881
0.07201840037308803
0.12627188019332913
0.11716292126194398
0.11401146137265712
0.11940220951607562
0.08542375984980945
0.0882420244654552
0.07763541155765614
0.04731696029052399
0.08999636318064472
0.06328955331750309
0.14547327224299608
0.08565615202251924
0.0730149624280201
0.0803510412859245
0.044976203216691726
0.06971063461867212
0.07201960297268194
0.04750350835845415
0.05166796532701838
0.09038540654915911
0.06676282584584597
0.05729667944291777
0.03218861278035273
0.06828719327894388
0.054005738531421474
0.1093437322940246
0.03998345911326174
0.07927211611099122
0.049907995803272306
0.07366598966177747
0.0598257754113165
0.09523633333784383
0.0540334880136102
0.11296284923267638
0.0634203953074076
0.08385156100908792
0.1061037094371072
0.06575828784347353
0.04809488115301521
0.06339540997016317
0.0754283097794247
0.05638073821647006
0.10057397224202637
0.05300453814580205
0.08087131294162887
0.08840070891404753
0.058915450190631755
0.04310858176729355
0.09299128292791659
0.10778147035112795
0.08064352041608208
0.09701946934989328
0.05831878268447026
0.12223311571183132
0.05352909415480089
0.05573520354501759
0.05403969316212993
0.07104726909554425
0.025286072841251242
0.08162346896433205
0.06190612754360158
0.05907999701804106
0.06291324613603337
0.04822002060732523
0.09052054755403938
0.05167944034417397
0.1183285268698818
0.06805425234186398
0.04022200479440209
0.08707823619809775
0.08867823270604873
0.048919954260147655
0.08533693674894219
0.08161406640853275
0.08645235267224806
0.07032797855083082
0.047757822327279195
0.056254496904012796
0.10290453084792865
0.0621387006100724
0.06335366928159747
0.04485060541907435
0.06976722994358997
0.08249528256754979
0.1440359317054832
0.053652513244033403
0.05167790014622602
0.08477862309017689
0.09979950040462085
0.11662528486812553
0.05287601972259334
0.050346976745606106
0.07021917999823478
0.07957448209631161
0.06044528240865303
0.045741609128943775
0.06062441826758205
0.08533812319698839
0.08156850952555683
0.07134722159878454
0.0829336289619918
0.05049424287193856
0.03655934792591405
0.09108178082317278
0.052255962214068134
0.06653919891870858
0.029547289790833056
0.051021484754060875
0.08338344729703578
0.0740333863466346
0.046552989947295585
0.06340950215436009
0.030228875337621967
0.07582116985812656
0.10248184560683066
0.1558412692216452
0.0527103446790245
0.05468102985525609
0.06740603175656348
0.06773326902581753
0.07786966329230184
0.0748061445733605
0.07180244844487592
0.06584375374926657
0.036639433755406646
0.06812913051207203
0.06632452695665596
0.04008819806090651
0.07879006463972843
0.06399051503819947
0.04515418992041514
0.056212045741993975
0.06000029051321765
0.03088216379919871
0.04438443432470031
0.08048308253792544
0.08942411990239048
0.0471095274998295
0.06685827906997494
0.06771283738805882
0.04932363412751362
0.08247521499254583
0.06996773022478596
0.053303163804702916
0.07865045246593592
0.06644716972534072
0.06537864457013909
0.07691523255114655
0.06288970015192649
0.031623023293151864
0.04716095684294792
0.051828515346992336
0.08827486137479466
0.0538754392392805
0.0869760050602126
0.03851514938899483
0.054800642736987634
0.058143999486205446
0.07385994230443954
0.10339238554889747
0.08164127208418144
0.07252832573635673
0.07735323357310729
0.08283062889423452
0.08288344965710824
0.04093190223711611
0.06559674036504454
0.08813353979516914
0.0825295110612339
0.16215652328938504
0.09912040985145508
0.07320847427136622
0.07372032690670526
0.06267136406449866
0.12495792198975426
0.055754901413922725
0.0718682083728156
0.059470743847840304
0.06347178580960167
0.08900626507778144
0.10665749883520777
0.07500902538636355
0.07621081967970313
0.06371710831003051
0.08562667627424626
0.043346130721342586
0.08532109124453653
0.07659138101341556
0.10024015917451873
0.06774506054456156
0.07788919670057996
0.13976922130221597
0.08524919238814481
0.06761323762172787
0.06586902340670865
0.10318445115190879
0.0596118179863507
0.05898446809367142
0.053078557613913675
0.06178793856454991
0.07706372471588085
0.07774123169836661
0.033872871237646394
0.034349779021287115
0.04347356450595945
0.06222925592307807
0.06979589108160665
0.09304443159553369
0.0751737400765371
0.09502254352228269
0.15694321240969714
0.07858288963962785
0.08402934674809906
0.05605235148019909
0.08319547971080589
0.10602170836799257
0.043928309826724694
0.08484023585994888
0.06819425682446328
0.14210856396603952
0.03515457285073924
0.07553845490081709
0.07745010874156527
0.08118303952803924
0.14536122434720675
0.10229658263673332
0.11352660838171687
0.05344488192919296
0.0402083360981905
0.09230533313684713
0.07067577196665666
0.0799521258112132
0.07607024734919202
0.02824746951472041
0.06623042961006496
0.08249036770860092
0.04454597925670733
0.08023486183119191
0.0794116809147597
0.07524734260959622
0.07850409535741032
0.09460571914057163
0.07332008259258728
0.09183356301194881
0.06544528328906465
0.02621920398204475
0.07226643421424747
0.11485908250031344
0.07404243441256064
0.06277034066549333
0.08842486098166386
0.06736794386403007
0.05902016775111513
0.06474102939314008
0.09955844468779136
0.05579713831053469
0.0873403533818778
0.05732430324114631
0.03936297864523727
0.10673580063404013
0.1226511762304201
0.10401746666266243
0.07672197694847913
0.08149349249564401
0.08721961175113892
0.0631399299389021
0.07600653082490554
0.08566493331511237
0.04179129075707477
0.07090205174336561
0.06698099985645473
0.0767300580420224
0.06377063476118904
0.1643096646961065
0.037688670747672896
0.06259480873036587
0.11248428574655821
0.03175159143302085
0.10498802679082107
0.13220400442071445
0.11483210096768495
0.07137382098395648
0.030913946902423408
0.09622431505994655
0.04526734628286205
0.03564270392508034
0.04453734019516107
0.07115883994325299
0.11143063627246826
0.09462596914086972
0.06545138441999684
0.10326879753429132
