0.06966502847430177
0.025396864499826997
0.05109786859955853
0.05688406768992572
0.055537414905200554
0.06780669093914062
0.049327632872618474
0.08300431216689715
0.05846349765410347
0.10958118401100064
0.05195023830484736
0.070704675174675
0.09018219788325238
0.0834329623979295
0.08202997875603103
0.032337075721156704
0.07437019685039709
0.06523722679232064
0.06794294920716548
0.046899979231284875
0.04296269988353211
0.07462762222083899
0.055864295787391265
0.049142609000263654
0.08889921414296599
0.06758490544379152
0.0655727674311303
0.07269598721202462
0.06889682423761807
0.04653619297384067
0.08747020665297679
0.0893912198279939
0.07755354546860277
0.088574363111626
0.08664827973559541
0.04830132806408403
0.052889529844934786
0.058880402478213266
0.07193896305872674
0.11117017173385765
0.052619760852731186
0.10484086358655033
0.05448117981607359
0.035678411287521465
0.10009242524184868
0.06357299739392305
0.05254495532481605
0.060355187478193954
0.07233318951248108
0.043122808039836175
0.06888993514325897
0.1032145962656129
0.032615668578907256
0.09293505497050075
0.07727899203209794
0.08214537475735048
0.04664173759353697
0.08892533639466302
0.09267689471435611
0.06235376938794888
0.04715691173415872
0.08976996349269825
0.04779907039502196
0.06396770141220745
0.08526726219024908
0.07506140723218839
0.059974639459866246
0.052483190492585916
0.05791412818999801
0.08340460042019932
0.08468799479340566
0.10771851715709667
0.07183496291997363
0.07139588885808634
0.030633292671285336
0.056606833475854476
0.05152711494891322
0.10175476735387708
0.06550873662956133
0.058356139546009676
0.06244604591442796
0.020608489161003506
0.08193396299151214
0.06252057988084461
0.08605437881772542
0.09127764180638864
0.1173596742753319
0.08185060112165618
0.10597925560973835
0.04635698262281337
0.09929623914610203
0.11272036537784742
0.04459224039088736
0.08408446701075319
0.13385237168963032
0.06167944674187468
0.052172532469874064
0.10232467351524023
0.07653200096912702
0.03670072128166015
0.060745820497540626
0.07700427546715831
0.07046294928191806
0.12307993595347846
0.050206669326037894
0.04950984223372039
0.07590688311718474
0.08740343992278893
0.1196686433965291
0.056111076394383605
0.08068834232785557
0.05419426653365658
0.06220591613222426
0.05378401011451422
0.03620983282449606
0.07367767896089886
0.1070009435073752
0.09456955779972664
0.08088197023889439
0.07665906359329824
0.034492864894660774
0.08078300488771142
0.10701317243901695
0.06456662103041878
0.09157285917607734
0.0813751630798921
0.10947758767370235
0.10506233113816162
0.0836443554311578
0.076299636869251
0.06002831496001512
0.10125438883748937
0.07860548990729052
0.08344053480868889
0.07381916707935665
0.04556118859484296
0.05328768780399905
0.083262316621878
0.04025175631979711
0.0644791830021295
0.05630072051470025
0.05595899663510257
0.08782863422539383
0.05622525098073903
0.05746188234872539
0.05011745758620248
0.0797921952564781
0.03150270150633207
0.0817749238379315
0.08019798645696471
0.040354610244933004
0.06687787806847963
0.10317080093785524
0.09042078040870886
0.041046724908856955
0.0758706787296391
0.04119509822776163
0.08389903103749889
0.04204074384910601
0.048176904828211686
0.05962118369136547
0.08451354063454987
0.08011973316848552
0.09047546240287466
0.07361159617586818
0.07357002508663628
0.12567031171549792
0.0821574858504142
0.09577564960058046
0.09524083305852112
0.04380407780786036
0.05755870384743291
0.10368743727998742
0.06347722670359404
0.0696497156000432
0.04870883824141296
0.08995342280366962
0.08435171145221033
0.05869102293948688
0.0821809588710336
0.08673189638882935
0.061524010126352176
0.0635432127889156
0.05616107132235527
0.11070996963533392
0.06692758059542414
0.07523204831735836
0.06031193085087871
0.11708349936563822
0.0716273405044448
0.03720544865179499
0.03131211154873799
0.04840836277820896
0.055062974452209534
0.05851784326969989
0.11877368929886933
0.03441670173916824
0.06539273359205541
0.0713105546845256
0.055057078072445996
0.04767983134318062
0.038281123409627096
0.057577716333189956
0.09610046362871943
0.08137250494368621
0.09844882994628093
0.10484405302971306
0.0885572719242433
0.06661686787066216
0.07429282661362874
0.08928911231500951
0.12756808725229968
0.030976622494820128
0.07711636696689955
0.04761747148380792
0.0732493653045128
0.07816994883670703
0.0913591527881275
0.024219756481330075
0.08265310685165148
0.07298779814581667
0.018960827822378398
0.11095314396899035
0.09364424463630126
0.07380247273133851
0.05820764897646164
0.08138273703788838
0.07752223827816808
0.11569313741393925
0.11284167443689057
0.05429030451180957
0.06817219462041867
0.04737811018612103
0.06687088170098254
0.05639014679757935
0.07716960532367832
0.05630413616511077
0.04388832890715847
0.09535536592853837
0.10318395711956999
0.04353621281250058
0.07446732301474134
0.033596203467382256
0.0893899960445612
0.11967861339458002
0.04035123842326537
0.08012362371143533
0.021942252469252226
0.10346735214750985
0.0794345989719408
0.09016578346730963
0.05413156085336824
0.1371476727738036
0.04645932303480321
0.07163904588388874
0.03868143131952417
0.04656838013344991
0.0595709358295267
0.03565922696102427
0.03300104992044286
0.04421613205753671
0.06405993713683997
0.07454830753264868
0.09981431397909168
0.05346439393968266
0.07127778402613262
0.026798933835058207
0.07531005182770958
0.055650066894321934
0.05388866270472009
0.07085114166832501
0.07359370702603317
0.0660768083697432
0.08444855292514937
0.06330772876275602
0.09286673789236388
0.06867214878665476
0.04287459765406032
0.07447922540522993
0.07031018565354957
0.06586407627923904
0.07257447130045987
0.043846696467062296
0.0748306763337587
0.04803410993842266
0.08489387868835588
0.049276898791562086
0.040611878221324775
0.07598397496261775
0.11039812549096396
0.054391379957772795
0.06412771821151118
0.04369494511313972
0.05804159822929487
0.07754553981230379
0.07173066327270594
0.0763690147973636
0.0721880297092714
0.08376168704596557
0.06405536322920624
0.05205769739432244
0.04566938972897273
0.07799835967866055
0.10657412091690074
0.06316089172389418
0.08313915465758596
0.05243356611411628
0.034927871927705946
0.06243901285456395
0.05054969090985151
0.05456284011890726
0.043203999977382446
0.055297975601988694
0.040281394314749135
0.04609585724451497
0.09971296043011046
0.08026827101016563
0.049771931457942196
0.09152264005121016
0.08317576176467126
0.06533255758078148
0.07485122694907843
0.05977104098626431
0.05648458966530535
0.08398357795609045
0.0505058152947952
0.01418860445125415
0.030284941565598238
0.06038336503399567
0.05888846021437347
0.05609222626960276
0.10158313388638969
0.07960916194528214
0.1063703247801324
0.1308877071567248
0.07390489478073088
0.0717907447184756
0.13112101913822038
0.06867842563103403
0.09952391399144019
0.07224299936424997
0.028885555429072392
0.05179382912579448
0.04500068167440094
0.10186987155688378
0.05090950059146314
0.07050337703984483
0.03792564247466787
0.08164031448409245
0.1536023560883541
0.05811021701335796
0.092846533272775
0.06956836627129567
0.05524271728019902
0.11583103403909008
0.07829673533616226
0.10470356548375274
0.06434153105078515
0.11693642224876018
0.06286469600209085
0.08746043941609478
0.0552384132118484
0.06916127704762835
0.0701945318282807
0.1362326085124989
0.1380355116706635
0.05864712127184841
0.10661926355842842
0.0806226299408865
0.07996480415731343
0.04523706322586764
0.0398156322535539
0.1220047088529429
0.04597705216229642
0.07142792041368233
0.03977774587356508
0.0538745271620638
0.04701918068046667
0.06621360018332458
0.09880667490832405
0.10320319435105003
0.07368712692171211
0.08265476207614895
0.044640415575972876
0.046199899296148775
0.06353765106437538
0.08551458037844847
0.07170723551744936
0.04827707247474647
0.08070683029600366
0.04524483698829096
0.09036118595118839
0.02810235019369556
0.10920642990413969
0.059300096529972694
0.09457436481065122
0.04097112818859586
0.04618591217295675
0.049566453158562694
0.09191659511851077
0.1038378025709086
0.09836718834490701
0.04146079799548828
0.0592396168074442
0.046552621730294695
0.05675264703541773
0.050823319268788435
0.06022818848766328
0.08084080912099405
0.06833364238984357
0.05205146079382915
0.03549705474814916
0.04267206453319581
0.06673034514904781
0.07269443850347884
0.046339430214767316
0.07142387520013789
0.07289634609203471
0.08713282186863584
0.0668328507045844
0.053222850431103405
0.10964573967837103
0.08761643575859714
0.07965916990636325
0.08269912297106986
0.03983549632390901
0.05459684809122213
0.06748799445635467
0.0632495738066237
0.05444276535997835
0.06359406294903462
0.1311958011478451
0.056548349346855896
0.046450572898795645
0.08034460257538242
0.11224086033819927
0.05735094543362351
0.06339282574913682
0.08060126326552278
0.06087364099790289
0.07428510020142769
0.08900968930240914
0.0807518177251725
0.06833932314950142
0.06984611720696016
0.07851248691878271
0.10059233843133528
0.062077062789137265
0.07313954912704831
0.06792645493008612
0.10729662038565314
0.05970424105410027
0.059183690146423426
0.06936076735926028
0.05208706616491675
0.06392434081651639
0.07140140032653802
0.06395887872278211
0.12342898635214514
0.08544952407268389
0.07869226323717357
0.049375846754321974
0.037015194742226365
0.04543990061631915
0.06374001982881647
0.1047788860763436
0.09089662866081873
0.0915598069030255
0.08868607527170237
0.09637087494003849
0.1327687387962615
0.05856385098678111
0.04552787041808105
0.06333098735534204
0.054758746987384185
0.038618371165983184
0.06347579157777565
0.0536596951552163
0.06386729431674018
0.08235584722287548
0.08951892205791981
0.08774968994562099
0.1148292121397511
0.046081263349533094
0.060003827401172105
0.07076294361972263
0.04477597141698478
0.05293654876884364
0.05877306190960277
0.06102894420056595
0.09922452175252672
0.0658370933642134
0.0809283277736854
0.07288618340761012
0.06367883436512153
0.04607123049737249
0.07564531242469895
0.06339980792448423
0.04743242306509125
0.07848899387896195
0.0908305620042205
0.045560781870706536
0.05311589349481558
0.03924349522767558
0.06377304847887824
0.054349895268461255
0.08075988664344044
0.05693951204308328
0.04776238185234768
0.028411224989354653
0.03418101011973898
0.08176002598266369
0.1104805106013446
0.08134517988745543
0.09818825348230824
0.10751929676713816
0.10683385441164547
0.07257062049008028
0.08359314358150963
0.07069337127372886
0.09803767802876864
0.03442794652262715
0.0804038385902587
0.06170991812651141
0.07588514679335824
0.0938380519507883
0.04088784525508519
0.10458003300472342
0.08178762351915736
0.05407529138931369
0.08525744943077489
0.038262615241459304
0.10241253624996376
0.10591057570183618
0.04249862954535452
0.06271869953405448
0.06985514876856778
0.10675197669880303
0.07586785522568333
0.0774645662444385
0.06408759100046026
0.1060745440705923
0.06985380933101572
0.10482659382370384
0.09204099734206
0.07178485617729594
0.07597852233379809
0.07915066504918142
0.06805974071030879
0.05405392183665085
0.025230559641785187
0.08591160293673634
0.10418116588720674
0.06408616464067254
0.09446714391340474
0.158091185265282
0.07997462094053563
0.044560135367019166
0.06036485736809126
0.08630339956043388
0.07820448748176788
0.07470364212459243
0.13351741610586312
0.08836567686463025
0.07446074274893219
0.03601321252696034
0.11387780995429193
0.04484954325784371
0.045407620009957225
0.06806261692876979
0.09657292412786682
0.1427262087112329
0.0853769851061733
0.11791617564197951
0.04972816342358757
0.14071140966985313
0.16443357828671665
0.08470531227181968
0.048286717858906945
0.11398168566843944
0.11096693515190072
0.04376848857003193
0.056104683506404775
0.0777149258811627
0.05904514137811502
0.03835304860550475
0.06819349057580644
0.054713452415124784
0.04751694960995435
0.07902986610619617
0.04470927778615555
0.05392586545008091
0.13955911877494395
0.057648289061738085
0.06928820503515164
0.06591905209125017
0.04284856942586609
0.1103029877485454
0.05103747654688565
0.020628900002358678
0.10394962875111505
0.090546851624254
0.044140907097563686
0.06964510163291386
0.07357064716687653
0.06394425948689232
0.0847851678378989
0.08582026318282639
0.08870187306458964
0.06860656283958902
0.05971491021875111
0.0562794147324248
0.06772186751476711
0.05599405378525364
0.09164145944613021
0.08516276660222868
0.11431635276170449
0.03218724126770697
0.06481508645324029
0.04862473537907902
0.07551704824448152
0.10833092041874223
0.09938113418437149
0.08601767966947595
0.06588187151055186
0.0695775374505175
0.03671451112610411
0.0930925877826869
0.0706601632750209
0.07630931068477136
0.09593902074175925
0.07062933914842624
0.11324107516258751
0.026662464005058246
0.10931151542028827
0.06910886049080861
0.04542497116064983
0.10917018378710637
0.01820448064729171
0.08713259829570792
0.08491006175307304
0.0349655394824116
0.05967866775334947
0.037596642285797635
0.061056567768155455
0.03590636805492366
0.06090229732627483
0.10045663445602171
0.06564561418208746
0.08135017769064393
0.03597283923550248
0.09788920618029218
0.03223459199874191
0.05179557764547106
0.06384270572278199
0.07231527813681811
0.03324140364298639
0.06367254671000581
0.04943793803454981
0.0502027936565443
0.06739991944580807
0.08235177753737422
0.07912143233464125
0.0345866534174292
0.048725599316114164
0.07661494945261796
0.05877828274663582
0.07720773418129653
0.16720765134450546
0.029728839833857934
0.07338413669020794
0.06485554951831755
0.06177095099298522
0.08080952019973389
0.04354877641857723
0.10395560658410269
0.04971758728222455
0.10541664888630281
0.07190650538559765
0.08047824086550603
0.12984852211781123
0.05666060366224605
0.07627877769815805
0.04252718446692155
0.09071022635391691
0.07429559869263462
0.05411881969140851
0.07512204647206401
0.039820321045212013
0.08881154474737457
0.08351888452630848
0.07727418248512713
0.03208442391308662
0.024223160913128008
0.10287389522008003
0.05519443242100315
0.06272336886103214
0.04045363837242029
0.08336049393470545
0.03193406813293172
0.03552798421489486
0.11838310370179422
0.07941782516319049
0.029027947385881065
0.06935602561210827
0.06752613235911431
0.08889889660298546
0.10331820530064763
0.05539162882526121
0.056686307556905895
0.05363270094080593
0.04542180657047603
0.048099056580138064
0.07880817532415803
0.09762159340353864
0.06264657878182979
0.07528903332269866
0.11444272468521163
0.07102378520745996
0.061134527518999046
0.05942698396296992
0.08341430978652803
0.11710882530587102
0.0374917243309696
0.04188757592910255
0.047309325781401866
0.05256305009433742
0.04296579396677749
0.09755209081785902
0.06985393187159894
0.04614587978308005
0.09312451062412459
0.09325962926361156
0.08016128470673656
0.05793347239318151
0.1153314753247252
0.11763259096238284
0.046134903872157795
0.04200264639019233
0.06174598147250188
0.05514059263325192
0.10295650872184779
0.07404604255564086
0.09505935448233524
0.06183426381565723
0.07779112011935027
0.0895149662162576
0.050860627536747784
0.054301744654270484
0.04759258160434443
0.07986586881966613
0.0652431208112344
0.06686505249583426
0.1365006339958398
0.044558655300115664
0.03291253167578439
0.1378639990608756
0.06268459953675085
0.05939618706121069
0.06947836586716073
0.08286420060761887
0.06035173200793857
0.06923045412328038
0.029221026596263366
0.04697130226306932
0.08551235288184515
0.05759526173529349
0.06596171336941828
0.0687947364808154
0.013205370410553247
0.11426866490762926
0.07038346385630782
0.06821368771254281
0.06807417997737349
0.032982297022466946
0.05601590313004235
0.06749955703311168
0.05810086272907402
0.11048142505977891
0.07435278806436538
0.09923055227068514
0.06434997928248752
0.0363732668040918
0.06517474163854033
0.06933131170771589
0.03395124138735875
0.08338545137966838
0.10648481112293907
0.09551577570050408
0.07159905766234073
0.060753850199784715
0.05473059398136367
0.05771637844664907
0.08961112105597617
0.04030428282658418
0.05721200975532321
0.06215052843537084
0.02965736757974423
0.06416509106785132
0.06802112209383548
0.07604884655861467
0.050007524048401426
0.09765132773380521
0.0647527601919954
0.06317855769877202
0.03875876815764206
0.050195307096957034
0.08090429724345227
0.058496921022048745
0.13289588155637602
0.08863351771062628
0.0456886145908858
0.04391201764175392
0.0793018773187097
0.08728664576292866
0.08362383625522384
0.06716505907209878
0.09604315635651196
0.07468996670873446
0.05762508796346135
0.033267378732621825
0.0436249170809083
0.08293227680582964
0.04175639782122129
0.08300073619078274
0.1046447821293449
0.06345862999067509
0.09137380697274326
0.04193203956682951
0.06554666392058688
0.07241404564221382
0.05039781667043279
0.08126371253785471
0.10979832663607982
0.07727942963787404
0.06688833920588216
0.127118285190439
0.07897365462343646
0.04630810217944027
0.0857067104382439
0.06958024089803073
0.044548537188155914
0.0417670606001919
0.05543957713282884
0.15995409705862884
0.05204888348473425
0.07590687659825253
0.09957241415244437
0.11965616695104474
0.06184581681056349
0.07787670279882569
0.08609367401445106
0.06802205917878194
0.031020683215885952
0.09175326597702119
0.07839941923346971
0.05640142715520467
0.10319835055106966
0.08174557660411277
0.10225178435604126
0.062158834050098734
0.09796021637758195
0.06635744572279666
0.07748186211049278
0.09052394782590133
0.056475775426984176
0.07714513169722485
0.028087113791322255
0.03383102425012988
0.06040379736397875
0.08602949499178354
0.06320496633072442
0.07028129785118581
0.0946344835472841
0.07163509702013511
0.04553475760024819
0.08614682067163638
0.0658597502939075
0.0811243533109244
0.08381739452069166
0.043544768239889745
0.1303286749536085
0.11075194297911213
0.04788435145612695
0.11286992729071511
0.08918902475941633
0.12216012947372713
0.07649519339746327
0.05184352684757371
0.09543903275218407
0.058135415053502074
0.1447475084036831
0.06437037493567352
0.07085531724912802
0.060286326871994665
0.10200179472447635
0.06757701278238365
0.048230276241853665
0.026119186377932195
0.06263584103266076
0.06046074508694812
0.030720978550435953
0.06433056826219806
0.06919226279296042
0.16244483020337386
0.07041356040218431
0.06841982598157613
0.07819409113776696
0.11100489788774238
0.05930847818003828
0.05408170595284153
0.09699604634952474
0.0306457509431244
0.11452148653410224
0.046375827291778596
0.05534335423107399
0.07963753996392617
0.06808444615686049
0.06030587628133215
0.05355543140632688
0.06917328109934819
0.09147626162708168
0.0682731263846193
0.08015975677025866
0.05462852758138693
0.03938983093082852
0.07416470224754033
0.12313042916371683
0.045696208677158755
0.030903441882332208
0.07035156938830675
0.05673550122476576
0.03590350956026732
0.05412900110698018
0.05395027980609358
0.06786071604812827
0.04571618838881109
0.1140114546986174
0.09767771748048189
0.09240117228110657
0.08285573249932987
0.06591956001314614
0.08518506045913245
0.044909512740901
0.05132385635057996
0.02633621477579587
0.07277481379704569
0.09754783641551851
0.056189788654366475
0.08182394404221477
0.07695152014707474
0.06519418679699533
0.016816832592596698
0.07983895418848677
0.10054396730479317
0.04889637046772156
0.06641316742897979
0.05399715223523076
0.080648934140592
0.06122152123318403
0.12351922995717296
0.05271650404230432
0.053603152668766404
0.09416421252747496
0.07840623843203778
0.049262627562045025
0.05408360821010745
0.07284139735219532
0.07626600004475625
0.058969152216635644
0.06614284095057886
0.048662456944991946
0.05275617493584754
0.1155303039662212
0.052818931260463116
0.10745101395905937
0.10754981195617756
0.05792976201491553
0.061744419820761426
0.06454272957822257
0.0890873505791333
0.082130753561207
0.07406098347792575
0.052040422646506705
0.0492259416790717
0.04300073418632259
0.07799198711647422
0.06599246395632664
0.03336648255332068
0.07852788895661579
0.06285438164423852
0.06700421914714662
0.07453227632068993
0.028393505535299474
0.04131220483433122
0.06515924024999402
0.06795676012107545
0.03307512488900237
0.10390051003630385
0.06431044361514786
0.07480276659539832
0.0458828216648108
0.06905706477536698
0.13074352841602838
0.09438443370157187
0.059768652212354376
0.04539326668250617
0.07021491824137474
0.1449059436091231
0.11484357074589008
0.0674109860403764
0.06531600796048002
0.047777754066160985
0.07236119677269154
0.10807511089571174
0.06902492847402021
0.03222542663138798
0.05242547099794457
0.06410375974391305
0.08334871628091112
0.10202172742118802
0.08686317285838491
0.12614647674080398
0.12246729055944451
0.05245074396398141
0.08344894062089245
0.05048333490415894
0.05085051469391993
0.04084738545500477
0.09078667189655797
0.06747693499381105
0.14578991833021004
0.020304171270646546
0.03685711909967496
0.059003253156318075
0.04019749610401114
0.07645589610468344
0.06733192568504026
0.09455982582398391
0.016111148467280376
0.058009424987632646
0.17796874052627212
0.11254260262078215
0.05443888312370577
0.03158489498144829
0.07402314173083666
0.0748525043628664
0.058061125975565946
0.044935111360269654
0.04434560230886457
0.09233869328883453
0.09814304902074747
0.039985707238939995
0.040554970377737615
0.09895111910165731
0.05606587772739596
0.050478067817139746
0.07491959235328258
0.03820290094715696
0.05314822930461982
0.04701642267307977
0.03705204776793819
0.05704627989189836
0.05908111213286027
0.065411727453812
0.08761951088863623
0.0701802460265933
0.07036216630670042
0.05832488545194817
0.06832347245457908
0.06790200951222734
0.10030504779661066
0.061120737185182336
0.07104643794292623
0.11110011169220474
0.04739759080858112
0.05524163968891295
0.05012202549774537
0.15619068242518303
0.07566383475620486
0.058752963095982054
0.08503425156352575
0.11417172135840604
0.06761491223666694
0.06489477791314457
0.02820081391790444
0.059635873269001265
0.06357796627105118
0.028813412266002633
0.04758587781020253
0.15726054813588816
0.03273470181310221
0.07288297857692504
0.13935174153619875
0.10519191606057463
0.07784422959306984
0.08333131183588664
0.09186675713436035
0.09608048426880061
0.04187272342044807
0.028930157939480623
0.09633659559502528
0.09014925392746993
0.0744998878337785
0.05337044909601007
0.03805291371490799
0.06586024979104041
0.10512467351063688
0.11656826823721377
0.09923621769110111
0.09946548252919826
0.07181841925416785
0.05369088386205161
0.06841274521786282
0.11375481502678099
0.031183178252104926
0.10667174315579708
0.05295374554581648
0.05053283090199976
0.055363506495054456
0.06572894445541189
0.09180894245187925
0.04605564401259203
0.09297375517718202
0.07119214832730296
0.04180177891238725
0.06834206494964791
0.11153497527380878
0.04627692428675277
0.04161787701867135
0.10088980619122313
0.06101228056541972
0.07987824257407992
0.09287588861884867
0.03687624973056458
0.06359308019975506
0.10640653769691549
0.09187287066781195
0.04559356478728048
0.08210231257080366
0.062334207921629026
0.09533751204616861
0.030420336819785714
0.06805436065999525
0.0467320645798546
0.1370817272843115
0.0634819610907767
0.09872344495122011
0.07704713123630602
0.04839679212806857
0.08740127437006384
0.08298932614619388
0.04908766687086633
0.08740425614451218
0.08497654577964271
0.07671464822352363
0.08356765676839407
0.054308314997994794
0.08181879010167192
0.05499802170580328
0.06084777138444419
0.04275524976968681
0.07064035033624035
0.07171175699140345
0.07602479496037302
0.1288243660435312
0.08607145680850795
0.09418029340006445
0.05194685515570296
0.05328163630297916
0.0388156316851464
0.0420726895266869
0.08210520100670539
0.07945882239260828
0.04416679089394402
0.0936325260584386
0.06899459701362541
0.037895574957930084
0.07673392945644598
0.07308199112111816
0.058800395211751504
0.0766204464679666
0.03207830417818074
0.08044424783651682
0.07877621528989232
0.04919504000712719
0.06523013620018756
0.06008726481151914
0.12002561699579009
0.05057186414519566
0.08040878801124067
0.10330423310372348
0.0565293249255998
0.09298077003367725
0.07769331225014932
0.09820882933655228
0.07226609158856774
0.07409572825929515
0.0655986067395957
0.09090818888688251
0.12131850674770878
0.07977633753828126
0.11338000799305499
0.07321567312038973
0.041761141248770395
0.05656425894634778
0.07142210806174482
0.07229058551593366
0.09761995278070078
0.0795915256264273
0.15388232851914294
0.06573283451807219
0.05627958779125169
0.05214360065001803
0.08783884793019554
0.04856727580650048
0.0673580673610742
0.03465382160420602
0.04550268543209136
0.04464893145939378
0.1278277689092895
0.0243018263679585
0.0840079116249469
0.0341033234310985
0.046254905092655965
0.07651871436523992
0.08662722533047448
0.04202686769397255
0.08079429009725313
0.10568169641316599
0.11430744712015903
0.053042098732980575
0.06580660134464514
0.051187397984757264
0.08571787990947448
0.121686361395902
0.04052834246404744
0.06783121193519315
0.062005889903251434
0.021943796330260168
0.06298432785381855
0.05364813164858435
0.0390249931211955
0.06644304313552923
0.03223979589855127
0.05637073434103829
0.15313456613245732
0.06340265292355284
0.025724946263292334
0.08914342883264978
0.06815949464885654
0.06026544107272181
0.1054073002698553
0.04388329361436367
0.054433293632111225
0.1461051721966374
0.04884151747138781
0.06669351478691031
0.13382230598061456
0.03889815352531617
0.09977014688050115
0.07395099824059717
0.07064697048503593
0.09514248387482604
0.05967529221350643
0.05592642800332443
0.05541630695863867
0.08941819279677926
0.08645668740800184
0.06178128777720612
0.08894882094153163
0.03007397001055915
0.12978109915491812
0.06666020773066092
0.03142161426020774
0.1257078722109418
0.08455394915970096
0.08566447486265975
0.06179150409082581
0.07857050332305344
0.06725589776690802
0.05556338152725417
0.08712038884053837
0.08665677947226791
0.05521048848971718
0.08263202582880665
0.032166562791285526
0.0596770095674644
0.07833984091938345
0.07058480410970472
0.032000650719931106
0.054462840171707515
0.08225336486875193
0.09761890503959353
0.029318191337533443
0.0766210916016516
0.06226641663252968
0.08510484750062088
0.05729251150392797
0.14019488070817832
0.11421735357435087
0.07791968224455086
0.14076438905786387
0.03476570726839276
0.052959486423254654
0.0673720442362111
0.06245833497947724
0.08334041290020618
0.05635318491252011
0.050957225316015
0.07096105911318454
0.06438969974094426
0.104937636448447
0.06713521301204439
0.09250388188087887
0.06680899082943237
0.07975184781137887
0.07234627251107187
0.07861918989020536
0.09028739966491668
0.09836135017056058
0.12214352084666193
0.05698814418298557
0.15970480260443828
0.056786465402036176
0.09717832747856685
0.03454230984430003
0.05321277366186572
0.07835940843705332
0.0750151882960793
0.04771824783592663
0.05805463159116433
0.06644242621382951
0.06677605753001081
0.04307055811584427
0.08594152451897244
0.11105760283310684
0.10181177142386619
