0.06425792563771993
0.06313551213155726
0.04521872941132149
0.07877395615634149
0.06177637601277215
0.07451691445743683
0.07383205796528527
0.05234153472676808
0.05837869610756401
0.09329663987037112
0.06544739506059723
0.05677974038476699
0.06602481463184012
0.08306344423510498
0.054555191610396514
0.04738564043789207
0.04231149744789525
0.08624741175717508
0.08284492924489197
0.05297315619569215
0.07448926802379567
0.042718717057957975
0.06497190928507142
0.04531340630891712
0.0884005657716283
0.08961544363195313
0.04766792801438436
0.08717863501503428
0.12374558406404053
0.07219374727711961
0.07300150253102627
0.05959629037405651
0.034038676189316594
0.053839664089185155
0.07252646888136856
0.09746297994527595
0.05777619529891618
0.09179717887751308
0.0406028957615455
0.09573056657788992
0.13990147352897175
0.09396956049272029
0.0540119707840262
0.047507977865231414
0.054753737756461314
0.05458550614115866
0.08936512594534643
0.08015038939115554
0.05501379667565333
0.07500542569580966
0.11300356548942478
0.06738410978561736
0.06474009304878185
0.06789371589580125
0.07805962121255404
0.1415766424323936
0.10470589865223093
0.046349449492237585
0.08714677806552824
0.08009668875234101
0.05059657634141107
0.1160278798506067
0.10635026541944972
0.07006856642881681
0.11196437752852983
0.055621879911334805
0.06467474740682323
0.06344450679240224
0.09668200287496921
0.04709456020256169
0.13567580321047026
0.09375291134939019
0.05447891166058622
0.06626792098435524
0.09399861095416451
0.05844123280812817
0.10023972644199435
0.09620500424306769
0.10300610416043927
0.08697184850764218
0.046923025180311696
0.07074984061148097
0.13584403784719334
0.041520161475108966
0.10989346941721159
0.11669792065733878
0.06380500834165789
0.025779781782222698
0.13650457887015854
0.05634963193474656
0.05301466068118202
0.11056245196214846
0.08719391051793575
0.0930316586490599
0.11797227809739473
0.04193533334066952
0.10839994924016509
0.06869374301301838
0.027039974527362894
0.15779848877160282
0.041480081911168955
0.06605719443776616
0.05529901806393213
0.07632654159674963
0.05945018377017756
0.02878709085834304
0.08821750235128298
0.07872174856883264
0.03272993685124672
0.058527075665836176
0.0560336605772532
0.044677546765808235
0.06600978031905037
0.07791206126342526
0.0615085272941419
0.047715102043496944
0.10685972163213384
0.0730377220514936
0.060267800752309884
0.0732980697945429
0.05619228951142325
0.11252895600996102
0.048826909650622814
0.06298737418358645
0.10408502279131107
0.05041756369831736
0.05738766958531811
0.08224955650617352
0.11030411993480728
0.06809141734157591
0.05399537057227014
0.048383006958568606
0.1800082353488894
0.061714660987684924
0.053342310583093695
0.06306403843625852
0.06273846026937013
0.08206330992669565
0.11916218246047341
0.11085949939097965
0.11785730798259367
0.09441203198040134
0.03537344623725552
0.08090310742971728
0.06069479922160564
0.06760637084600322
0.056546578672733105
0.026543986918734424
0.05377491124166279
0.15947108966764245
0.07797122785683273
0.07453933567408345
0.04545452738466896
0.08782003001538509
0.054095953920114674
0.0741676017577764
0.09552307680851208
0.07807589742080308
0.09856384699557118
0.10013472032228118
0.035051131293949565
0.03658715450414916
0.04303437773846843
0.05124002057703295
0.035966334077626345
0.036032106753338816
0.07181146751081648
0.08116105135482615
0.0890752050804633
0.0803412615217715
0.08184973542163419
0.049503374254976765
0.10524795898928241
0.1157136685189005
0.14186565735429732
0.06945414347276378
0.052819700048301804
0.045328640427964896
0.07795718068089792
0.07813227671883041
0.049191815829451244
0.08672064297570865
0.08653747946911958
0.06306876151656655
0.08475228055514873
0.08157301592949628
0.09964480680178042
0.05005765305568591
0.06298861613507377
0.105981063248343
0.05839038522807531
0.06021475770297773
0.12404020144510586
0.0699740277818555
0.03784240304352362
0.11259185083855844
0.06581334075199215
0.10563183844555762
0.07894290782866653
0.07092205809191889
0.028070497737943564
0.07234225859084016
0.06321882631032964
0.11658772041342509
0.10651108352585777
0.0822317751899688
0.11068923586735721
0.061873659843053694
0.09315242371974274
0.1022542994859788
0.06065587062899117
0.047269058434330845
0.06395845730128712
0.0667196981278954
0.05523428713869434
0.060940390601437085
0.04787565906146787
0.0463503809401764
0.07033305099919597
0.053049867094448463
0.1085064430238415
0.0715165093028819
0.04131515082904114
0.08311733311382195
0.04568967535300887
0.08434228369462717
0.12547949862944707
0.07888172446008719
0.05724542729909069
0.06489060117136478
0.05277266344930781
0.0456913840830926
0.059543998536329176
0.0594047389672073
0.057088325863453505
0.07369708096930964
0.06147779090754055
0.05804534485904167
0.07036584790813935
0.05790769575135257
0.07359287815743334
0.013822298344855604
0.06553231746889712
0.050288784295042105
0.0573760808683442
0.0840401542551037
0.097780903992645
0.07083669237847781
0.0495094033412462
0.1002590856636144
0.0845057828811644
0.09960724609782129
0.058045674969904204
0.054781292438140755
0.07812591565284063
0.040827126207283064
0.05808817974886062
0.09206015480972608
0.130262155351916
0.07830593215316804
0.09737391022307547
0.13925349922999278
0.10072896984551429
0.13505142833868583
0.06716550252176813
0.07031982776676085
0.09287001034597965
0.05821445522578295
0.09374018224951752
0.04395804900263305
0.055383995401965466
0.0707744187074733
0.07201202487574908
0.0387007057044709
0.08889453270691337
0.08014154012272118
0.07165225463716664
0.09722804763664016
0.06758317109017772
0.04081985586224757
0.10838647566966318
0.04697319810262506
0.05342085538541716
0.080576013307383
0.06713852320006743
0.053925482437511614
0.07813498322510046
0.07012515453935055
0.042665402147123145
0.045501594607773796
0.1329771547621393
0.045495561387420544
0.04801690181013786
0.08137747173381883
0.10127512020105262
0.07142572548104799
0.0339205079876856
0.06979308883343592
0.08906500081664045
0.059743902397537345
0.09061717457637262
0.1289009659717915
0.05805543957371842
0.08414887341146564
0.022390810971238132
0.1038954549075744
0.03361277519211443
0.09217880566097225
0.07477078331712327
0.06387527002234857
0.049767540769183126
0.041064871303152395
0.051891670955056514
0.04913680604386559
0.03324991868369647
0.07484784415342172
0.06689487590702163
0.0720493618396934
0.05799182693961648
0.10500815437052212
0.06975865778892663
0.12586218381427386
0.0930940886074773
0.047090847164685014
0.04572920876970278
0.03739511693507568
0.06468224624508238
0.08243789572359013
0.0931925351135866
0.06277377926354961
0.061432666575764065
0.08023872434941738
0.101034596567216
0.09078772526111029
0.04754226482274259
0.08597884073536834
0.1075956301953336
0.06201353354804314
0.11769553060679178
0.05890082239875625
0.14305610556441975
0.03156510894055056
0.050296746419383385
0.0503473955370145
0.04877349454129511
0.0312964852864226
0.041453970784208816
0.04940254458572054
0.044731291557152796
0.07146833617096593
0.05123986578265171
0.048158282065657976
0.1050982723808922
0.03336497866082839
0.09115608721038539
0.06423602938444974
0.06858372998028228
0.07897170662601281
0.09108050625872836
0.05437135745934626
0.0807558261843667
0.0851900983023436
0.08969868449300138
0.06648898283816314
0.08002803460023016
0.10003092494163185
0.07174445225144528
0.07180777865924613
0.0733616522791858
0.050808529410545464
0.07208095851958805
0.05588190305695913
0.0791158994895912
0.06400568692096248
0.09336881363700802
0.0783617711039898
0.05705434713920629
0.05202246762382443
0.055264900696662865
0.09516621517510855
0.05524957152865183
0.0788405234327364
0.04722784499469001
0.07638620215864855
0.07216080426733763
0.16034896199634333
0.09975640357088851
0.09291517571113915
0.03184690275388733
0.05870448854886579
0.05963004703592514
0.0865105186070933
0.021133026717643114
0.1305547008162681
0.03448238606349255
0.07474886636299663
0.07009897007703364
0.10647047065740028
0.08054409974210514
0.035603911518507586
0.031156424877128813
0.09128365402162332
0.08268733703011209
0.03495706490841711
0.059502554939351734
0.03147920349905602
0.07814013393474609
0.0650505503290574
0.06466708033482876
0.09500247054160565
0.07873072696006386
0.07624721456316258
0.0671960706214414
0.10002108857218593
0.05570544931178842
0.10591568378849045
0.05995841933946173
0.05993805148268782
0.0816591599948776
0.046855631746203885
0.06625378501249356
0.0424490625126235
0.09064004749890216
0.13420472455580892
0.05935008961207751
0.07546591950590056
0.06958287076091182
0.07102822014929024
0.04446239847798296
0.03880276806501205
0.014416138019237365
0.07397008391840705
0.08584280160766955
0.11806942099239791
0.0738725142120827
0.06685062474555258
0.16346502653815825
0.08418220747926096
0.033282624245509644
0.03217862613510336
0.07434714804232913
0.052715603661749634
0.07240088212004833
0.08283133473980707
0.08662718205475885
0.06945021158134623
0.06195974127372407
0.10672468068072005
0.08483906348898392
0.10773446233538991
0.14489858923077692
0.04263507336404689
0.03923155931533887
0.11273877595039151
0.09913608740178281
0.0765618650340693
0.07820550192841454
0.06106051213980044
0.08768833290835835
0.05850597087752243
0.07292141793851002
0.11738490929225905
0.10928306140881396
0.056281063680440974
0.10758357146108707
0.036013932545674546
0.07989658754702711
0.09218230807047618
0.09513218520128586
0.15025988698003268
0.07639014998046587
0.06484123564999275
0.05427583880220082
0.0844165037231425
0.16587568100738662
0.12384596830569593
0.08544598756469701
0.11537475928806934
0.09115569587907406
0.12708901936011444
0.06881421026669216
0.04917572463845774
0.0833408294060522
0.06797989710295481
0.04546297221783491
0.07295606675627911
0.05494972520683832
0.10719368909661502
0.0863133617215876
0.14138637980955088
0.04732833812918902
0.03504406419022687
0.08118178741053116
0.07240651052980458
0.01666837459100731
0.07531163815471219
0.05635230972568621
0.11135390640652713
0.024370846127634987
0.06907354130827613
0.11675119874451617
0.07102688057285968
0.09104893065178973
0.07026324228158713
0.0712013514156337
0.04528552217450772
0.07016316680073612
0.0457341180570306
0.10404639095483507
0.07426287745648184
0.08988263231350532
0.10862466313316428
0.07868299551059406
0.04409517780093793
0.08478285837941793
0.11580041373351638
0.07718982396436859
0.059306270290709555
0.09209681932911441
0.036545720808058416
0.03205297254823793
0.06277796563509182
0.09044411324087538
0.049843886410084935
0.11431098627639931
0.10589002953526201
0.08166152838231855
0.10058147987892382
0.044103748775598965
0.11573527410391636
0.046322709543037084
0.10967367314971516
0.12443836124994513
0.0749673396013341
0.08012861429443442
0.078667582574638
0.05679974478213836
0.11166689260384265
0.07547774954822077
0.06881195723092581
0.06381075214474125
0.1169470865478825
0.09965501818524859
0.04712671069228766
0.09199368466569481
0.018550731096668594
0.07523771737746084
0.07757525876912337
0.11276944042743654
0.0411366294293707
0.11949058434488881
0.07399780314645979
0.06949023000518315
0.056285272419050326
0.07317532040420528
0.1190797598581598
0.06890100889500006
0.03704029123768701
0.056371349940000606
0.029888354444609945
0.04794238289212934
0.06561802779583588
0.06559817904219434
0.06882227503169043
0.08606372991173958
0.06415541053006156
0.04663773385506314
0.11924707281498903
0.052926144971437265
0.059844967867033326
0.053488663178748404
0.05875824791860233
0.1156929287750598
0.0791133165252141
0.06616611738166349
0.05723757611089794
0.06490291782233723
0.08313108119693613
0.08420393707804265
0.04627485765437092
0.07074952637280002
0.10483187203571415
0.04208628977971151
0.07636332627499912
0.1284772199179387
0.06923943492313576
0.07757909034757147
0.05335196914945447
0.09277959804611106
0.11141237042216043
0.0860574923588247
0.06200501663311785
0.11333507933789103
0.0867008212186108
0.05795743231434873
0.05761705090175352
0.0776725981618614
0.08411513630904323
0.08287471179193508
0.09721055134086708
0.07423949628068051
0.055931311871506094
0.09208696238902282
0.04769829244498772
0.06814135094506421
0.08358198038806827
0.06382115629086914
0.064877197066819
0.05600362740872847
0.06084675513119671
0.0604663614989007
0.130147655176918
0.0498554738302927
0.059973940374802547
0.1424289549602138
0.061814507109189315
0.05894241262037368
0.07167263599304151
0.06504948960497241
0.04678381238345136
0.05719486889426997
0.08736172085781291
0.0676090894873479
0.0312936881331592
0.04611803479889816
0.04091598830457669
0.053693636248611024
0.0658316106425086
0.034176190176847185
0.08846917304786622
0.06040109580362286
0.03326321288418709
0.04368759097059789
0.11553357032612575
0.04634824614451966
0.08454268971896159
0.09660764810207069
0.05742936649208678
0.07334878163362808
0.045044447594425205
0.07914359799781889
0.10181938846095984
0.06474773102500929
0.032096070824480294
0.09572948633349991
0.07593535452061255
0.08465406430743108
0.043154417279605554
0.07516017972791184
0.040710526107807635
0.0677712140887534
0.07429815670579232
0.04736746211538228
0.1005581248454268
0.10027709934278811
0.09302385599332971
0.08537467027104297
0.08323821404733989
0.05576742851474967
0.05153259183779951
0.046673484334143304
0.04895943681228812
0.05025481645240117
0.03252152640827602
0.050740557501856805
0.08260664780816211
0.035380444817143905
0.036856989055448576
0.08387711338021044
0.035672494514761136
0.061050531212536216
0.1297786615017606
0.10654762194234203
0.0649672576051801
0.06364804558993975
0.07221195497696878
0.09602362761019492
0.06791893648060228
0.08543907454651614
0.06957043756342342
0.08482417524349173
0.07100827056918087
0.08450329605755767
0.09756923548006313
0.05363458906954966
0.10124211628348603
0.09208813471323546
0.06860914942313484
0.08256049892496739
0.06873333054755319
0.08355067380794795
0.05353644766103288
0.07609339316581161
0.04351223785073871
0.06670354658593786
0.07032880598110051
0.07606030876062131
0.0643546756362631
0.1621493557184543
0.08776923242522326
0.02920694398506841
0.056883590070699985
0.07769321060039025
0.08148283216209128
0.08579885020045584
0.05776556106729156
0.10598443924997897
0.07271971937086903
0.04269776301125704
0.06636115439855889
0.10039906340691754
0.061498120265995014
0.1197931272649611
0.07822893000099383
0.10607085176557399
0.029999299705512184
0.10330010914820544
0.09305471443158184
0.11357423229401403
0.03272096139413276
0.04723327744327269
0.1088125653992887
0.06681532357654366
0.06666815976851886
0.06886308595078647
0.02895080323015559
0.10636471260378727
0.08836394564903263
0.08841579193079768
0.047905744472809646
0.10656644896142238
0.06377643975936391
0.05429673957507767
0.0801552270519611
0.08996472862873305
0.047686852175395644
0.056821379766526424
0.05640629857161298
0.08399110125611531
0.0812409270062675
0.04159936332696038
0.057196171541898454
0.059890839882746766
0.07981100820221079
0.05094189499723883
0.04596165690743566
0.12329635388486015
0.04270212924416801
0.06888088425505799
0.07927353036499797
0.05182665122484954
0.057518073187627736
0.08077953353899579
0.09031022761769726
0.08516587995616183
0.06428317317535386
0.09956678878415465
0.031632788237451755
0.07679654034206299
0.06361842191187636
0.06400190076200968
0.050687906701242284
0.05768037395563436
0.0825914160748442
0.08491310158075543
0.11039666001106063
0.1005818432611682
0.02859430409862889
0.054587479768568224
0.0462866251195085
0.06542676858866481
0.05637739115780972
0.07906584235262341
0.04345442024995205
0.06385948030746745
0.051220700576306004
0.03298815655552821
0.0962355846362942
0.047261806961547095
0.025320799856812706
0.07362145555362815
0.05728850669440054
0.08107068835926813
0.05592759577816129
0.03287116816320814
0.05584683587284421
0.07600978285389472
0.13456415668827873
0.14552202312347406
0.05499441659649932
0.04330214551812293
0.07642156880607766
0.07775441512386934
0.04805765216771603
0.076831255434314
0.08426118843060205
0.06616065620425081
0.056785664151975467
0.0439902626932687
0.06998673352500925
0.08409388782605161
0.05974473560436812
0.07157371334677534
0.03474914600502814
0.0602390316484271
0.08436198040186574
0.07827053598684224
0.060004105720290184
0.063822644319552
0.06906022875305974
0.060109664284654585
0.1341638572590295
0.09771359918010604
0.08897552015318859
0.09630152909296721
0.06426135095649466
0.0790996738688793
0.020675462026279522
0.10108095543372853
0.06962675710020827
0.08716889158681285
0.05177388653014772
0.07272893772518604
0.06264324704618376
0.06269148218077399
0.05018996098980079
0.07812914430611106
0.08651480351622778
0.030672573518856223
0.06255042543068198
0.11213590588160487
0.0996391918118039
0.08663421282880657
0.08312702088586851
0.07497516750886259
0.04439032704645865
0.09473260562719074
0.05533214471794198
0.058641652677668944
0.045501627352820324
0.08096679245893915
0.0894019701925992
0.050108346093296834
0.045086805941489026
0.037745333917836105
0.06288917784768493
0.06880987807996285
0.051663960025304365
0.0873175972112562
0.08129589449683543
0.045158100462350546
0.12347902241233598
0.07280004718753035
0.07595187673423642
0.08541439819417065
0.0725904885793911
0.09538816364297399
0.06345472463995543
0.07565254769277571
0.08587153596179131
0.055812716534272805
0.07896874570137873
0.08952832147271209
0.10542030126646729
0.07587251442603364
0.09374962934884028
0.03250151657483417
0.1310657639047429
0.06040545555140809
0.06686923332184339
0.1080731457971137
0.03669092989760017
0.08835361745277881
0.04768199516394741
0.039480237395213454
0.08781444297140863
0.04330971149823366
0.057794723135068164
0.06637009321630363
0.06766430241647152
0.11751195271434617
0.10060508649217256
0.10363655892973624
0.08130717649422262
0.08645684388029129
0.08537700228565265
0.05906260554609952
0.0764010129027433
0.039910300592310766
0.07131464195033412
0.05834329146208699
0.12091996037422949
0.08361271154204421
0.06210524541994361
0.0663799379395875
0.08783537173549152
0.10082429934282935
0.08972051268460142
0.05494890776860359
0.04930953410821123
0.0654741239184253
0.040143704530465826
0.09499809520017638
0.1463671935351021
0.06922860975615668
0.03774677719362856
0.05467926213768589
0.07739073028127354
0.0681237619528421
0.04949838920295122
0.13988369089795896
0.06967935572922623
0.09051027107386903
0.11393449442942317
0.032887906455400684
0.06445551746568397
0.07652721637557748
0.08135078458607078
0.06759900382901055
0.07530380804634816
0.02236496040652146
0.13801694902081588
0.09938670501570726
0.04677100682971535
0.06706079323343325
0.09731911680149177
0.05430745273285257
0.10380746056143245
0.08262798898583884
0.08931539871753379
0.11072685967901426
0.08566507069837526
0.1755331377526247
0.07741603505319233
0.09055161266574677
0.08628421108667884
0.035370708718388086
0.07091531810014742
0.05172347211980734
0.07350086544918993
0.10834583553903167
0.03893040443294439
0.0693109029155198
0.07424081823831404
0.06108098480965802
0.08522457153457462
0.05905104252663123
0.08517653765496844
0.02500114213277195
0.08281623443168215
0.138139810645491
0.1077422278826987
0.08295427265683745
0.06680445635332016
0.08953547820195015
0.08534569882794323
0.05765779073389003
0.04299678569906861
0.08486995377722868
0.06858159757498265
0.12463377204559695
0.06473080015853676
0.04102581253347226
0.07677146668731231
0.044710298091540965
0.05387774699802303
0.05469168777639753
0.08232881879397358
0.0695781771620935
0.05209024478512346
0.060313142533881765
0.07244997186186551
0.07189847739531578
0.13276187005078843
0.05045576473101931
0.10139963753904124
0.04935574923553283
0.08664660976607652
0.0672177226603774
0.08101371556268179
0.0804990901769368
0.055032234857239265
0.09408957059886815
0.05818325441994216
0.07566754831749607
0.07476529167177232
0.06989069196241318
0.053621915479553965
0.039454053141306074
0.0657895177622337
0.02444421666887769
0.1151783957339753
0.06992579672682306
0.05482398516492839
0.032823223449974584
0.05703303064202379
0.07512233842572257
0.0645210139498715
0.07952390506862257
0.06592225640951002
0.07290105381823947
0.09489293416996061
0.08147528202172862
0.04956963855606508
0.06398601466669002
0.05464649737469268
0.05268532418855555
0.10556406436318633
0.06009094218355047
0.11162785377171444
0.09355079452533348
0.04540235837446958
0.0670953741502016
0.052932610150704995
0.04687808166835739
0.07720195704268183
0.08588144558857248
0.05556299319883836
0.04841994279545988
0.1083173265223361
0.07492531136483087
0.058824327578589714
0.06939930619661908
0.07784404917131381
0.029836763756048688
0.0783752518344138
0.0995528011280263
0.06844953014718848
0.10160302571443507
0.08335727356913807
0.06341059656529786
0.017346156710879405
0.07559338267583132
0.10462225045642598
0.057014341221111486
0.06847237228803627
0.06678047427036084
0.13387557232886238
0.07767774883636076
0.10029243787809541
0.07922959506904431
0.07386946849004812
0.07335834056131238
0.03686962732443823
0.09051193220531661
0.10763317493286494
0.08555197179512063
0.06027633573854501
0.0657677471581791
0.0889142121959189
0.10387361813973654
0.057457266516185095
0.052420602460206286
0.05209746828407158
0.07288856133559898
0.05081261925941864
0.029685841631240967
0.06310042746992663
0.08589032147647527
0.030535155057425274
0.07702754650704369
0.036965830725112725
0.060837856396471074
0.15857684368057903
0.039398421805708995
0.08192828242147547
0.08170109915574839
0.06401000768875571
0.07717783129780836
0.0700555002500193
0.06627779276859543
0.054632608044604215
0.08143557241269743
0.019073400574181946
0.04661309174553641
0.07131877612551225
0.11933333600971792
0.042947240908444095
0.07387328941786635
0.054809119137375927
0.06198645319737919
0.057690145701105686
0.10164171409133888
0.07581703697821694
0.0712357138845607
0.0817978032315118
0.029487121125606645
0.0798370582019148
0.067680157754293
0.029644803012380073
0.06725762167553537
0.03352959416628982
0.04702852333258126
0.04366353042699114
0.06989834598958658
0.09020571728108902
0.07483916851357969
0.05427530338497121
0.1564664860896862
0.08534249274199947
0.05645304772356694
0.1152255797308878
0.07603086742433696
0.0510653563269492
0.093370950095183
0.045508353334298667
0.07629644458307955
0.06270547361679013
0.06945555276200245
0.08531765555723873
0.11372962252043392
0.04921570896277523
0.05846967058919629
0.07934318349802598
0.09344153687250768
0.09937701638128772
0.02166842610073851
0.09909237524604808
0.05542924358351884
0.04673048301921798
0.10111395319225992
0.03542936455906889
0.05813119060549012
0.09554635854966931
0.061510834104550285
0.1151331556163649
0.053577042828509336
0.0712229013310309
0.09708999003592558
0.07730444656417056
0.07176556397599071
0.036698695536632644
0.0309140352177515
0.06979243765851185
0.07315923833245451
0.05178251776705454
0.07832111942687067
0.05477685627610627
0.0715100892355505
0.03825529376977735
0.04279999611654187
0.09354590527924166
0.08093739056376541
0.09270448014796082
0.08338344923579503
0.04794997689223384
0.15790228759097233
0.0915948048003178
0.14678272402748657
0.0507704713234909
0.04286666234165189
0.0491016846678573
0.07562160899031764
0.07565873158776334
0.0862122636791672
0.06831519658921233
0.070461452953147
0.0871195460046095
0.07514452198102904
0.048352904796985535
0.06039391005905959
0.07604768115071431
0.04695561327673077
0.06634748742049348
0.07783623129242492
0.040684662231944314
0.05510384103156259
0.0693427644400919
0.04851101977278013
0.07725988823549575
0.08349476780869151
0.03835772113986417
0.08056631310148862
0.11554444417439727
0.11213874112708333
0.1554582923997467
0.09992359770774271
0.06304263514945566
0.0550771415643162
0.031201038713388755
0.054455664769855486
0.11584947337281058
0.05920182220330134
0.09130792604335253
0.03906044976014099
0.08022435151844963
0.05004991567671332
0.0660308873445766
0.05234680106703017
0.07500078380485539
0.05252765630932548
0.07365809244140734
0.12069889051836939
0.05622446540334984
0.03491942535480175
0.10467255474448875
0.049161466442447406
0.06907768350915959
0.08252582511693238
0.05747670003380492
0.08497411138181628
0.11371770508132083
0.03389718202856757
0.059816212453859874
0.07719734279368813
0.10278316352306427
0.049409837651589614
0.09253815612733668
0.08664957484140191
0.0635635645430589
0.07154911368588614
0.044825832289475884
0.10334155792363184
0.06662849376077042
0.1322456119062927
0.0727511400427027
0.08475940541804744
0.10526949949265935
0.06428513251268714
0.05198680786447381
0.1068228518384728
0.12313242369615432
0.07106250465423394
0.058858606979644984
0.0880095187967484
0.06432358594623161
0.059497863061902974
0.04373049417986266
0.029252065423975883
0.04155824807504585
0.07282618902811071
0.08228040408313238
0.05606659108398708
0.06899841279405597
0.04703264967317251
0.09543868709468736
0.03965937182344308
0.06484818491947872
0.09985093198708823
0.040828727834313454
0.06258908519677134
0.0913562686234288
0.038144641022498135
0.06866775403965927
0.053254560463607006
0.058920224639100925
0.04596813449179057
0.06435979589922547
0.03814484946236325
0.06517938972893829
0.05532745537160227
0.0800295759863062
0.04424020001233322
0.04768498508123711
0.03023678329686231
0.06843576245331083
0.06910614464528154
0.09049651348148822
0.0611137758996943
0.06764422665066043
0.05912225782695071
0.07313814587026712
0.08801890308042107
0.08496094585529243
0.10295180159564075
0.07360427850033764
0.046825507906738624
0.025898823727612597
0.07485225428013204
0.04029771670749367
0.09022135731835386
0.14766310128111668
0.09063213106035664
0.08992118909073074
0.05762076601398604
0.08385038790897105
0.10820817244497263
0.06156844753827887
0.06751394514233101
0.06689751950676892
0.04214478517585884
0.09245069476719364
0.08063415767526404
0.08269231987306601
0.06253325275799398
0.10355913062018028
0.09177804488749791
0.048807877195753135
0.09736746890277126
0.09540389270076925
0.02679401372233399
0.10302303101857017
0.0645345179360991
0.06291963949378537
0.0831882454699214
0.04894160668248226
0.06754201309210774
0.0708611740599479
0.0468682187406725
0.06281549751777821
0.056244651172343986
0.0800428049285189
0.037413030203517564
0.07028496160536807
0.048603518679941664
0.06412674919890805
0.08577551765775712
0.08875930217870055
0.04548046333214702
0.07362982086036106
0.08890146889337695
0.10477707985042864
0.11065557151960405
0.02883579381125452
0.039564236887811875
0.10098691979186462
0.05049550160506304
0.0702164696725608
0.06424031310733473
0.06835226158378675
0.11131538935342968
0.0829143691767604
0.06171728274106581
0.08922327784883452
0.10589692272354705
0.05525923141645515
0.11026795715473738
0.12365472965445846
0.035217411277442254
0.041863016739373246
0.0438986972364519
0.075919383945441
0.11487315245054269
0.0962340089886362
0.055614996934651335
0.1239031240516794
0.042342668796883136
0.038048219116237555
