0.08178612650946292
0.07064084498223829
0.0577595877069848
0.09017349293875994
0.09600063741255077
0.09353532308303963
0.06573901764446742
0.0773849903742968
0.1124353308279169
0.08029470448328307
0.07201064171580955
0.047822767558826605
0.04135044022661371
0.08011726923493934
0.03443936764261415
0.08388995077888188
0.08431372151221318
0.075107982619243
0.10594172209713924
0.03278407196590719
0.03689617123719972
0.11083410066541668
0.11127878180125905
0.10648570806325454
0.07887467326801972
0.09968923338686903
0.07769838739569834
0.1162224458571844
0.12812820234002964
0.08690149871819479
0.04111407948823095
0.126806632102381
0.14986490145647235
0.06333820588425432
0.054941287602962546
0.11963518014628624
0.06745254646006861
0.07153855295746821
0.060026727304005975
0.07589694699248761
0.10007928822713649
0.06029893308171546
0.10331550664521975
0.04920756034076674
0.09608003511076055
0.10559592317346758
0.11807579805673674
0.11530906463519108
0.06474284458494635
0.04484809024408768
0.09447117673589381
0.0848082270954528
0.12706605126374396
0.1148484290632677
0.06375140775117626
0.06401678123503088
0.09363748866591132
0.05186843729255683
0.12869746092577614
0.0941786146528871
0.22758334507511055
0.06659564349611131
0.08851840805249372
0.13187462429098487
0.09129722783850917
0.06061989790513267
0.08696075326930192
0.09934706067353116
0.03271803261265196
0.09134696622895204
0.13351933727591497
0.06131874388123232
0.10472366878166142
0.08735648475364513
0.03548057365234018
0.07396787613981644
0.0609476413496629
0.09573860740268927
0.07357673847636412
0.1493220985813963
0.11529143889368541
0.17149709701027135
0.03801461166344518
0.12768710218616092
0.11061443914742079
0.054517844182581696
0.07583134703583501
0.11952369445927981
0.10881640022135233
0.10766578463218981
0.03470656885131644
0.053492599963901565
0.12083931430311937
0.1082188676582908
0.0978590076282235
0.13340588893732622
0.139869513543943
0.0945083677965779
0.0886497479874107
0.04990951838132274
0.09134329925730211
0.1016697908975045
0.08833312027197611
0.1302275136286159
0.09594284315687866
0.08386419999706975
0.18097146684783444
0.07962629444097764
0.08775868401828953
0.08806066554034515
0.07043299700800168
0.05558837884047571
0.0877686984729766
0.09656336799669622
0.06744496930571243
0.10454566666152171
0.07836830567658193
0.06509045307840931
0.07173722635894088
0.07166022588632999
0.10390304308353795
0.07427606797789535
0.07835317317394111
0.07862248765312675
0.07969500071440538
0.08038330184292324
0.09918833542890257
0.08437457727201798
0.09007878944200906
0.1238226780646201
0.07407185179130528
0.0844258802219339
0.09509714950166968
0.11613325143161392
0.13540733528524654
0.07257194752033774
0.0620863082612845
0.09572736076857442
0.12450227308039817
0.10927376980884254
0.10420165844904608
0.07710582208271213
0.13205593686218775
0.14516871413020513
0.10531506900148377
0.12777533631299015
0.051952510872451174
0.11685016609084524
0.05385997667811088
0.05535681563870944
0.12636303798897083
0.08876727637485765
0.14040207735264307
0.07425092523979523
0.08046406065266351
0.14058163368365037
0.06836060435133587
0.082086614568781
0.07493639493138655
0.09143250985541904
0.07953607326266326
0.09918760634341468
0.04894084772738612
0.06867529466072919
0.08634220636941538
0.12047614752883334
0.045486536844846666
0.13874686370535286
0.08375033583936495
0.07765955385452986
0.10077173808256981
0.0557207050375458
0.06742459015466375
0.08178719673277512
0.07224439496667186
0.07612954051568899
0.10523436174423324
0.10836755188211494
0.09725555569159564
0.10862655460308118
0.05212308186264236
0.0850841920316621
0.06689704520320297
0.05798092867951216
0.07343727586088751
0.0512103939356281
0.09021088973599957
0.06976732614068248
0.09657820065129956
0.17614993579693297
0.1449393745857869
0.07291034389303726
0.125357290927043
0.08832308922758722
0.1409963800902443
0.08191392801078479
0.0574746379431174
0.08924230958919648
0.1056875397712208
0.06193681351925712
0.1025139130095026
0.10756397959196277
0.01396694589558209
0.10192582224456416
0.09596799963646324
0.12302790533029123
0.030160098011880677
0.11887258987649668
0.1050762968411255
0.09777400045491823
0.12213137936633592
0.10136632315032111
0.15976702654407113
0.04441620592107104
0.1976452837916611
0.05572709242003298
0.06598236716043107
0.0610973019612529
0.13170361712829726
0.08287887187574246
0.10962169064063693
0.03224080726344494
0.12048399803448105
0.10027308635903337
0.14154593459904075
0.12394903284205246
0.08906537356768439
0.04492219825005104
0.19116352308763873
0.0897133087579717
0.1185954208175367
0.1177905146124104
0.10190697072808237
0.10664534847610668
0.09141987825918522
0.055095018127813485
0.08690473701041285
0.176131790942384
0.041156434461714526
0.08245360764480941
0.15135516797811668
0.19562097404652387
0.10722905606428247
0.07343339958641722
0.12819416782506315
0.08663699434467127
0.11518738800339175
0.1251733425970324
0.06365341966583078
0.07576031999397832
0.036245030641712084
0.06821436752492653
0.053672123732269005
0.04138088796447104
0.1265067236825236
0.0616089716622046
0.15037016918439056
0.05454756759353783
0.07275670531456598
0.09659300304540852
0.17860124286585138
0.09122948350982145
0.059336991500807866
0.08478941313101279
0.08561361967089993
0.06657654219766368
0.08108319800708093
0.06111040400998494
0.11670967483789754
0.15573525869047847
0.04827313076418442
0.12398298646017777
0.0764412408536177
0.0785260492613569
0.08080356762891192
0.10570226901808927
0.01786587118617088
0.08932480579015421
0.12655736395093636
0.13880909055492482
0.11889803669055038
0.09723379335912247
0.059251094451616824
0.07138631978542272
0.12486138663857546
0.036889573171607036
0.07893786181037991
0.12283328907325378
0.04809701118749108
0.05145506624463296
0.12861197646966221
0.10824638330415776
0.06597760601936782
0.09367971207451357
0.10539348154574221
0.04669898059411176
0.12588249424526923
0.054699755621206374
0.11656543841489563
0.061507905106302524
0.11754272146479941
0.04949018241649401
0.09721154785577832
0.0875243364298598
0.11273591104552508
0.11547396804989682
0.04186417507105904
0.1002034182038863
0.11367568832683587
0.1366267118606194
0.07260747392805125
0.08141645510448822
0.12571057165846392
0.06709054323444984
0.1147880242407197
0.14798001677181377
0.09945985618111251
0.09751754764497618
0.09394847757388561
0.07285072716562423
0.03497013563399647
0.0878783279664678
0.12596671634720102
0.1436447422539149
0.04188488932329438
0.04305878934955214
0.07368038109080666
0.16763916465396064
0.12866105729804606
0.06229759891498289
0.024638835743962053
0.08299299714758257
0.1469424372188217
0.07198556328068725
0.06895271868307391
0.06866729014299944
0.06384034475089259
0.12001463426747692
0.039335509914366205
0.08780908627931304
0.09383828566352016
0.07731400301858889
0.14722466113394525
0.0890643758725661
0.10827970563905454
0.0986379858113263
0.05591906314434735
0.04679914673100825
0.08529303586296876
0.03709459529029376
0.06025079970618817
0.09972135476954244
0.08785403866574983
0.0766679810890204
0.050538726281100246
0.17253450683554372
0.13230516931842598
0.08951533495589663
0.11190498927842252
0.11382233378347066
0.12739706669034248
0.09492752434812403
0.05021235907606435
0.12514704726882422
0.08393089581739725
0.1579480488297214
0.08376233026726175
0.08595500382372864
0.07708213891282524
0.05254309870614196
0.04330379060812895
0.14075370911308058
0.05787215473631813
0.04899671304513065
0.10930877596560083
0.07807545879756143
0.043131542235928716
0.07234592686854481
0.09304054334274013
0.12533825710724517
0.056454706043433375
0.08380294047325973
0.08163609566082367
0.05443752302245792
0.0885292100624963
0.0787654387432695
0.0624513105470983
0.03832023912900576
0.11477849472746095
0.1455761516729239
0.04157424736178151
0.10839938251500998
0.10582930360608225
0.14588561550973864
0.0674237238428254
0.06988093123606538
0.1419386270990986
0.09467410759747352
0.13197958689406086
0.058631618643520546
0.07780386190975885
0.09831752172827572
0.11921559220665884
0.11744643322755528
0.12524034576806709
0.10455912334890714
0.10572613045074994
0.06483775815662472
0.12564759548928345
0.14613315941515773
0.0455744622919143
0.07379121186709478
0.08127781525539997
0.0438053898715935
0.1025573160194381
0.1193203419516515
0.07009019094151775
0.12589966308694006
0.11510130212763386
0.14014978602181657
0.0562988501096443
0.1447333218107735
0.11391354344079717
0.12741945054259937
0.09282331621922976
0.04147480796015137
0.09269589633858748
0.054713592911538315
0.08215184587085719
0.08392572070342016
0.10144682942054087
0.09719666375519337
0.05730108191155548
0.09673848401451908
0.0735506378276981
0.1001931792639102
0.0606669421115502
0.09340792205303153
0.08365353435591773
0.08096799604158487
0.12819279526627433
0.12759737942240226
0.1078452281820053
0.06326959992000875
0.11695016269770378
0.07592112024108252
0.030720495344638735
0.08389303730778792
0.20389120259605106
0.17894048632930276
0.05454122454237245
0.09198178504278148
0.10352478875736297
0.06745137138066525
0.10738050264135036
0.06747057435684405
0.05929194470678584
0.07952919208400305
0.04765222716674175
0.11956840625366816
0.1517050049983186
0.11976075098499664
0.04913648466250803
0.08305116395259204
0.05122756489794391
0.17463654160055164
0.1328663083393538
0.04978570038334086
0.09766763841168716
0.04312577620435386
0.064570570016947
0.08634759299300428
0.10345531650990883
0.17417050835057965
0.09740603226286097
0.07274285319304005
0.12522307589505616
0.11934178604013884
0.10902423693048928
0.12472687689870339
0.11820500713297767
0.07655377629107946
0.09283681602252636
0.10535108161125184
0.05085001519387205
0.02967439659021178
0.1048791873602802
0.06816768579122658
0.11157757138404752
0.05256850781977939
0.08308117488979674
0.0415164121059839
0.0823044408562931
0.13761252506389807
0.11403535868115085
0.13425739621294738
0.09694299950333701
0.10346605369489292
0.05573204439113569
0.06946572833323844
0.04116302678017141
0.1711266537606827
0.07477792638736615
0.10303052959329964
0.12869298321499423
0.11131407882961572
0.11180927970230965
0.07256687811760566
0.0887631577086923
0.07422065288629208
0.06709077797634293
0.07738470558301644
0.07779926510260735
0.09689062139786749
0.10974624881329272
0.04765330400558786
0.05324190858566267
0.0889041748889792
0.06308906476778785
0.14003094589546258
0.06366402559880618
0.06985683695592246
0.07313797867566212
0.1155570881206014
0.14891536000665184
0.03202157498670725
0.08219177077144055
0.08870254905792223
0.06246569657816141
0.10460314287886338
0.07559181903304353
0.014897218809500701
0.02762166868936192
0.16648059507758492
0.08672914788059514
0.08879014280492827
0.10297219737475934
0.08073750662158045
0.10117005554773224
0.08131391300374699
0.09265844783051533
0.19809039555072014
0.09597095877819979
0.06228244896765982
0.07761266120432508
0.10017806655621177
0.09402537024403725
0.10924739743289612
0.10690167063594244
0.07729165223851267
0.15639416394639197
0.04614678776994794
0.10624726429805602
0.11301403777636415
0.07162721819360647
0.024991118451047838
0.1506343943056464
0.13490075912379504
0.09707040652105706
0.07903330922031514
0.05669537204712503
0.0685851872633696
0.13267533056335254
0.09597351732349517
0.05814378279900121
0.09727939789414917
0.08313600084489026
0.07918924024251597
0.08269995229486132
0.05850720007682642
0.041917409752766394
0.05641972472734639
0.08586911940430234
0.08615225994343273
0.09097047915265133
0.16257326868123734
0.07500999216572525
0.13091555685075432
0.10768407300921963
0.09746661314003745
0.11296899415962719
0.05179991862421416
0.06176060879987583
0.16506034114086296
0.1816577834989086
0.08235619991996923
0.036914412043122284
0.09777266505719925
0.10385453551911607
0.1296203597937866
0.08525903880834328
0.0645725268016748
0.21834292174609868
0.02658385061235879
0.15349991965813103
0.09006665697309726
0.10015652285658637
0.09179723725884952
0.04499713033263798
0.09725254968158403
0.04606279929235412
0.08777012940953705
0.06245319338590096
0.03283286085226371
0.06688191178537392
0.09772770078901491
0.05174912323543987
0.08340848785053301
0.14077220103444443
0.13175258393587372
0.0874266358884381
0.09451412343748196
0.1518555474986436
0.07572557854461297
0.13781332351003
0.05931503440359777
0.09136296460501406
0.07194868057060773
0.04985606485600064
0.07428295544855214
0.1864075554651662
0.1301507474344092
0.09407711857410576
0.09485732478717258
0.08742827246486304
0.17547069964885773
0.12494763166639526
0.10576976834670171
0.07423589538625763
0.12541303729096517
0.10147652740327022
0.07989994639248438
0.057483972510515964
0.09129871988496771
0.08994937346325955
0.14632712098716832
0.11277084985466654
0.12252528239900431
0.10885875636902051
0.07493579322922556
0.12420404091808458
0.10369225890136653
0.14132697411174125
0.10244967646182897
0.09839588962842882
0.05542774123536385
0.05287033325022385
0.06182954048774895
0.09380011037308049
0.11883960535559045
0.06760331967391225
0.1133615292084967
0.09586518695965177
0.10901867566076373
0.08938901500767478
0.08321225888745161
0.101002427799981
0.1486746134171686
0.09063618380568335
0.07929485085690847
0.034800849787211895
0.10533122479645109
0.053199033884501985
0.09860117055748982
0.025835983260508427
0.04064697093135623
0.06637650079351566
0.05706155849899947
0.1227637393103678
0.07447881293945148
0.08724982846834098
0.06316169159297516
0.10703860142442741
0.16323213626178423
0.08190698660350781
0.12571726216995882
0.10059107001157536
0.0937122068385416
0.08707183709184739
0.14955667221423335
0.14514325051706436
0.06114618504359497
0.07266387742219829
0.04210563005444866
0.09450174092203249
0.07079800013020053
0.07720435454087156
0.1068140194833819
0.13694602592380076
0.10971759971358201
0.05665843471045002
0.09477840810047114
0.089673456693182
0.08921816243030066
0.1079892934101043
0.06344854283509871
0.10013882767433335
0.10559132252217586
0.0731385247570744
0.033490930394888103
0.09967648595626245
0.07707444814488294
0.0897736264974025
0.051683611358895924
0.06883491431236688
0.09019995156333377
0.1214372367285138
0.1586909133738594
0.04005792843443817
0.06959608370242427
0.11979901287211031
0.19428230366388513
0.06873291481489997
0.09097347696766758
0.05936466078430498
0.08280763195975549
0.12295028785004009
0.06573787184876832
0.06295376717960184
0.05690976128727988
0.036227018433338115
0.09461096610297734
0.034866030915918195
0.12247064380998555
0.06905156546557238
0.07810299217081149
0.09006866485043875
0.09697992103784707
0.08989634917671574
0.11392136112947114
0.08990330508898182
0.11563051670816354
0.058854816133084686
0.062412304201357016
0.1080172149695026
0.09686649541454533
0.12340724341107955
0.10497262937466127
0.08635195773823848
0.04950215326792398
0.10670164594542085
0.13744995388131254
0.13146536211781362
0.09420680513378933
0.11143177807755056
0.06663919263883718
0.01907439237375342
0.1486993324736909
0.11156391628908868
0.0569206835843314
0.1035109292361448
0.05660125176101685
0.07694166107945367
0.06645742553519489
0.07183592536597845
0.1197372182213975
0.041662182344088194
0.09624310654626263
0.07525009577819732
0.035355545262204205
0.11704381157721808
0.08657604583688505
0.09443326834454567
0.06809363632244864
0.10971037391323014
0.09409855538985264
0.0964643631498763
0.08049895392647413
0.060906620907111214
0.056008122964424645
0.05438032289593366
0.16445932887354214
0.055886950109546266
0.09509974704907267
0.11081662129348255
0.08543089208429698
0.04313850745245923
0.08190331640187172
0.09467650436241126
0.09482773073487721
0.1549109019672724
0.06537688457804694
0.0592935641671846
0.09392291827346584
0.07170138123603191
0.08108397490864892
0.09805680247038305
0.06662858776817304
0.10040741280328058
0.05324342556172448
0.05753309366003136
0.10859912014174024
0.10905912243081523
0.09605114088337738
0.1315179384736476
0.1466417206614064
0.0681080090555473
0.05871852523521849
0.09171748831511116
0.11960995418812165
0.11367821753513027
0.0972441067973659
0.07168367969396773
0.04312924399851509
0.10816478361357718
0.05483958899753087
0.11738197760939105
0.10338444143317593
0.07092617514163344
0.05382298840126971
0.07261139879961558
0.12255316092529589
0.0507488037687304
0.11304759786465735
0.02283932567252896
0.08800242153594887
0.09112721426510938
0.10663904998245168
0.12498933209043432
0.12186193847783819
0.06067482964417606
0.10771504631274326
0.057430651942063135
0.1576525975272308
0.10461305803855771
0.1001993425452859
0.07223491233496089
0.06589079897881459
0.06735128158624396
0.05740509112902027
0.032298811995059996
0.1517980944797258
0.1522989417416166
0.12698705996187232
0.1651452624370999
0.0825646213007386
0.07358650260596296
0.08346419953675663
0.11088635380705694
0.1002418630180455
0.11323633649499117
0.11698160446756432
0.0873563902904912
0.07774514613653688
0.15768705916426454
0.06832539416509972
0.13206284912700092
0.10668353605726516
0.15120409852296626
0.11552144994882023
0.07814562941798277
0.09298703308403547
0.048706884127587016
0.13618775489927257
0.1369681786460762
0.1126827684007061
0.13174414326929756
0.11886703278771076
0.080008867516014
0.08189829414966569
0.06971064907820829
0.11210314253090231
0.14497803826741293
0.06824858271811272
0.10994742039142685
0.08419466898347513
0.12383499189031978
0.16147819271711583
0.10752909634643268
0.08649884916591767
0.05777401048312426
0.13790462516596233
0.12292518502319147
0.12865368466394964
0.09579963321265132
0.12386698188580682
0.10048076032079395
0.07784394678829831
0.06862636188441056
0.22151894275304634
0.059347477289156944
0.09031608326629677
0.07266822883467272
0.09213698438309967
0.11091640203613058
0.10840213370527269
0.05572050913951192
0.061248163811411266
0.14748644596691446
0.04519512415155008
0.03356968137055045
0.17673935599607435
0.08746002650394043
0.05937110744093132
0.10897110522609339
0.06727316200414603
0.06395101509046226
0.124795692298547
0.05022344380681049
0.09734149145316943
0.06826108605265646
0.07555004873975592
0.04452825303625944
0.05758586360360375
0.07214332805131196
0.09870517685181644
0.12031506454770848
0.06772554333276981
0.04416309774138075
0.017839503627184564
0.06764358007404606
0.09915663151687028
0.1056737838035366
0.0791729692920135
0.09871097347242454
0.06287258039491406
0.12534394159889647
0.11089428979103606
0.07919407587524131
0.08318566150919948
0.07105324836520654
0.02432557447314629
0.0887613346163215
0.12668938595974302
0.12584794147004527
0.05449571406410622
0.12560343645275962
0.08537288341751625
0.06585406898781153
0.069473887067209
0.06839589728415911
0.025864251202258198
0.06543218879443272
0.10429886810930551
0.0490866118619588
0.03448741595807545
0.051846948975107665
0.03136060084319832
0.0985471786152607
0.07317131435066086
0.11730057597848498
0.0525181543768794
0.10519516869471975
0.08608703816929143
0.11446024574884826
0.08584994168447017
0.06509489435606551
0.07146004289277356
0.15781799010412972
0.08641924018589918
0.10324095304767075
0.06692126546706202
0.14660759317460176
0.03911687069632734
0.052532759447518465
0.10900085559501417
0.06745610761297345
0.109387395002731
0.1471458353931673
0.11519191226507279
0.1450253865527355
0.11402759427949781
0.10166004689171591
0.167266937350294
0.04134775429657303
0.1059724324131274
0.14348723604531363
0.07138777143642844
0.039401398938677105
0.042061224723232184
0.1343362585289919
0.10152835325896033
0.06413743865362477
0.04647406800126266
0.12631523973350292
0.06738842220931965
0.14420922839331382
0.06040130923556613
0.0820025089378661
0.06032135424452946
0.08432818639899355
0.05873933578308847
0.10365853976279632
0.09147210585721785
0.08071415776959402
0.04809263574695835
0.09259708093918957
0.06252364443039753
0.09389513139141176
0.11759586127782522
0.17211555102701023
0.058947867953349976
0.2015071897315913
0.18117006456073828
0.03792103604611053
0.1090746406180502
0.03482273062300538
0.03306231383883276
0.06948713736623957
0.12041005556999795
0.08072225981383926
0.10351840181746119
0.11723987530514872
0.10356321840670835
0.1389821594170746
0.14376686760300744
0.05375877801249631
0.06595670553653896
0.13409033129429074
0.08353251213761459
0.058408193467909514
0.11879773761357633
0.08114897085985474
0.10294007999436984
0.09231610172372648
0.11059725321740739
0.0823472003531885
0.13588374931862293
0.10127505109893865
0.12425851084166953
0.19223310366492044
0.06591735660605286
0.1018709832758956
0.052203953891602935
0.06917287808066055
0.07749030881590205
0.07309178264307663
0.12152346212570793
0.08447805027375345
0.07331222684274984
0.138810360884385
0.10858185288196644
0.06749938048675959
0.05860649408957789
0.13721239667441404
0.12769893491050616
0.09696344671733706
0.049152766966668704
0.12689302445220227
0.128337277824697
0.12947646779472988
0.0818143976170147
0.06380873471798768
0.08261952085565398
0.04997382334162288
0.12774885281025242
0.059093827706242975
0.057374125410330226
0.10096551088916803
0.048707042773044155
0.051820577650488565
0.07910465296795655
0.14851424454899315
0.055802205012471864
0.0360266470469626
0.08064589106007422
0.04035310399020701
0.0914353919829067
0.06283679798304365
0.03396445089045253
0.09735572635264315
0.10032830113521743
0.09709525950621249
0.1235725220655955
0.09772625767020095
0.16169163081133336
0.0968594686907903
0.1374501205088251
0.03886315650572587
0.1224869589567814
0.05121380464153161
0.08397240812376561
0.07043490925698051
0.09706496546267306
0.1368111109238808
0.13810533505328365
0.05855314289824218
0.13565565875391794
0.07708572589448297
0.15673367118994824
0.0492024208309623
0.07671314527528209
0.1515444575331595
0.14641643400535037
0.0556524694765306
0.07107322024123662
0.06084241432549877
0.08297106616241087
0.14396248841799178
0.044202654262550795
0.1075141106634105
0.05693557582115361
0.06661734202053057
0.08064886239430008
0.08779819399134468
0.07864276014855179
0.13065859909046934
0.08815523324558877
0.0701286206289297
0.05926654718756119
0.07884214809690676
0.06093037338289996
0.1371479845834433
0.12383978680131136
0.04559818160409139
0.11178774559150224
0.07305890635192076
0.0660373788473338
0.03617600026047383
0.03574158237229833
0.081854481101312
0.10203410972184233
0.036939929359165
0.08742458742700636
0.2008075197437454
0.07732668413803606
0.09970781254655799
0.0751575569160977
0.07292983952165383
0.08987936324739995
0.10140647116981816
0.13749538849206994
0.13318036149299176
0.09970615569342565
0.15509591033386783
0.12853484401454585
0.0656207907592849
0.06881557054247292
0.09363895723435986
0.07618624272707886
0.019321445900013917
0.10785507558317298
0.07615173203509996
0.06346745643800236
0.045997113662334076
0.06874656956679867
0.08400594087469376
0.15167105834884798
0.03956083178862491
0.06632631603572281
0.08917574081641089
0.09487485084348682
0.1026628499143847
0.10892319094561417
0.048335120938108427
0.038177609776303696
0.09007289507865777
0.20140914797782733
0.03945424835198256
0.10565930876627636
0.09996398920204787
0.09385365557145393
0.11956735768120602
0.10124191700117038
0.09259844844557774
0.05665048812459108
0.09668437692378634
0.13845806054903081
0.05700800768689271
0.13570079426638537
0.13267915363117455
0.08222878275781205
0.06371059441515457
0.035767113050476855
0.08440551485491599
0.05813673557948299
0.12111861175952479
0.07384757631245494
0.14099660950185275
0.07253620510538811
0.19116336907379622
0.0924919184536468
0.08098946343557456
0.10264544704483347
0.10506025290821705
0.0516550100743771
0.16209638933570059
0.11466935158959489
0.0778275308567805
0.15171031829030437
0.05523408172125799
0.05792489725919775
0.07200200450590064
0.09610062820662783
0.09543426065237344
0.08907668834682327
0.09002780668296827
0.07527141398921212
0.1275529363846332
0.081882414272314
0.11259616353541581
0.029753965366025086
0.09243741439848363
0.08081889416459032
0.0950977286014037
0.04871832697156277
0.07267886399975783
0.04832323114058092
0.08636298734371076
0.06439607195584683
0.12864203168559218
0.12469074740316638
0.0939208037191865
0.1095336621732054
0.05696090026289962
0.0783042031094385
0.04892100681333676
0.06966530626507132
0.07328891824097125
0.057616351122346865
0.183460591348049
0.15038667131509822
0.0546690057392168
0.05992638058929319
0.056935697447554875
0.04778749365231344
0.09418239162617989
0.0978026481029098
0.09832840048873395
0.09241474289748385
0.13657740907764396
0.06857337350378458
0.0901444799965272
0.06589017842052755
0.1002310461596056
0.09946436391813315
0.03302749737674926
0.08232351844018444
0.09370926184061922
0.11529511715197457
0.07636414483237419
0.14282300909412995
0.08666319646321641
0.06564338892871326
0.14337146969285824
0.09755840240858611
0.12647368002668355
0.07345831238369782
0.17339016856681624
0.11368750363713165
0.10132683487663945
0.09936240711593479
0.06738907393511896
0.17505827298436913
0.03764539728327727
0.1382448885996882
0.0504421474141175
0.07366934537003043
0.0864004201605641
0.09221484705358211
0.08240466068904681
0.10672781968463252
0.0703728071164581
0.05983056463671097
0.09999666454465216
0.08845659461108135
0.0775223243771338
0.05225558651960431
0.04701939942475758
0.06998077235034214
0.039967504236544535
0.09707695118635917
0.13189036570002155
0.05760155343788649
0.07269570610235884
0.055628372584770255
0.0811391851116042
0.08626109441500716
0.11039481774080362
0.040846724991133676
0.0942262604406619
0.0693081836368634
0.07076846129072575
0.10709717090714682
0.0973793078929196
0.09072850206497911
0.07887479625165841
0.12300583535484537
0.11107483081092383
0.12689584791924724
0.12317297485907157
0.09507422187606215
0.15968856900002687
0.1336556097122393
0.044152289719784056
0.13446775946010836
0.08642089181178275
0.11669888997290695
0.13274819656721146
0.044159378774615614
0.057293919736640705
0.07526170886244055
0.08330668673969822
0.11975447425720824
0.0811428996829952
0.09993688719831272
0.07179043187567795
0.036075927008078594
0.06710266145282408
0.20467757397286898
0.07914698003074809
0.10375698594318654
0.042592067662041856
0.0983063246980408
0.03193798398253416
0.05382851165245324
0.13434772667639525
0.03564999020637343
0.10555828770908773
0.12452715873068801
0.1556920168027164
0.06109406722665621
0.06823134956338933
0.051991817116757134
0.0722443455073158
0.025805197698898386
0.04866971176593827
0.1368895164910585
0.0879124038773272
0.1446822622204715
0.0903299612961069
0.057376174970750406
0.11568698549915188
0.141143506525624
0.03533099122430686
0.10273408484628764
0.052533581088875056
0.15064945026893473
0.10832874178448648
0.08075127255429586
0.12725959257584765
0.07490118777328558
0.053660196337378833
0.1045880392434036
0.08866986218962382
0.05152683943623944
0.10808080402114201
0.0661786423782313
