0.18038219834402913
0.18271989254655474
0.08020542218191085
0.10763203782308578
0.046052317941370186
0.09193893452841828
0.07850010547800582
0.08288113235424639
0.03119434240889406
0.06541850565978598
0.07063610131103182
0.060241171848822245
0.11834978651355835
0.12930665089697074
0.07119164720997982
0.1036210091081313
0.10652248604781858
0.05748641862529872
0.10478648734684368
0.1636773739793002
0.12237175292682254
0.10807244411169516
0.09773814329087874
0.15111578237754378
0.05654416911791589
0.08013742281788734
0.05348324278027292
0.07369482174659248
0.1065257941619028
0.06708570045173168
0.07242410046244008
0.056345523007475716
0.043562918050386416
0.06648750342753752
0.0428098796652904
0.06419251657435576
0.0397603533872895
0.0834942236163329
0.10878399182261735
0.1292084242330613
0.06548039563333347
0.1233156409959205
0.10259458553346028
0.09669038407398095
0.04906381919842733
0.10488756468101935
0.13760567365852505
0.10425732868967338
0.06615970435454356
0.15735154904774049
0.17100982694317066
0.12567207685920972
0.04605503590920897
0.15791564410440495
0.060488797965600076
0.10108233689569371
0.09543787232879178
0.07936141867456674
0.0565236309844744
0.10837912186031305
0.19719211382375232
0.06532590511885931
0.041349460113114134
0.08268707416549319
0.06908528126157588
0.03052148754892163
0.1469287678022039
0.062341709439748094
0.10492257259838492
0.05144826186328921
0.13287912666592838
0.09469673813805408
0.11969115165172138
0.03676231988332503
0.08358437815873598
0.10859705721760653
0.062002912049524274
0.08169387789046186
0.08687421174161827
0.057145183751931124
0.08952974582974985
0.04270533488199685
0.09606102948174242
0.13167893123661237
0.03438832356865229
0.06339812176845819
0.07312564354796978
0.17526935416366748
0.1238719188631208
0.1171411320990126
0.08030981398400341
0.10925456234513631
0.019046659769249387
0.07402785758205258
0.13854167404817222
0.09381910830450575
0.11106287929978881
0.1332320001266253
0.05473317520849085
0.047379936789184375
0.06692725314052157
0.1222528232056573
0.11520711136811213
0.0841507618726791
0.14918737964861725
0.1255917063044578
0.10795510478400047
0.07070239243307258
0.08835527505326439
0.11214037834744262
0.09910560550998031
0.0391876539362526
0.06093702770728044
0.08752860628332242
0.11888481778551703
0.06745280816034324
0.09738484674420061
0.05153504118597446
0.08908618378219912
0.12396502820310244
0.04747131097857612
0.06655538376946532
0.06353527770790221
0.12779243412066463
0.09841857839138614
0.10836721488509254
0.0697086513544505
0.05417958160227228
0.07237992124059163
0.14597408019212413
0.12570864156521555
0.0814784423681803
0.0964192049783634
0.07382330742787604
0.07710631403069598
0.10692648329891137
0.13999872835146523
0.04992044818542946
0.10372785359662913
0.04842230477749831
0.09335593761330271
0.10353032382067512
0.10891204748937103
0.07235556893460152
0.0626727662244255
0.16933954468279103
0.05249753915877733
0.05072415173484554
0.11871290695236163
0.1078038146704701
0.10450372148135621
0.10429400097555805
0.09961282641679955
0.08837395543357125
0.14601030526575015
0.09793804693813173
0.09628825382507175
0.11485696063723615
0.06972944467774694
0.08983435198093093
0.061161907587274
0.04911926591045347
0.08088643848412912
0.051940089006485994
0.1041642136967163
0.09389946609380197
0.10405050873424093
0.044540924239589816
0.19181704239166164
0.08109488436558213
0.08352168165008293
0.10896493877663604
0.07562782575663286
0.07315702353036609
0.04680420775576705
0.10547603698992027
0.07283764822656352
0.08716280850460285
0.054658413150040386
0.06254594350595104
0.026228254337283752
0.08311501744561256
0.0894317176880119
0.0583511664064135
0.08262589902272865
0.07256504389252155
0.09985811455860286
0.03183453510949481
0.06776918582316159
0.11475416633553936
0.08600418881239345
0.08328826977761339
0.06875290453756758
0.09933029598280196
0.14043176134848348
0.12588266633851689
0.05727755455859047
0.1009847928322952
0.09607106679948929
0.04413580937690413
0.08206468719422107
0.08562651718841985
0.05757174838454423
0.05888427434131095
0.06816334652295183
0.06274704520338019
0.04085620863894091
0.03457398777819114
0.1532510690584129
0.04737191734813339
0.06830549245534563
0.05605348095222382
0.09949737817977279
0.05657349028576572
0.073386693132457
0.09010756307638189
0.19521590541490122
0.1218733842473959
0.1123751099906934
0.05876845832234569
0.066920910882965
0.07049283222266542
0.08313866266386666
0.06806976392850406
0.06194529627430627
0.10425174650547919
0.08518692349427233
0.12454558782819078
0.09783291005802595
0.08744174643872472
0.07996981763172986
0.08480761801914481
0.051486032492003383
0.1104569932570401
0.12257464925657142
0.08510162314511267
0.05412790577403208
0.15738783839642026
0.1038467947844184
0.06861214123947751
0.05206258505867658
0.1309305182667237
0.11123652702710839
0.08703269814450988
0.08156060852289597
0.057010974971348154
0.075539834938667
0.11429244290642468
0.0915428370870157
0.13354970080136724
0.09970729466823802
0.09662313509647814
0.03864190872926228
0.06477753490230921
0.10281471939785834
0.06238550138886711
0.06581104703298986
0.07885215234595708
0.1007877131062778
0.17990390230736417
0.12788529510497879
0.10414946978174364
0.05300118051448747
0.07734210992590727
0.08853197205460371
0.09516547195016375
0.10494512509445039
0.04145472660083491
0.0360654743295451
0.08959141325696826
0.09209504164320727
0.08908020344838204
0.08785917817132535
0.07705543276737384
0.11194138231297478
0.05165119886859909
0.0744413928216133
0.1741150303224482
0.07851279344915928
0.15051678337866453
0.07116323615010545
0.07359112700830965
0.09344039686183923
0.13234960096568338
0.08298086408054396
0.13394533740538125
0.07135679947466388
0.0930382776797193
0.06343037263440018
0.06794418898939364
0.041064646695714586
0.08601498181906388
0.146018371210553
0.09358063697295248
0.09422577249497024
0.11353290086356638
0.17322597689299524
0.10857652949431479
0.03223269038754968
0.10742532600575369
0.08745537943884855
0.057098880814419634
0.05526345454961699
0.06722179051222194
0.0716260403540391
0.05459209335406649
0.0905847819840627
0.11317257864978757
0.10515212377667368
0.14075899753906976
0.09452704459644569
0.08114913668486398
0.12611640196676377
0.029856712396288163
0.12805517667539443
0.10793056744268902
0.09699091007423494
0.10524033360645181
0.07180379811317254
0.13603503493865557
0.08096975029130886
0.0746525770431608
0.1023773014042722
0.12437689315974008
0.04367681004473111
0.05345336278063168
0.07368375324978056
0.12437343183558608
0.06799261581958672
0.06341349857260639
0.20119651629455435
0.08174876145129947
0.2288647016648304
0.11677753128212351
0.06870618204659379
0.1342641964762968
0.07385330547469626
0.09500844239867562
0.09052874507400098
0.07626044486844778
0.14608968648906417
0.0414196337070671
0.10056841741815258
0.061466992344506775
0.08734218539259109
0.05325606712912187
0.09870408001403459
0.11698363806262276
0.04289396080206752
0.08938429993010126
0.07127317682891901
0.13138553537153244
0.1157190601356817
0.137116916376612
0.06855674316238669
0.10664938438068075
0.022717148153401593
0.07670105826019469
0.03599104195092912
0.125089893437214
0.040085080289996355
0.10124464059493245
0.05715344520881359
0.04368051246294278
0.050084413096627166
0.0885367446888905
0.03727479321321928
0.03562724917894816
0.09395082053341898
0.09405554204196766
0.09787679940879529
0.034412083577670845
0.09893470294785635
0.07831150019655574
0.12415065489090374
0.07890189321394962
0.14619021592438156
0.03531540116948883
0.1190002777555611
0.06326547690277035
0.07172331849671082
0.07666122042385541
0.0970482534765522
0.056470386583924254
0.08525215250237635
0.036616927257460165
0.11941111260833222
0.10658166134027323
0.1217881549864596
0.08735748279613714
0.10828665859982163
0.051338925212187365
0.09891195561245625
0.034612362570743245
0.10682154257607895
0.0744820385326493
0.07230415316243699
0.06606247590999027
0.1372704412295288
0.13926163588668586
0.1143229875078325
0.04457549452254722
0.07466923150402523
0.10371734764900542
0.060947470833041015
0.119258339937609
0.08054553675794315
0.06966197057588035
0.03600617113256205
0.057729311459657026
0.09161287993552267
0.11403398641854255
0.07873225985114002
0.051426700305893885
0.09200059384065941
0.11119533393006698
0.08210751101453913
0.10657609857799281
0.14927864174399177
0.057048248142146034
0.11056651787846225
0.07484014278290398
0.060507482295979506
0.08650887384408641
0.10739061720769
0.08976399203595203
0.13615631082863272
0.07786978130614362
0.14398119644682147
0.12868707359193207
0.12428781734956579
0.05902455443564579
0.11533361854859643
0.10619532236324307
0.13163497113030706
0.046391184928113144
0.09665035109287808
0.11336394528916093
0.1375672762436669
0.10208999604181593
0.043762406407227505
0.05975944544513809
0.09367952676167324
0.11937425544335908
0.09507623811382786
0.13065808428959627
0.08635843547239637
0.0887182439374404
0.08342898390003156
0.062382534170537976
0.07274165898680328
0.09923749704891877
0.10068763154972274
0.08137793493227859
0.06755408757076568
0.12497764699977588
0.11860081312767878
0.13614609366204367
0.11672956014463137
0.10878032435768924
0.09914465555244766
0.07727798839524745
0.08932277074743143
0.14422293861770336
0.07698414420739647
0.1296602974337766
0.10403569473963684
0.11169774688661932
0.08235478448917946
0.09398168441685197
0.03425773305525969
0.1081990206885773
0.09280490151373542
0.06840706481609385
0.11691996195002476
0.06927715260818766
0.12221259540107351
0.12352854697725708
0.09447944334869894
0.1038983739824935
0.0672322629602956
0.14010006841209438
0.07145337405058289
0.050677124937904015
0.06051517742115537
0.06024346570693949
0.09057350322381486
0.08137009677574485
0.07339820618960807
0.11397030586203764
0.12234034946512372
0.1475464414312546
0.09972095015583128
0.07780521875233319
0.1059605837613042
0.1014695938400585
0.08085435722127415
0.1571518798538053
0.13578570388876876
0.1148888664393352
0.13397199512232424
0.08552785972777976
0.0714527345284098
0.09655364974233172
0.03273868440048662
0.143623929563831
0.055602241747273594
0.03542730714206134
0.04838290125003385
0.12575302245008582
0.11734220152872124
0.08766139436593762
0.0933596819650315
0.0793144306202688
0.0777105143600386
0.07502286279201821
0.04961404636793427
0.13800230614040376
0.05928304736365284
0.061977400309691864
0.16717156829394816
0.08199064149756777
0.10509972353131655
0.12058946233827526
0.07375359619327837
0.12526644150297947
0.02580600723986501
0.031739646588053484
0.12483808669404335
0.1388443832311537
0.05714086032640073
0.133772848024107
0.11296325435062972
0.10716927548552806
0.05223813034068048
0.0859648597391024
0.0553626086232168
0.14978873698486556
0.054965336023559595
0.09671589968177202
0.09993915983325291
0.09644337565675343
0.12367380210935273
0.10784031639670533
0.08941730910863716
0.14016561065041602
0.17406257284875656
0.04189814218667834
0.050601841001314526
0.05886592160280886
0.06536593136955947
0.09787342081628408
0.09440324584860706
0.09703191132791908
0.14556389430095246
0.10812492372634029
0.07223413413176581
0.12617945735551842
0.14256849816436815
0.06874875049107497
0.09686213448127459
0.09779955438064895
0.10516593870280665
0.10352841904429361
0.08840240550296888
0.08059730457806488
0.07745709391049184
0.0665201692255994
0.10987191288867687
0.06324892045484377
0.10754921825420351
0.06847521723678883
0.06746177136602936
0.08030748893469573
0.05503135384017043
0.08580652557584441
0.1378672740912204
0.1623130968691971
0.10124755775159595
0.17810919392663155
0.09076096491978558
0.14672324629576344
0.10702485686655
0.051595643653232444
0.12463270821937708
0.0905603003186001
0.08965757681440131
0.061700548662966266
0.11801552994095926
0.17089768968620564
0.09308251001873126
0.07681302759834698
0.0580926682783922
0.07758983344383066
0.05807006316681461
0.0746485852880324
0.08721118167887736
0.06959678549129522
0.11269547963594018
0.03784433345214772
0.1250741511025827
0.0889626853838676
0.0447635510993333
0.0244353916770127
0.0832833564919406
0.04079686851512823
0.05766009562353056
0.09422623231517989
0.08016955837933153
0.14540997727514082
0.1064397466395053
0.12459835040582107
0.100278419623988
0.12624373826600346
0.05828480441356614
0.12548031832528095
0.04591660167292201
0.09106360771556425
0.056633524587594915
0.08835891734810034
0.05888893034240302
0.038067827928690304
0.08048891806504081
0.1944743621900219
0.0651868430344284
0.07517389852720084
0.0751274690464917
0.15741051542203457
0.06698134968531584
0.033349929218926856
0.06771036636386664
0.06061006754207667
0.04872406498778308
0.08580319707679318
0.10815378040784325
0.11940272052136744
0.08701257116432881
0.09870597983788117
0.11439590688768102
0.05558080525454832
0.09530572513277455
0.08721965056860541
0.11217595197951977
0.05923100898528229
0.06883668354613033
0.15111526012817636
0.15050355745724447
0.05388509041000122
0.12467459288055545
0.1057029077343249
0.131097744179017
0.06859088555352043
0.03651360563104661
0.12312900494523098
0.033379962955423746
0.10579549957248499
0.11784951214146358
0.05149755484646665
0.07648007480168219
0.054272704324139116
0.0645731442804794
0.12427478901944902
0.12091705932311347
0.08234360734427022
0.16168856925901207
0.0940814873836438
0.06610293698069418
0.09386908553237974
0.09350972047656474
0.07203055002764117
0.09663216775504087
0.12237532041956314
0.10639338142853146
0.06716630049668533
0.13775367298451993
0.13202103209927962
0.17564976668599908
0.10296763140842259
0.08711684457005606
0.11487469005924221
0.12405938296540486
0.041641163752533926
0.0258577465366599
0.09459306445622102
0.03947265273504908
0.07850747125913811
0.09457076475855718
0.1278062223403485
0.07246251331714997
0.17766955872135717
0.09339818576035384
0.09242283145995123
0.07892231157407267
0.041341358484366514
0.04156147879889159
0.024330786765880963
0.09318194840845549
0.07349199820057206
0.08765510178416462
0.07904089768423357
0.07321276961333668
0.04195494054454324
0.1414844063292566
0.07691257559924723
0.09651035499254185
0.07312062046771567
0.05984472024688897
0.04264062687265164
0.05880027504928373
0.040967795912426094
0.06601037355154667
0.10849314544525636
0.057447378788951585
0.08191023374466552
0.08184851377811629
0.04789581712656979
0.05542179319622941
0.0352449840637999
0.06703164923315014
0.11332137648393213
0.12240093842573162
0.10246840852585441
0.0993888632691948
0.14534436175246254
0.04905171495528954
0.12115720644773362
0.08165509486601963
0.09074263881227972
0.102699796356941
0.09923017138939498
0.11194100896044776
0.06175246090444323
0.05752180757801556
0.052208030993101964
0.08533952979981634
0.10798486980428838
0.06928570858792295
0.09232092151623965
0.10530890472508514
0.10158264181665326
0.09667163820065357
0.03926645418605845
0.11527937883962888
0.04893841926209637
0.07794506938012802
0.12382773712753
0.08636149002692993
0.06866606048293232
0.19017955727044414
0.11165949097357915
0.10227524439347152
0.0998537357418283
0.0562881470560906
0.05548409101685976
0.14464267576002254
0.04865727419647494
0.06715116581064713
0.12295775062835662
0.055238843687274206
0.12437027930351302
0.08030218912511444
0.09728712420204907
0.04959640521742115
0.07036763361476604
0.055488701784585384
0.0854577451536201
0.15525655050063056
0.09934962950300114
0.05113218085185329
0.09565583588514773
0.08525413775326081
0.038862717453713676
0.08218490185308457
0.05954876985581804
0.10495307944223847
0.08589543402641729
0.0873463556746663
0.10887051243054074
0.10212519820411291
0.0997232728407224
0.20138037050686872
0.09093529731594065
0.09764611682519302
0.07575121016389728
0.0933271646185291
0.09061983741954381
0.08929090096286856
0.06387836151563822
0.08073119663974267
0.05182047178056539
0.058232390879646316
0.1311728719146686
0.10455499807649286
0.042394090165858385
0.05815859534511671
0.06723836112554327
0.09299782908708777
0.12752152867599026
0.07299383663445262
0.08403091532858492
0.050443827238774434
0.09396470607557937
0.0642420745791994
0.08085122592990283
0.09774029727305734
0.0814258792659469
0.09895264507648638
0.08894511616168037
0.04051562219795287
0.08427003970805659
0.08800660717601504
0.06067694579577985
0.052678964550468596
0.11822290032456473
0.11691612138533473
0.0653757505440246
0.08075467192486624
0.032733992782528226
0.029547137803972424
0.05605144307203509
0.09206795771486942
0.08738286036831326
0.14818829849982196
0.06547515184479642
0.059914632040499904
0.1347489268713485
0.0774721440228618
0.1328072990587859
0.0660551112103101
0.01926741597593291
0.10183437024325764
0.11876182186210923
0.09423201222450218
0.09842145438781344
0.05165293029646216
0.0771067587997788
0.07240235986393849
0.07826308367365326
0.11081408465404285
0.06562319340321494
0.059948753499899456
0.08870848237328591
0.08316251255906627
0.06552057845584622
0.05524257168431767
0.04489367565392459
0.07129528184773916
0.10321974651503509
0.07934118174430321
0.10954166863431203
0.05771895812379462
0.08792131779166044
0.08920593092872897
0.10456293883587645
0.06963450333157578
0.1050125167587511
0.18080757033833808
0.07233109660388842
0.09632706265492304
0.13510601380431142
0.08005602885215367
0.1429079470119212
0.10746198501006637
0.1839842642352102
0.10206211968606234
0.07227560495529518
0.10287873037480055
0.08650220433822665
0.08661136672016907
0.0499966637676435
0.08584038066084897
0.10217655469214879
0.07706340597375326
0.14289870904466356
0.0456662914169752
0.08090077458956503
0.10762395308034871
0.16659662790219934
0.0704083941303479
0.05298808474724654
0.04081606208846958
0.13796202087781406
0.11275450937826066
0.056593816345534315
0.04827068490147016
0.014770877478136513
0.1612766945938621
0.12155332855542009
0.0608831580211994
0.10011389647661245
0.10644775479823963
0.05883296277010152
0.09912677279201862
0.032558230396391885
0.08416222113230966
0.17507115742806437
0.1103454917208951
0.16359368380980432
0.04768240496211203
0.11346041608616468
0.12510141807337763
0.08567405279060317
0.08938956858257634
0.09098763312347058
0.12324842020088773
0.0360215278979517
0.09755383590920273
0.0553437151174167
0.03469723820861593
0.0615489002237735
0.13194639900635255
0.07794920603085644
0.09719027643890937
0.08250587619847191
0.05437848401778657
0.059648560013886714
0.09336575482125199
0.07269503311634452
0.13314897205687115
0.13700228879688284
0.09340973265595438
0.07533093945876618
0.10052713822158735
0.05213626634891495
0.057340829104636885
0.15441683221587307
0.03739232052295955
0.09193637248314859
0.0822636689772712
0.12693674956963955
0.11857390475204546
0.0763538183328155
0.20131650465834167
0.11961632846872346
0.07139439193293878
0.1143475804859285
0.09910455621418579
0.1308725412848925
0.04045230395906733
0.05838752832961571
0.11610269688241313
0.07612165127937036
0.09986865810425281
0.06842523219291781
0.11688048883299755
0.06136617743200676
0.09687154888235942
0.06805226476578867
0.15171036359533202
0.10354002419602486
0.07312969581731668
0.06372778976686085
0.09038943317409662
0.07793710622850553
0.07540267661602076
0.0785898043478638
0.16129946486499375
0.13617929561802064
0.09292148012879407
0.09570892542622238
0.06577158116207119
0.051017793296245825
0.09605412678550418
0.05658076616290007
0.12949095416656012
0.08342713745610279
0.12652390262300825
0.0652052711567912
0.10440282644694607
0.07701383813291747
0.09679419495042785
0.09343160247445208
0.07192648084891336
0.10293090445617448
0.06795682412501243
0.12856924065558167
0.06278931480825616
0.08164775304167679
0.07370836148087553
0.06658012032680836
0.12683734221799686
0.07415135540762861
0.046542855743056055
0.08818583076345263
0.06796657824695415
0.0713443464563035
0.09693914601617598
0.10812663723647745
0.08685843702837616
0.04508512836845426
0.05333727514726204
0.08887679120699303
0.07984593340694282
0.06758489583020151
0.052221041712205964
0.09410382325306596
0.06655371694350158
0.11006928562988562
0.09771329232115766
0.07490921902360691
0.15883659261016872
0.10726545379448593
0.10670716623031218
0.04947257308932362
0.0670315417843261
0.1643822896634109
0.025700835468836326
0.12669807628293997
0.06603928570813596
0.08849157810696869
0.11497736860101157
0.17249809869680707
0.15326385880774018
0.09730153864946695
0.07093130167156209
0.11849047115053646
0.1505313383902188
0.05131271420402784
0.03560718794289967
0.1355625250821194
0.032213245684111554
0.09966676325886074
0.10115797315928779
0.10967356874929411
0.058680720769933525
0.11232578510814203
0.09248504282499243
0.056346225227624114
0.029504606088998627
0.03759973396718668
0.11970287794401732
0.1187650460991364
0.07312228600682788
0.1302228639485956
0.10455006589221602
0.1203234791788635
0.03924719302003857
0.08593624744251369
0.15536226811112158
0.08925126785464786
0.1009398191610925
0.04133372527484193
0.07862534818583528
0.017680581685054382
0.11586114303545586
0.07794641085634858
0.058164715825660414
0.1245566191267163
0.06778805368327911
0.08371268641395324
0.05848450368077023
0.05652135398046887
0.05417388423163769
0.08820720136709846
0.07640273610275651
0.12530109429117198
0.22065209057831453
0.10656430941406231
0.1269702181250445
0.040952014372976485
0.14489848800765848
0.11031614921367888
0.12892650617041448
0.1267999939648228
0.07710727102103468
0.1264052647992613
0.059828636674097956
0.07138068186233736
0.05721649785335095
0.15121273508047206
0.15630241557188845
0.14669517031521745
0.06340435258034759
0.13603930883227686
0.09615350465824057
0.06169561514500598
0.07868553756315425
0.047553205771267565
0.07761133234495099
0.13659137778594402
0.1150172307153906
0.13680669122650851
0.13126175821385422
0.1402366703356679
0.12790077518470264
0.0895549219113257
0.11096021800711987
0.06665179901296434
0.12638978205815138
0.06890336715530503
0.042797624864822525
0.05412999305707812
0.096374082321839
0.07190727071259469
0.08471095878090175
0.15056768256879088
0.11191311867867167
0.09989961541804908
0.11033139995979388
0.11951861823556904
0.05447666557250562
0.04522076909616825
0.07474566567303295
0.13626279747005515
0.10295030906656762
0.09367558424806377
0.05362365240968733
0.07591639877869019
0.17026856134957427
0.13922624409926185
0.08042425723982889
0.09448377123237107
0.11053237326807082
0.08249747304409911
0.10975647220262465
0.11087520029642975
0.1390328740858349
0.06329005234313301
0.13162283937618563
0.04427492244058321
0.15095265947627182
0.07234585288599515
0.09435847125943705
0.14342887993376613
0.12015387943045801
0.0652384311497018
0.05629205395670161
0.14495011228453084
0.07734213265243797
0.03263711099055069
0.08752127239597521
0.05563751734901691
0.0892344497346117
0.08376003151015292
0.06399630070252603
0.017711157011407946
0.09954739492217854
0.14450097949818533
0.07193899427990699
0.05710357923638594
0.11634611353653602
0.11554475116145309
0.09649429201806434
0.05039187572993468
0.08335650382490173
0.0844346448130515
0.06624127016459097
0.05501875854423738
0.08336324656292653
0.09691396437108911
0.08028991086390826
0.100694370854785
0.07002142186895874
0.12790879857972054
0.09148551346887947
0.15845521316247288
0.06282557994301155
0.1255851663352369
0.06360812029224278
0.0854538533567393
0.06484950754944616
0.03505704303633184
0.1197836988541304
0.08204923481050044
0.15321079724570805
0.05611777532402835
0.12597051095740777
0.14030528412073978
0.10274311420977418
0.075199258579588
0.03670333367402043
0.04876051144237753
0.0819147883677077
0.08133327103532682
0.07924722220035595
0.08800314394220245
0.09500282140665486
0.09652057251415931
0.12728699980378808
0.19069530528779605
0.12827154437882526
0.16597912834515122
0.11231783800443489
0.06097832249878388
0.04786054024881724
0.11653408750750335
0.06082843587709894
0.07576804176504323
0.21834452236441465
0.07290471427970881
0.14112370208660324
0.04796209053737321
0.0725429542842666
0.08146702207912042
0.09116070463182516
0.09632925964112098
0.12264480454769375
0.12902757308828436
0.09360754487195663
0.12349496597004166
0.13386418464420988
0.06573904101768324
0.12326457539290396
0.07486599298344986
0.19884533127304913
0.11629695297544383
0.07240410928292737
0.08124422271236494
0.04398001074503836
0.0492721888637697
0.09055502650246965
0.03297747528865983
0.09151206377389445
0.12685245051112545
0.11038274293146584
0.08013008319734788
0.03675788643376633
0.10517327715363839
0.09197571317161861
0.1049517686734394
0.06810593317109184
0.13816965880128282
0.09637018323726916
0.17520980816984721
0.08578105067305337
0.0920019155890802
0.07273774289413559
0.12253952630111863
0.07563535385832236
0.07134212851396804
0.06717567935526837
0.0862172047039616
0.09880704905345164
0.0791150579658766
0.2032642163908786
0.0879211539982011
0.0978270741148064
0.07828363937300885
0.06454004019594085
0.048029285881519716
0.0541577858509911
0.048109551140015895
0.027539919058798427
0.07133989996901804
0.14498076422118286
0.06705036248277281
0.05157084865679273
0.1078389683871176
0.060500972126945385
0.14953068566088615
0.08336427509784687
0.05300230622458623
0.10889189288047467
0.04834139496549417
0.1352469406840915
0.048880774080673456
0.09639039250520508
0.03334864765987308
0.09549992454416202
0.11703356622024046
0.10014327014113023
0.1155737471095745
0.07787764523190634
0.12757097068491915
0.07385253952032479
0.13522778879942102
0.08883886179502289
0.048490074064609874
0.14805628449175262
0.08406431078791678
0.13135012272660784
0.03579696179975206
0.06918071989031133
0.0863951916458318
0.039046916960882604
0.144237192225523
0.09690353311286325
0.04309275592579522
0.09540246100996295
0.0650105943179535
0.07656614130054876
0.14926580287958072
0.06791952171048325
0.1382458089427822
0.08401066796881482
0.14978823962622684
0.07068100341501439
0.11834012906603558
0.10045997366770686
0.09503972206055349
0.14653646880966062
0.13148836633474734
0.09183707114686807
0.013733804257614236
0.07029321182099221
0.10869275885019516
0.024683983492003035
0.10769696765944346
0.06238226117597572
0.09195562027896495
0.12080205266215138
0.034622007371271676
0.10075187007184569
0.04520317322653728
0.07346703935906632
0.11338069017714779
0.08955985773551345
0.08612827872568217
0.11208161018851903
0.12331794808067766
0.11404699262406419
0.1181265871106834
0.10096835205886037
0.10235001383477632
0.10308893252952775
0.08027877413897215
0.08682398807287585
0.1458739163929579
0.05724226594598367
0.062088848425441844
0.08224274489287851
0.07133391411120556
0.1969420097079371
0.126788531733816
0.162769828081664
0.15516958457163807
0.06338492504159085
0.08146715631841135
0.0895018629933929
0.07586149797303492
0.08686572322715878
0.1430713904835886
0.09573068354321296
0.1020377637648198
0.09154203953143335
0.053445937147312675
0.09674565312731156
0.08394476484312069
