0.06302599772473133
0.05423943964642406
0.06322319075249731
0.07646339942792811
0.08075110562801442
0.09708434101016192
0.06516894739937949
0.07122856759855997
0.04499483265405042
0.05377525751147666
0.03783607571261119
0.1287011920530615
0.10701496584551833
0.09202287003025646
0.047615628619856874
0.06613728328619177
0.11574212110164274
0.14839815819744817
0.0922195162979851
0.07219246014053272
0.09423109036594239
0.0503343108146517
0.09276731974669038
0.05251001893098869
0.0528625938382021
0.07351744894061223
0.07850824562571397
0.08482866323328013
0.14168978305322183
0.0973930687994425
0.08207772327551842
0.12473122041636664
0.14869864904303645
0.08381566572251356
0.12436082950909064
0.06180402518999941
0.05167325845746816
0.140256618956457
0.053547638381835766
0.16654804468181336
0.052772893908545074
0.14066889262150353
0.08590687591481823
0.06815019191940365
0.12553718478940834
0.0510776391983566
0.056596425429884016
0.09187522901661851
0.07872996515486883
0.1306521731208574
0.09632531384164511
0.10493659065728383
0.04949532358247812
0.12844543205597908
0.1418614816684489
0.06813442929792735
0.08460821137619935
0.04829677784491772
0.16176474989523656
0.08620118498097876
0.14701861673364314
0.13560568955139404
0.15400764669308303
0.20081039303580128
0.13415000914176192
0.11330322900580582
0.08622486262680727
0.12578958551022237
0.07157646474654532
0.1073114326470209
0.08451243568067408
0.11244336909059824
0.09748525003688566
0.06237673702440983
0.07892340837330482
0.11432361078547101
0.13674976891366733
0.06965303232450898
0.0893769777646797
0.040690855413020144
0.053598249794151856
0.11646387186926845
0.046839331618556954
0.0926141267500294
0.14464303942323628
0.13406460548847565
0.09291877095547775
0.08562193527802221
0.10893913728212609
0.059676345870069626
0.08797752235249079
0.09017033123363148
0.042501890615526505
0.07978322322666717
0.03525839979128063
0.11372487238328685
0.09447806471061489
0.0383106706251887
0.10519277405883311
0.11112731190520658
0.1298377998894035
0.09528166566387143
0.07463147322026917
0.08236916605759624
0.07729840249177143
0.07127529022158653
0.05674377681711828
0.07410468489169318
0.08718184766948343
0.14085384490633887
0.1727421122312862
0.10615504128544168
0.1015245618970136
0.15743934425856326
0.14797661043221935
0.08093813962823036
0.11245375720101462
0.06638037190513328
0.07264959438016914
0.05736010443314443
0.09774855990690541
0.08618432831998094
0.046981635500737674
0.11769496331081153
0.08610238935396518
0.0923785479469885
0.1233703535183199
0.06015159366623544
0.0353115525704522
0.0897404722299049
0.15403421737089562
0.14538471011823986
0.08636612853133398
0.08861662797370967
0.07593906069312831
0.0976017490596169
0.06146916161673493
0.051943748379084886
0.06351074953196005
0.09790027521176412
0.05059981599823237
0.07738417126192977
0.17217840100507767
0.07852765258326504
0.074079632958044
0.06892022065949731
0.1789532771407405
0.12311552094257823
0.03591203777641505
0.1348540832993309
0.07309836906709224
0.09066111913142476
0.0943871516317436
0.03696152544498411
0.043768131550041736
0.1242949668367423
0.04612255262749685
0.08304434340273163
0.14461043439611215
0.10669950739618
0.12200836878893181
0.06009877548392954
0.10360361890017988
0.09739758648884207
0.03832269332089181
0.04137074833322855
0.07762483548002487
0.03405107221685623
0.10927109875865244
0.1177055883912657
0.07027202900410591
0.06470559711674566
0.04674151835282247
0.10168183848242077
0.0699174112330237
0.12804138464692447
0.05995942640785674
0.22684127316260172
0.10721255369411607
0.025791556932177252
0.07993681079889754
0.046579343643369145
0.09975425227983745
0.06459169966867889
0.05099790433842553
0.12700197405564512
0.11529994344787182
0.08483733966855816
0.11854809509044267
0.08478592339345804
0.1340450950002931
0.04447239160197739
0.12337338618961613
0.05511569573851477
0.07660404297229542
0.10837836823076662
0.10124458916373229
0.10447742144972545
0.19468244687421407
0.10836165258060629
0.1066422350510393
0.027347924162644
0.0672333316774436
0.06638921392463656
0.10221271270115173
0.1001672548528221
0.09687466652750473
0.17820415733228023
0.013162578904234586
0.09579411779948331
0.0954841782327431
0.08884970337003213
0.12083788664617588
0.08681004669733505
0.11357998324246245
0.04147914023603337
0.08871353945103376
0.14905787945836455
0.14715968706379207
0.11818828748298069
0.07244301099015854
0.09531446095235244
0.06061494908808916
0.03881338274640844
0.09439612868015138
0.12422253646722363
0.05661392608384237
0.12023344752323231
0.1150395189810155
0.048660490332650914
0.08012158932671873
0.11289226869630173
0.06597485327040317
0.03544103346189936
0.13263521722822982
0.08838538461244953
0.09094762005619075
0.083967344540254
0.08566670788101265
0.09771465849257265
0.08709815169117927
0.07195722735106544
0.20117746831188094
0.15889434602113303
0.08846497212271356
0.13342116497666334
0.08317226590213371
0.07856368647123262
0.09874182719278701
0.0540198684898894
0.08431683244487727
0.10567722425898624
0.09530005285342803
0.07642465626420326
0.0751442930115211
0.07976311740334542
0.08178218830055202
0.03973700769122237
0.0839057136323439
0.045999578481405005
0.09464282701485972
0.031990972066281854
0.06696522294342434
0.13773620608529738
0.16145071330626007
0.13498634540840396
0.025802875602584437
0.08548300034636624
0.10319532594497183
0.09456937563751182
0.1368161099267198
0.02899368563582597
0.08399416582594667
0.12812315904157115
0.09317711182902293
0.029889541808207413
0.11054701732234802
0.12097795998796865
0.14399773739175278
0.06443594976875905
0.10156931993477133
0.056193511316923114
0.03366877178953326
0.07010110330728704
0.08246323084362528
0.06745424867969567
0.09887958454668255
0.10025341163690622
0.08773575577317284
0.1253346828952305
0.1011845925171007
0.07036011593797273
0.19027205947013054
0.09031442337584723
0.07190471915329649
0.0759439641059398
0.09501181093969888
0.07198831728940723
0.10568198690956539
0.11846432322887443
0.18510648722160927
0.12194175078337151
0.06667200530888971
0.10850938391606108
0.045711877399984384
0.07289299868673332
0.13340861831102258
0.08465167758367018
0.09096576374323694
0.09191588475127355
0.03364312172541467
0.07977077712756592
0.13305242528965266
0.08955654776831122
0.13145367431991367
0.05489019167102432
0.12928579777075297
0.07237588232141641
0.1174607869566944
0.09313473483815188
0.057044571206250456
0.07806527902393516
0.08007753642189237
0.09415838976548405
0.08416258402811541
0.10264221557313455
0.10425848007410919
0.09600148357856218
0.07672831804517816
0.05689567675941175
0.08631932021737379
0.05413733064568597
0.058924872809852105
0.07140062469024032
0.05644352101515083
0.21857356553609653
0.05665704978127594
0.0470710930560915
0.08703965706080066
0.1892281689693196
0.0755348783575031
0.09402589258451324
0.09522777740459022
0.031789322563298084
0.1054053265814309
0.07880630199216818
0.12191055633900835
0.09252930900699573
0.0753768168769003
0.07465861197645744
0.0850913933447189
0.06134705939376596
0.13771704991607076
0.09785270735431018
0.12695105026774742
0.0863939644027154
0.05663882483939928
0.21584902778355908
0.14418195787162164
0.09628408286103173
0.10224764965634074
0.03189482700007631
0.09300792192528061
0.13420654506101204
0.1070333559869923
0.1934364391902331
0.10526450060555034
0.12216564725650611
0.15278690760216904
0.08558365915780412
0.12441986209344565
0.06956380470397858
0.11117385771457375
0.05392765311997427
0.07128142365991787
0.0606723289394569
0.06174408490150403
0.09428616639715692
0.10176608361019893
0.050263195170187874
0.06962955540152024
0.13567381808657397
0.09865630728011633
0.07430776858007922
0.04866679299324598
0.10431415878590661
0.1016044232415811
0.06955279166906057
0.15569547860899785
0.07709375804165454
0.11860478852591132
0.10576319875332035
0.023963728799344088
0.03161939172039941
0.06755377715655361
0.14824246539614616
0.04260349863270104
0.07136405898293989
0.06919802483275342
0.05125352045671028
0.09677232290153054
0.06861209027144757
0.05374795701740203
0.0775643361311143
0.07042629821752538
0.09835692175473393
0.12547756229645946
0.10348374903904976
0.06767378683063241
0.14807988478072429
0.04505511073951458
0.07575709482819666
0.050768270265170536
0.10569305382210199
0.07092292109820457
0.07292316754017333
0.0745644960988442
0.11504666318836722
0.05109807360590448
0.048354465354274984
0.08732066952207136
0.056555305631610556
0.08459986136719622
0.08850936270849531
0.06713070029670924
0.07735247117016529
0.12477206545081931
0.06481762193545561
0.13812266207251875
0.07616781511646453
0.0357295841845289
0.08684806164172346
0.08101192401269211
0.07353679820659445
0.06578926165314739
0.03438758446512058
0.11483488129326008
0.10149799427803435
0.08208721367226686
0.11388212511639295
0.09609551912530258
0.06498446291217505
0.018780303995715578
0.04172930644595467
0.047239969309638426
0.0913614348966874
0.0654114282868607
0.11900004240556818
0.09638817184039458
0.11204029444984648
0.09826636221410376
0.07977375647371186
0.12910650276701136
0.0661357296770407
0.15529163688339323
0.1165905783271945
0.17194133855356708
0.08082024461350387
0.08841577189518418
0.07026657495394625
0.08330910159215314
0.13355707501582667
0.10731656823087879
0.09617555408510803
0.17281625737796413
0.0657567769477642
0.08648068546885833
0.050156145680685896
0.10123446350325524
0.06679551474409544
0.08906744663332074
0.07883679575554042
0.0724060444161633
0.0939995614890973
0.1339622592846247
0.083569121631929
0.07949205352276476
0.15601574549152833
0.03537912440593536
0.12980640142164446
0.0634833054040622
0.0249188889131177
0.10056577985563456
0.12532795909526784
0.09505530555783427
0.04067452723356571
0.1433800257741678
0.08274876765314439
0.039574724596474264
0.05522759525281034
0.07375246882656217
0.05275731419772993
0.07286821512483778
0.065104761364171
0.11405096432983244
0.051485272584494986
0.09536903328093332
0.0656169782631275
0.08530101056393877
0.1297728744437234
0.07088769367385328
0.07075442119203468
0.08664848316599734
0.07480703208393524
0.12714560520987347
0.09475933391990661
0.029000809063648547
0.052927354635102175
0.09221921455964557
0.07170727082876628
0.10689038522741134
0.14881492786980346
0.05466013105057137
0.09616027767759995
0.043829443616350376
0.055960524534214844
0.06131746626159479
0.10541785927692686
0.08898503680053008
0.14302041428135429
0.19142778967971244
0.13011126437669562
0.18051447597996192
0.10389967816290263
0.056861903701896095
0.06350265275232703
0.10665184733046594
0.1718927535692717
0.07206861566964019
0.06611126602223992
0.03937701587526156
0.07677885379767464
0.19490254010907954
0.07946007322760244
0.12045821020959831
0.09222660181196336
0.12154915816774099
0.0792863189069332
0.14315517873492115
0.047562547275169294
0.10268406006833296
0.08112118653685324
0.04581009760243205
0.127508755110287
0.07540027432736567
0.10395854934348818
0.07879830809850699
0.04661596827174014
0.15264233655750853
0.043589820351296736
0.10483377923238978
0.12180132432195497
0.1331476011499873
0.06087416014259256
0.09164911103614795
0.1283636563660488
0.0805821522972883
0.06561518097467949
0.07283059102843031
0.14219254231386805
0.07912876397160325
0.07212132075442741
0.11448479726414512
0.10753203825253646
0.025136062017433222
0.11946065603259569
0.07185666181184802
0.1088416147470324
0.0745297646574072
0.06774302905757916
0.057424407200404204
0.05540682966547752
0.0938537320662552
0.06265441390659689
0.0776141416344243
0.08742150350422856
0.049837233306528284
0.08751467966605989
0.14751796594082603
0.08097260058540365
0.06750526674298772
0.06969983792771414
0.09788164730562661
0.0988983208428014
0.12150116520176145
0.12761895761821035
0.0809553639817423
0.06731281696678906
0.053617927913971
0.058087504607336554
0.08502564649615739
0.05530284843789165
0.08688384940513054
0.09836391336892046
0.04234710419769531
0.13837912101004363
0.046213843573921116
0.059729906827737426
0.09983374609004328
0.05087703387500366
0.05885580198582629
0.10306273409696962
0.06396117058051498
0.11505077804610425
0.07596248740479254
0.0940958814021807
0.09800732823335542
0.09448959282948619
0.07146412894782464
0.09537094656274965
0.05927343141485543
0.09292727717328454
0.09920593491679079
0.11338742224177396
0.053216898758088736
0.0806389875772209
0.06593556066451091
0.058462053040296454
0.0546219420480154
0.1105431189766102
0.10031970308885979
0.06052389204591343
0.03813764684466632
0.03404443274113427
0.12013974672678301
0.04336962829663347
0.06451376656437763
0.14369031069533647
0.10042714298628097
0.07392333466894767
0.04729368415072633
0.10694679452255738
0.12924559170829902
0.04334884817461263
0.12129794122194568
0.09258053617188787
0.05311133318627211
0.06654521636441589
0.11388371775404976
0.050539995931281174
0.06153575659172632
0.04854206349731922
0.04082515835257954
0.1263895177181678
0.054983842607327194
0.10085921777004755
0.0661625844454046
0.07856742013183861
0.10232264199082163
0.0722056269555812
0.05956850211783609
0.06238759882200894
0.11625656844718767
0.11383973176367244
0.09355963143760651
0.09578772291649885
0.0772883591092631
0.06602179018618122
0.12987044521088137
0.07376996834872573
0.10610759538934159
0.08186284165795991
0.08878323018369325
0.13582297447336128
0.12267652702177649
0.08294722494512413
0.12852418994285086
0.08075938809992951
0.15999768586929997
0.10579429395538907
0.0988688816154624
0.09443926992129834
0.034060529452090885
0.17634812689115192
0.057459256213650146
0.07352850352405389
0.056131522205012274
0.08636366510721198
0.11276553757594833
0.10231558497134945
0.04336489850238976
0.09501143885668124
0.017022768663552235
0.1056703694651553
0.08755189704160612
0.1559661565294646
0.09069919348916373
0.07886177599810873
0.0899199911885799
0.10278597530723216
0.04403718157283937
0.1110673705312823
0.10600070936807124
0.07876872816518561
0.053115506580075925
0.09239389518340232
0.09048716367200617
0.07781881786115001
0.06332171697166464
0.09662561688142687
0.12276421588185553
0.06809988860165708
0.1050824076972678
0.15225382902013757
0.057343986500579654
0.057496742984117825
0.17679875515753368
0.05831627136623029
0.07625179303942657
0.07252858118790512
0.12312056959185103
0.10332161139747899
0.09258422349424102
0.0863631212254025
0.0702596360774852
0.06519623037728377
0.13740752944813187
0.04947384767894688
0.04987388237521631
0.13951064966956755
0.04534533643578264
0.08724482614946807
0.040097853309479924
0.06228377440582233
0.06982798114961897
0.061511597760446304
0.05719901475197747
0.0586848290034827
0.05380017487116757
0.11218035867917382
0.05073716432661157
0.05601302636846178
0.05217229382345839
0.07315268693242846
0.08069929004794912
0.0354226073721674
0.13204411529390922
0.03312019676991726
0.08087970735010903
0.03127004566404971
0.05990645507196468
0.06403955923105527
0.1356603034557459
0.10858751532865832
0.06604654779025645
0.07556745125748154
0.05051285746804545
0.06178088281068314
0.07473168915450537
0.11211768269778047
0.09776623822801188
0.06731511370873138
0.08100972973791057
0.08394673841818082
0.03428665849280075
0.09900253387200075
0.12308910648613068
0.09974704206327374
0.12084638856457612
0.13293849853669967
0.03826950068383877
0.15936703760229834
0.09152126796466153
0.039541601301100515
0.05892199796012366
0.17849913170302362
0.16510904081466346
0.09670854133760351
0.056661535674380654
0.14429311254903898
0.054771501942533524
0.13109228026111377
0.03096203869945948
0.10362816972598266
0.058741120790177744
0.09174704484649715
0.0870913460895929
0.055601934297947415
0.0686907929640939
0.03448069148234839
0.14660512652139643
0.06557275009640516
0.07593106516471429
0.10481692539942862
0.054654420257721444
0.09711282465302701
0.14982289003512753
0.0856778984800116
0.10078903929416301
0.15999378664100133
0.05695845946576325
0.10157592072547889
0.12386363791822821
0.047272640044207836
0.04198463159770965
0.08581078833860138
0.0778813384349127
0.08748416265982956
0.11122299773255248
0.12111781259003226
0.07699674257300519
0.11926806864175407
0.0639874257746932
0.08290008775935513
0.14448556498190987
0.09669731545005589
0.0842418811200983
0.10257241418411531
0.0913045774762033
0.10557050186899627
0.07098689538755987
0.07705181745062001
0.11875734743258178
0.08116718627624783
0.05523882311571081
0.032631513069593505
0.05472483193085339
0.0349901574095417
0.10234471705343506
0.049734319215419556
0.0705266954349115
0.09184018654722337
0.09515837107311123
0.044164177850013205
0.10205442834321317
0.03225299119855876
0.12559967411466283
0.10013576523212867
0.07092347402527027
0.10911137587048661
0.1034182837743458
0.06845989319521778
0.10018393621948707
0.040930384768612306
0.03974403556619523
0.0510571705296232
0.12507788567322506
0.14452778696299254
0.09102134183553239
0.08703584392610607
0.0936060609484524
0.0948256500813301
0.09168410101123571
0.06489961735046477
0.042157293632440036
0.10933693188987982
0.09236798032328326
0.07405132948324215
0.09068748050703106
0.1025798982893422
0.03485667365103775
0.08437510677789489
0.08763361278724785
0.11824937200870858
0.1354950722472257
0.09567812910271138
0.1472097455492281
0.11710566209023475
0.12115945300718807
0.08605454460761093
0.12422602677231546
0.09490960135119234
0.13496172492951064
0.06624456020121659
0.04797514520264113
0.0500863111140336
0.10907317480100037
0.06393391542929847
0.11112568922642276
0.12845825631280228
0.1390272782782382
0.09824668637110934
0.046593116844447696
0.16680382331655128
0.10569733928484357
0.03261442936967824
0.03601449182691559
0.08428320079346316
0.06377173553998824
0.06420218251875492
0.09899416283984519
0.06609655622985927
0.0642032889178353
0.09123110357751701
0.0516597643954599
0.09189670668162071
0.014515240575737753
0.05983056728557074
0.03502156874373134
0.10301896725320081
0.08832587257340797
0.11649511040013166
0.04795806242144372
0.08716127171893721
0.12410926614949301
0.20109427364977633
0.09793652082078783
0.07892083595117334
0.08944351827355115
0.07622199943099439
0.1451095380916971
0.1457318757926722
0.10315297990996625
0.11567335198118756
0.08578526224504927
0.1455552112657847
0.07240387768632559
0.06964355906841294
0.06633602561622845
0.08449750673335188
0.09299818560334902
0.050201365718398144
0.040100203651625733
0.07658339730686015
0.08871590191249713
0.12348816470460802
0.10161752277206443
0.0846353040135059
0.10174730916313922
0.11194498744769406
0.09569553028680874
0.08384033047692471
0.04137363403435579
0.17230374185676064
0.06629101701926449
0.08395720635006047
0.06656180953921549
0.07399829878212331
0.07517138112582505
0.10754132659736475
0.12079446511778183
0.12932085958210474
0.06057101991082407
0.1316391277690165
0.05434507617049918
0.13517150443516865
0.06227905874768943
0.08401404031032557
0.10792340250405258
0.10306293521676062
0.11722594869278224
0.10021637414290453
0.11251301193691017
0.1435907123227613
0.08357906186017428
0.12018231586960536
0.1225589898965749
0.05146887891603416
0.14238901134062013
0.09192344978605115
0.10398107588852122
0.04867890163517706
0.08123734052046926
0.06623814720307648
0.1026937276187293
0.060009925852128526
0.14830704024886388
0.06834104343916618
0.04931398889870806
0.11416743737613684
0.04998056731960107
0.1005577477593601
0.05601819669951189
0.056154274077028964
0.06385618096755903
0.07223526304013196
0.06662076038801831
0.08795894244728744
0.08041057774363887
0.12253249749993814
0.14579621348393498
0.06418746811160486
0.08179575123197534
0.1379423911741708
0.05437717724979078
0.07811735445396759
0.0798523501869009
0.09933637378001035
0.10001525545141765
0.09064803284725073
0.15674604825434912
0.12467884651624003
0.10904486524149533
0.04348193388072185
0.164239790773299
0.09778374019366434
0.0802079544175727
0.11616102748834323
0.09926506016955716
0.08760401418795793
0.144569817444095
0.09396140096008168
0.07413607020083511
0.04682987707906101
0.0966344257737231
0.06855429970597147
0.062400571426266295
0.07992067927185031
0.06252973728392394
0.09828357665456912
0.13177420445488786
0.06703103586747994
0.08379744897480938
0.09732664494751787
0.0870500958093749
0.12083309147244958
0.03557902523002019
0.10140347205402311
0.0847843870367393
0.17300896399663418
0.10720891361971713
0.10722056055266599
0.10854534855100781
0.08001170845270246
0.05806510099678588
0.08289766975191377
0.09536593433403126
0.040713337331447226
0.12216326827126878
0.06136271519199625
0.09339046478662683
0.15579506059666787
0.09272962209077024
0.03830451824637703
0.08508453332249803
0.05929783638456259
0.023813847089426705
0.018835376471042085
0.111537909514031
0.1911484153868919
0.12582293989357513
0.16903564790999143
0.0734159927340601
0.1340750551047761
0.09735169242112245
0.12796772973459958
0.07192128089809295
0.12230051235564068
0.10959360387709846
0.08995831230339237
0.07535388705863465
0.0909880049320925
0.12265411056342448
0.061417092824064046
0.09897890438925101
0.16737197858170896
0.11874279227505885
0.07757774327208944
0.046691795358720485
0.11317637476315012
0.0814679166194125
0.042368712112037854
0.1126487919961447
0.08377041932091953
0.05552367841956925
0.07569062469574431
0.08246854178826529
0.055385468777639606
0.1359952220870683
0.0559382448312491
0.07017136358032587
0.07299349385207522
0.09923518949562508
0.17391251045945977
0.05495160214635135
0.06893223211393318
0.08493735888154948
0.1431304880618259
0.052475951620909136
0.13163166459880538
0.14255609007562953
0.13820053347205782
0.09024769681523558
0.13277626584240795
0.1011664735874908
0.10620748953713002
0.13111260969621105
0.0336091440503973
0.08989649352797602
0.07079734253977794
0.06541024978218116
0.11666196969726848
0.10235118568777314
0.06872122258631651
0.1180016877399058
0.0563913910910001
0.11112660915582298
0.09167350800370191
0.07116387792648785
0.039571335883681294
0.09703084541505248
0.04698468779636105
0.1285740167060606
0.11399917282868287
0.09231891819074832
0.07490553877852706
0.12146161274131906
0.11377811601459237
0.10341007981167961
0.15014926871611198
0.11933771477947079
0.0305425426026388
0.1044191062678723
0.064863333039789
0.061804799802069904
0.05564233961606868
0.09265867504915992
0.10225581959273707
0.15209902796184024
0.12241202201683991
0.11606087039586183
0.06322966457908824
0.1386418070852503
0.09451602432498506
0.048288964255079996
0.13601850773136157
0.07409479329133653
0.07051824277305925
0.11630253861208868
0.08681361012576684
0.0812671831767547
0.10969061152251748
0.07799447891842957
0.03876971759776709
0.16163730715286712
0.08410589169503893
0.07392504121819359
0.03671143567473105
0.09193557715615522
0.03575241399384882
0.09141647858250021
0.03982164229211207
0.08243019467851044
0.033374082062205886
0.11797084638005889
0.11949232613102251
0.07547318029012398
0.11104842685329952
0.08947226272538811
0.0910703757957973
0.036808518974066104
0.04847665106265967
0.1052978960813462
0.0470207876123589
0.08501028723532236
0.10272503440314508
0.11294314222037825
0.12146576817242971
0.12382160345896917
0.10960511215143257
0.09464391596265656
0.08128695673072064
0.11820456786097473
0.08558850775481479
0.04194107943428761
0.06678400425815585
0.06281158784493655
0.060036237151354505
0.11032871763194357
0.10342898159559687
0.04077864761912633
0.06248740206553139
0.07168120256875501
0.10989070483798576
0.155303831101785
0.06134054727506252
0.08298150738796138
0.05374222017707295
0.09994334137926607
0.12150526619869227
0.09879001263777233
0.10320886933317085
0.08505325327700627
0.08629430191602848
0.10976164400932208
0.11453916195227873
0.04688557343354159
0.08706078526518597
0.10587687971453551
0.0714879725657112
0.12199219944813959
0.12522898698985488
0.11474707555316449
0.05328169115924845
0.07885017136597278
0.07247736844663889
0.06061227112302749
0.0827035966324999
0.06142160186663586
0.13536825899845809
0.06897398862594942
0.160698692748483
0.09253909077299442
0.0795708079430536
0.16050445274490158
0.1332178621552543
0.050190175080937365
0.09517632196642009
0.10509069109196205
0.08952399712340504
0.10468680047984373
0.11890350762917822
0.10586425436793763
0.059592664789921625
0.09719929574383686
0.09898305818671267
0.05227808636450643
0.09543025903141501
0.07927228051101301
0.10560606470117592
0.1455240435290043
0.08781606833664245
0.07611787764616089
0.03264057231044839
0.06956846178929986
0.1199745739851049
0.10349960509894268
0.07137453195396651
0.05600108707661485
0.07736378290270282
0.043371024493306466
0.06917656322645838
0.11658289052905126
0.10941528666145595
0.10928556288449451
0.07230520820605818
0.07495343327594593
0.06960481620195064
0.06526078103568878
0.0906557533400686
0.07623635169195637
0.07133138810142921
0.1280625473626751
0.05899742491366163
0.14263560329118924
0.05249545691437686
0.05618726429919518
0.10034645821426161
0.07870972897778793
0.10338753443022614
0.07663130887408293
0.02895165039952878
0.0788106629186245
0.05760112514995161
0.12129176755004545
0.08551235548611658
0.07568123025636661
0.08031452095489965
0.055356488995515374
0.05804592352671957
0.07899381293123721
0.03190388007631893
0.05680039561939906
0.03971146540670112
0.09645425167497114
0.1890932677536066
0.10718937324567127
0.08136649778189396
0.05653226510555125
0.07687677766016413
0.055576392140870304
0.07083855542210038
0.01708056348041788
0.08050569666832383
0.05766560193279183
0.1223844782398545
0.09430390911948308
0.09316807069334583
0.11204616342322539
0.13112961041378218
0.1267601498624987
0.08287463129080484
0.06051790951093789
0.06027754594301138
0.06766949908627852
0.06199658056144742
0.11687204341430474
0.09023279224312368
0.09578397528321056
0.09074730414019938
0.0958860977565308
0.12186065414401494
0.07986767116523533
0.09419474702365709
0.047146775049221844
0.05586089145879905
0.12473685512295365
0.06970493639550127
0.06564291258913398
0.06529258023028567
0.08772424839768332
0.08071487345838317
0.13119674298632825
0.0730791791277085
0.08803677114137755
0.10567074987372954
0.10146878140555551
0.05281558217126522
0.16275564214515448
0.12537214867310825
0.03665942574343227
0.13494004885115135
0.14453792971711873
0.07745739904131639
0.14929460401102526
0.058773179977767126
0.07847155154426648
0.06615282624558942
0.07902303319770745
0.0362004302353777
0.08318858086323651
0.041465385581825824
0.09462822402401354
0.024169612647389375
0.07397759269149655
0.11692945321402959
0.0590724933250325
0.12513044985011249
0.06854117081298389
0.0872058639745792
0.022311231822534267
0.1372576598117085
0.05344971254402677
0.05695839006011562
0.07624282465802242
0.09648018960399295
0.12656647273739202
0.04165914685903352
0.06707323033471405
0.10764641394639633
0.11085150451646791
0.05032282996894003
0.1402513520479458
0.06416768728019645
0.12062885895501776
0.1402081026659898
0.10612647555649654
0.06547623979439375
