0.06671333663870169
0.043851405260580005
0.018915386473554965
0.08021032306728361
0.0721612569693033
0.07971288665517937
0.0577567153870053
0.04082260815265725
0.10821776814186786
0.12330818819042122
0.09881273198916037
0.09478514431797261
0.08603436614173923
0.10636325588400236
0.0673576954892138
0.034225263282495456
0.08330745163319844
0.12760859453157875
0.048289580062090096
0.08038375121059226
0.08271867021885634
0.08644712684723414
0.1116394509431743
0.10267736812951189
0.05092571656333696
0.11928329649869494
0.025834919315774186
0.06933887422249513
0.10658041987637762
0.10162529293088997
0.10992968347052715
0.052759318519986
0.19379147575903288
0.10027003978617048
0.17688497237596953
0.07185673062457593
0.1164133687610987
0.0983203453321291
0.09478315264488517
0.10065561623209968
0.11793552119523326
0.046569085606239465
0.12137427345539405
0.06024365812003596
0.13001363041901426
0.10588321367985666
0.05796211772804539
0.08110362458166856
0.08194989953995217
0.09843416363898805
0.05092965911704519
0.08223771312671202
0.10081884117631602
0.05522199677647957
0.095604336060094
0.14493658630562478
0.05779033036676902
0.10536500174449431
0.10684463970359682
0.06083915120958435
0.03589590800028116
0.1254993152507861
0.10372175247716069
0.09015787435159746
0.08393441541257385
0.12788997151347922
0.10335059863620269
0.05285548610555278
0.061795387233813906
0.1366279341904848
0.11406472705693042
0.07039416876506019
0.05387616179817429
0.10053812194362415
0.07796094129357387
0.11406371759137957
0.11555869647203894
0.06471158630447991
0.05582961806258346
0.10211183019683513
0.10367540367021409
0.08799166391754262
0.039937321511634934
0.07341436627699281
0.07282891158931744
0.10576401479404215
0.0644869211481381
0.047594121421372815
0.08491607552902779
0.12803809810515687
0.04226963468180338
0.08163601155798068
0.15336166128609618
0.1316138715567268
0.14344123698171973
0.07069404567500517
0.07423418307105838
0.0630623289111769
0.1477196640839511
0.11635242252630187
0.07849130025840635
0.10926862060411578
0.04114069524058826
0.10344591025914021
0.06701010989666505
0.1730170022178009
0.07651576482080685
0.07225204043672052
0.09598006765487457
0.07905472397286657
0.06547872211435966
0.12525923802508696
0.11293567105420951
0.12463366338545008
0.09520384163416623
0.17903912222399176
0.15979007341935084
0.06922898560121285
0.07576713761868037
0.0950621137708727
0.189631504210287
0.12009397853612577
0.11011283194889412
0.047319028820336215
0.06426176334490304
0.09308265117693909
0.1061024839611726
0.11365440850441944
0.14935057568370472
0.08507079582608106
0.0636293098992613
0.03356389026740926
0.0677373448281783
0.13609170290481887
0.08363192056833428
0.036145914775009794
0.08988344193434442
0.0319937064286601
0.0722657258164562
0.07749451060019841
0.07421720499484905
0.05826792473988333
0.15502345804247314
0.07124709974341241
0.0702479211415596
0.05544306251263968
0.08754178968216128
0.0370650929249845
0.12070334261899454
0.07218831226149487
0.09271979608006155
0.060882289909153973
0.0841405182147082
0.08548180771301862
0.050275722344244225
0.0858374604958225
0.09501843577367367
0.0828794677263632
0.08506058987301571
0.04890217678790812
0.07807145624107109
0.07114136074784035
0.08870590706883341
0.09612597108668026
0.08738441840561857
0.07611552784695946
0.07536631723869007
0.05096645292955575
0.08696497904253947
0.08089349388953634
0.08635761673161263
0.07397094310516336
0.09933234134863032
0.07526645072077441
0.03208963676784583
0.08795819346841754
0.14487796600383623
0.10301055304517476
0.14338164475612253
0.13185374663095964
0.06849435757984783
0.1025952957828928
0.09442611059156363
0.07055362752009145
0.07708945968580466
0.08680062691926113
0.1326034404411108
0.06708502825341865
0.06653070838674979
0.04882893796435735
0.12419584360525984
0.07098839262355934
0.09989208745120683
0.02739219556382693
0.070852733259366
0.08274422280090583
0.10659851207959353
0.059066826936333756
0.09053180876830548
0.058512182570101975
0.1269529017526476
0.08684949204435409
0.11708042334687692
0.10960319073453105
0.07702867973493226
0.04697635185938341
0.12250828698236688
0.08287692543945646
0.07616106729472258
0.07085792276308803
0.06860400174500947
0.08918435645771502
0.1578020473485506
0.07838224355159985
0.13523408634786346
0.054829062275895145
0.05644599833103862
0.10546569498145124
0.06188144630948856
0.0544944725607625
0.12369324407652552
0.17880330667290936
0.11393638753810995
0.11292898056964117
0.05742833032971641
0.05211877460871299
0.13783509701171323
0.05045334665042984
0.12841183982659313
0.056711725202595605
0.039620195585789435
0.09302591424788795
0.05340532109700798
0.11711165141223738
0.0984133722876657
0.08367789806196921
0.1302301293108812
0.09611284535476342
0.0721821342915625
0.040056894951318464
0.06670519663507786
0.11445124134204784
0.06883438511374146
0.10615869735432637
0.1307517775936947
0.0940305473534017
0.08095818390816921
0.06578038044849724
0.12627007931371514
0.09859996144898008
0.09581064092340859
0.1036545146002465
0.09442989534371206
0.05743344572198884
0.13452261984679562
0.022432535770901766
0.12585602856640893
0.05985743736464137
0.060543927479125285
0.14175074799393653
0.12425507521510896
0.08350649635842773
0.09527508522050195
0.11723875947598777
0.09801573515371974
0.04100730350121328
0.09560778484620563
0.13600916676462016
0.07752229315968247
0.07916899856654631
0.04963519587191157
0.1097546796059768
0.08059830334646383
0.05120525304118111
0.06680164619941673
0.10374105781257677
0.07062537604733676
0.12991813961838475
0.12208099247400357
0.03832095988426775
0.1601360514010462
0.09305936670106715
0.12284661094046884
0.11202493383944159
0.060287017943231935
0.059227761604508655
0.10062534895101335
0.08542935934565392
0.07252599055308748
0.11823785632874369
0.10326591072173127
0.06758355049765091
0.08423859570733223
0.09788747202835793
0.10460978598491244
0.09591978876832032
0.14103026390882284
0.06616401468803133
0.06681747277378842
0.06812621043479346
0.05680178966288337
0.06758024155943332
0.0871923275992305
0.03397251897683046
0.0930144775330255
0.09419592551813667
0.07438689017549922
0.03390411318582103
0.10125215911853036
0.07792875612236262
0.0932806497074681
0.05587225724835719
0.07968926073747244
0.15315009176088706
0.15025371048608369
0.08771040954194295
0.06206925668030002
0.14316232114237012
0.050492601624062175
0.0619901032140966
0.093584207043511
0.13711933450316371
0.06931331821014007
0.09113243813467355
0.07444461519402515
0.0677525933937645
0.1033858114971038
0.12933335594577125
0.034194039894734955
0.09236010938978621
0.09488185279565492
0.16136146069593232
0.08851594751990344
0.04247746757829169
0.12568880837377652
0.06812265503399972
0.14919411840017804
0.1251774364270484
0.1027632579145299
0.057191647892438316
0.05339593073173344
0.09066801383761035
0.08300893066174363
0.1746128736198435
0.044527570271029125
0.056664890301753666
0.03144650314621104
0.12432646702181054
0.05692074573228622
0.1373259152984837
0.13400364818149288
0.12760173048182932
0.056301975701395404
0.09955284692529456
0.06509117670061365
0.08798981563164034
0.10528928211949098
0.12401863673692694
0.13601512832929105
0.13401887444029667
0.04377875128918206
0.09090478874497532
0.07002243174834966
0.056662507959461095
0.035217824350970914
0.08856412242737446
0.1285292957188171
0.18991214489234046
0.07325657953032388
0.0722695994879933
0.09548379485619445
0.05409252409316426
0.05440347870037643
0.07314691038323327
0.10174436515988824
0.04287903391009762
0.08504530767175837
0.0662482273020714
0.09582080013996423
0.06607049135438507
0.11172268939457936
0.07154838669471075
0.07942567515957683
0.0717715405076055
0.0913143057162225
0.03571783480529602
0.17415665655532994
0.1455362784172299
0.06346840825888383
0.07669237583711712
0.0500484247416242
0.07761628953777991
0.08140626475746678
0.13399383365884354
0.08605021972577535
0.13641578949532268
0.14432992271640416
0.05896800779223452
0.11694662832798146
0.09654467944274858
0.06408901582793008
0.024103126635216594
0.084817730758073
0.08459804623945348
0.12185122542805595
0.1452880855935855
0.12631970228178585
0.04367307708272382
0.08942813239721623
0.08101376172443762
0.04571187814575883
0.08736194053866199
0.09558535388478112
0.08104794594089272
0.04762861498946048
0.12248790554339481
0.09163593649280499
0.10518806626969322
0.09111046920250776
0.10755378235883142
0.07884208084619095
0.05578501933112115
0.11589443926635241
0.1214242778351856
0.10069815253963571
0.07244202511083334
0.08607933778905588
0.09720215571083947
0.038920620804729515
0.09898934770537342
0.0914786842418134
0.07394126685644782
0.040258095780112184
0.09920319004717852
0.07536879898941538
0.09527543591720114
0.16783610982284033
0.08008840665898102
0.09680409220591533
0.11462551953422129
0.08544214823199948
0.12440190665594125
0.08756816692989058
0.10872474071894167
0.07102919129492692
0.07708657628924405
0.09095067792271831
0.14379742852259378
0.051413024465565685
0.13620317243615293
0.08984212753215667
0.054953859920035125
0.09298344390291635
0.09814796621424669
0.05071418454188738
0.040135068825771135
0.07918849301812173
0.07592538499416465
0.14056507722195913
0.08488001395360226
0.11603467788337134
0.10300567555743405
0.09237758376780605
0.11381289190664887
0.0575874840919983
0.0563121887487436
0.11436849756425102
0.08814875941876352
0.127451325163066
0.04901045054116983
0.10055711076951611
0.05265185770162432
0.09949305017327516
0.06465141413259871
0.04746745142514945
0.09925579979765614
0.12119341034133989
0.05303937490555887
0.059633479921798856
0.07525681585977369
0.047034109454424156
0.08978367475431606
0.1226513354346926
0.20106888664457295
0.06230208951627368
0.06670438506751543
0.10077904434308446
0.08775960974996179
0.09820110807330847
0.06417542189556595
0.08765593362513949
0.0602028434892221
0.1000876552389755
0.072719289653644
0.18024185024691705
0.048478013214255225
0.0482286602027273
0.1649379065285719
0.07876038101714244
0.033184116373020885
0.05118063648004696
0.14027736563927545
0.06858899196713794
0.1225497942798861
0.04089741888236155
0.12471828668504956
0.056692811027897604
0.08820316926408311
0.09616276678285375
0.07404579638130224
0.07377328466076447
0.10636393160390484
0.09202544236235712
0.09759122753904895
0.045287459841481005
0.09281899225129815
0.116300562417629
0.09656885071831366
0.05664534974882051
0.10677258817073813
0.07202149687811883
0.11341330079634734
0.09776649891545022
0.13131111637427692
0.10477009719251137
0.16584450228747993
0.14545480115437773
0.06450260121677574
0.07902787077419053
0.1003486438445785
0.07657789635401374
0.04685782233411244
0.14569693235631934
0.13907624728844215
0.06544215060515643
0.09560572562312834
0.04262235189304019
0.08608276316678948
0.07939176855157215
0.13418708791311726
0.05186207008771607
0.06266413957688056
0.09761279741813152
0.0716246297322776
0.07841810250833484
0.0640031779598788
0.11552711534104305
0.1014999604055331
0.05768266749036676
0.09017034653842741
0.046900676733934624
0.12248231845697495
0.20119539744441697
0.07384305718263659
0.10917671856959364
0.07679613415715052
0.0860506333593133
0.12088623808302988
0.07473005149220176
0.09500248289343348
0.1437124416605706
0.1102290504644112
0.12146192724452351
0.05329488864526521
0.15064479951619691
0.18087421972131548
0.13776289686250145
0.11856660039985548
0.07157091795505612
0.06649324915758555
0.1038819066871849
0.10166607561888896
0.11509010808904405
0.03472212472744777
0.03860368605131518
0.11861814689778873
0.10764653774526982
0.0698174522285248
0.051408589517220396
0.11226839690002248
0.050823764024792384
0.08698679685332697
0.09216599531678313
0.09975759441469294
0.046492107073756575
0.16320967174688736
0.08153779598685114
0.06986063561980436
0.12154291225331472
0.055893321165408794
0.08647278327791792
0.08965100870993617
0.07120004195499188
0.10138475500267528
0.1224800001427161
0.07411161359773234
0.05636950031968308
0.07661446058215851
0.09286137825964846
0.15011382976179918
0.16821386331264992
0.06121990353634622
0.06582515262859452
0.08832619279319094
0.053951861587804795
0.11724247571954921
0.09663479044803058
0.10468495759054637
0.10358749421427413
0.0809962545571656
0.07792674564221576
0.08002939780005561
0.09557666859608474
0.12551035795061108
0.06677709713433254
0.0923241133556238
0.10394741883600556
0.04892320623947058
0.07645988146994416
0.1606996480881687
0.08139929137177847
0.06454250477659483
0.055647359822478586
0.06642599907106858
0.07599387267877723
0.19185148577781952
0.10550586564808194
0.09887316098750881
0.1485720455321397
0.06492105056692865
0.05695465105386154
0.10696974147903941
0.0602951945508293
0.055221922922792446
0.10184677314416953
0.0755398446964079
0.11584890146692543
0.1725274341863767
0.10309079781773715
0.12614512197319108
0.036150531105937855
0.05967666712340297
0.047921370362828855
0.16357586813129285
0.07742230201895062
0.054393561964337866
0.08617520989107119
0.06654682812832223
0.09457837732458693
0.09606327393007025
0.06746196016314071
0.09280627462396482
0.14333347899232532
0.08319132088213108
0.032874308148428
0.061253838586723335
0.12797133622662818
0.040297523687053284
0.11774980986890592
0.0824349993301861
0.1450007119015687
0.07897592292940446
0.09277012767965148
0.08325122264048385
0.07922997859766649
0.14462264559597102
0.04717646956097658
0.06467588436208084
0.08512163498331632
0.13130493583362007
0.10743036479573453
0.09112170317299188
0.09048176962026194
0.05002580210607127
0.05727442273894415
0.056405427935781315
0.14317224075232568
0.09727793381522845
0.05825531018675494
0.11457396826786727
0.10401809751922163
0.11857418923479793
0.0666979916203272
0.1129671554089267
0.08043919892922931
0.154835884078824
0.07385341960639773
0.12248342895697613
0.11066132884725007
0.08724684728151086
0.07545268903195117
0.059250422964903786
0.12308594082002904
0.09151070106259544
0.12146780374464632
0.04423002528643264
0.032033795895783285
0.10962048419931064
0.06375372202714914
0.09978745415398742
0.05684208520444181
0.12994410928388103
0.08774474317515107
0.08965288748737854
0.12877861576072297
0.03857446205690325
0.15298500232764567
0.13457280910870778
0.1346712971688998
0.11095587617567144
0.08070267940293757
0.10198798868312332
0.08423237845547721
0.11098441564307254
0.11946423483765621
0.08926936850183909
0.04480153232071236
0.054001969189175485
0.1492501383145034
0.0408081402028586
0.07884279334588229
0.0930045190198325
0.05555719393741331
0.07626464264959525
0.03547314655711854
0.07793624301567155
0.11152974455363347
0.018882214449570077
0.0957713939827141
0.05567377492737069
0.03549004521326397
0.060548237223825296
0.06606054869191316
0.09091948909244149
0.2155654354447004
0.05393332470807585
0.06156536601837151
0.17308946255529944
0.05054475278053427
0.09226341090638666
0.052364282350421364
0.03518217615463794
0.07959614169267579
0.12499421372895322
0.07276207752471214
0.07069439659019086
0.09964376979409682
0.0655942777819522
0.055549053974913616
0.1251718462554853
0.15674219786172974
0.06875848099969037
0.06654448857168839
0.06661236422068027
0.043535753751546426
0.07796553268467667
0.14563789575310748
0.17334790331696537
0.055238655955607716
0.07113058126552807
0.12921817991258566
0.04703922658066292
0.11879699846411569
0.1567526861087136
0.09246004628165676
0.054911739160203935
0.04748875764757183
0.11122806642507015
0.11543694353575575
0.1262281784406185
0.03441643809465951
0.08955116898574314
0.13431379464742593
0.09733140977300841
0.14876994001044894
0.04972500621444229
0.04096983769888393
0.16315464467161916
0.07650288795535985
0.07218277504946417
0.0242460761436789
0.07172065761039192
0.04853025308297455
0.19479575150372835
0.06530371754142122
0.09442800792271851
0.0890404072811612
0.07296513866804714
0.04362160653809446
0.11246486774500995
0.08771504579218738
0.1203013631172515
0.08339070836398303
0.10902744613591014
0.03262630450510864
0.0995212813934721
0.08468889100510935
0.06659853416264482
0.08144564264088322
0.06582419883083153
0.057805933067873405
0.06388140393570181
0.09474927966375192
0.09261688475636111
0.08962337988309672
0.11641815278845864
0.1097280083324132
0.08231431176011315
0.09723250117934473
0.1250552974220178
0.06515389335989737
0.05445541313366805
0.10373526497984649
0.13626757278998847
0.17348595722780108
0.0850018370902505
0.09174106338825289
0.09954986992618713
0.10640818371496752
0.10178913871379582
0.02527171186009844
0.032032500507606455
0.07964189527585991
0.04360615110734535
0.05643839106897856
0.05156212431232339
0.0759844470082243
0.08119016615923297
0.07000932896960094
0.1303655725155871
0.14517484335602213
0.1463489212173299
0.08402617054111412
0.08041047105959907
0.04975319134414802
0.08576182761611084
0.03801173931454639
0.07773847691653457
0.06293103110083659
0.09742368403987114
0.13876750758985376
0.10499409734408148
0.13867118993667502
0.16804035533359496
0.06642994264874337
0.10348240755293185
0.03865096007445527
0.11300900763910625
0.09768878121919151
0.09591165446194136
0.03979238145932171
0.0957108573888969
0.06269047274109055
0.02580635799098937
0.04884841079980323
0.06649004052950094
0.15583207081133527
0.06119719232741154
0.04225576283364719
0.03553756682391416
0.12448345627987299
0.08258292316385185
0.06795646783955538
0.17754149108697662
0.0811254443222419
0.1332855040889807
0.09450153029898216
0.09381220552642354
0.07247660007852871
0.13996031095564004
0.17249406389444455
0.04733946190318382
0.12179075989386666
0.08756425673184018
0.05063902764010106
0.12000721996793999
0.09938485406506471
0.05921145342675536
0.19564190686622432
0.05742104301697922
0.07679707909249456
0.11703632037238058
0.1329703040908934
0.09341478360451581
0.08778189166866664
0.053991747150669386
0.08735673171088226
0.06653921396924041
0.06094795481285743
0.10274055253244051
0.030027948147398797
0.05296610593746981
0.047967541476379126
0.10564356277211519
0.11436219951926725
0.11888213447911944
0.057022103949391494
0.04603596112244095
0.09551706850316298
0.05972914726924421
0.08393508902011103
0.029161571467896965
0.08015028865711436
0.08172283740596675
0.14644542345644765
0.08022330585841092
0.0762507565946629
0.09484016046969823
0.07671876141839784
0.09902804733092928
0.08647993624220286
0.0793647015881398
0.036846966659913584
0.11750849833463548
0.057931617693738446
0.06254100567398989
0.13664049416183838
0.09628884326240669
0.06547973112406517
0.08643390056646837
0.0731546616833212
0.04583488902540768
0.09824170337577588
0.06265462026033358
0.08653499392890751
0.029098218412781637
0.08266337939886169
0.06860543863793007
0.08968254486388838
0.05873919742225391
0.10096440358461688
0.1604887088904063
0.1058874918354025
0.12540898840004835
0.08232210723544152
0.09229169441954176
0.06217332020073835
0.12082531088154874
0.10946293663101436
0.08664082843732135
0.06196862272659594
0.0344508389975627
0.14763908548747526
0.07496847852047764
0.08460559833959405
0.05375289414832225
0.1477404140300056
0.06177497887722654
0.0679825693138079
0.08548860402070069
0.01457555702418634
0.04732751736513135
0.041594516540385144
0.09488813621869459
0.0801319637943537
0.0307627278997721
0.06620214593374486
0.032751833980996695
0.10216361028908083
0.15417258357971647
0.14451094893225636
0.1694328077884772
0.09237926758342403
0.07592773238819366
0.03603097107562353
0.05247308240479357
0.03382379750815798
0.04196798472008207
0.1495726625922934
0.06600255352851564
0.1335033074929472
0.09320543955803152
0.10553702810113429
0.11511471577993693
0.10316985880960487
0.0990160520580864
0.0554491534191958
0.11381181986790954
0.059925480566744085
0.0793693752306402
0.07621043242037362
0.11021866245658675
0.14470171625194278
0.10634640452910066
0.07418170891091021
0.07118695422705998
0.10006218285280576
0.04899253826514798
0.10188624160937934
0.06975099680380872
0.12296833897034858
0.11957226140646485
0.06771870393534771
0.0776480845535436
0.04153220734402757
0.07937054194466563
0.13584371634165435
0.12312989611529312
0.1042072068960845
0.1223258933347631
0.031141378018209834
0.11160621352849663
0.08448800674342652
0.07236963102272836
0.1077478517253175
0.13548177502844766
0.054685689342677896
0.09517131983813412
0.10376497997653295
0.06523948705738444
0.05069820107222868
0.06250349054389624
0.10208598063695883
0.07308827451839232
0.14209698784548086
0.03996758858393174
0.09228973335276044
0.09342635454514993
0.10650258039458038
0.03902755924172633
0.13205920111161726
0.14285266370023986
0.09780789409318759
0.11844886127573381
0.06823281718906504
0.05126774941619605
0.06899191964563138
0.0643082042329044
0.09141252128480834
0.07001246167111697
0.08730316065860985
0.10267951419035222
0.09226314890297169
0.10802192317030457
0.07854909430056405
0.1380555422510653
0.11972394977048914
0.11002598983260249
0.05043897575330064
0.04601700100312643
0.16047876250750587
0.09775166393225523
0.06320447232250703
0.09152262438454815
0.07457057374224856
0.14163072869399507
0.05927618509188861
0.13452170524571905
0.013285886791774656
0.0837135826957462
0.12126793777569157
0.1618407860422952
0.13479784230980685
0.1294170055600265
0.0252794045603232
0.10091692682272084
0.09839741973669966
0.07165728584496375
0.08681441534112878
0.041630982965845206
0.1250712301325254
0.08489246227400997
0.06765052412816251
0.06107901081103877
0.042437607875502
0.10709025918629964
0.08163523088988997
0.06175840001079084
0.12400478658348474
0.08130190205803631
0.061842601232678415
0.07043619816844425
0.09214298653606044
0.11398459168656817
0.07340179972020129
0.14855973211836856
0.13816641841653327
0.10354852047993152
0.11291279472070094
0.05886227233292957
0.09719243293521765
0.12284896408039192
0.08893631223077089
0.0575967207012142
0.10804330555694804
0.0349603779626856
0.07627239193987054
0.08632234319613323
0.08066722743901228
0.10112706295705315
0.08469969429503675
0.08110887362908868
0.10547908965285907
0.05256438473331226
0.13221492938925894
0.045287526103781575
0.09334214352186847
0.10576477219943965
0.044271222151474485
0.07921174627495513
0.08736069971759813
0.05168871558422602
0.06709016333915907
0.09594925136010574
0.19374384132005665
0.0665953900956493
0.08443480551435299
0.11915064488126552
0.0759199085338113
0.05336352592297344
0.11235771215391736
0.07903958010859244
0.10092041187221014
0.06994852299010706
0.037021270594530774
0.09192049263159445
0.04773530568704887
0.07761435497113917
0.03235685266514131
0.1421935412880096
0.03636390090881821
0.07267906958662586
0.08031859085525624
0.047516031480825324
0.10167421100302708
0.05555102863112829
0.0930311648900486
0.058775244779749165
0.08010761218467417
0.08447599331460282
0.18642338694736463
0.1283214540021712
0.10443095346147747
0.1021864833076222
0.0832347981088465
0.07064227978422803
0.08636821889118368
0.08818614408113397
0.09583745315760497
0.0958850637200897
0.07296051790544891
0.08086189603680367
0.07150085146280404
0.15635186969003026
0.07561292711225574
0.1183159740461733
0.08591515988763343
0.10737224259579427
0.12265596455234128
0.08523445366213984
0.07336263146942432
0.10965184844007159
0.08511896452898472
0.0740934420409978
0.08873337678954034
0.11117396769245991
0.0877371978832584
0.11833021178047567
0.0807822146816175
0.07026429886930664
0.1076731421805193
0.0887330528030972
0.10671832265834412
0.05487716931428943
0.09786921567437291
0.12601879391205947
0.1077175790085672
0.08179937510220683
0.10810943513445956
0.08054067053835576
0.14794393451240553
0.06111883245956445
0.1386242001876351
0.0840711384185988
0.06968992402944339
0.0470112035813788
0.07817598504626955
0.09879836884973069
0.07159685102932782
0.05567769930602736
0.1090232753518886
0.09784084408869982
0.12146492897899401
0.22764865240933646
0.12574238972969112
0.08177875192063623
0.21884142830295655
0.06494952991247598
0.09349255865217879
0.11952189111822469
0.03563035736034372
0.10641498482740856
0.10271740498126163
0.06120032515611169
0.1045913649794642
0.13098503441667778
0.03847962167223076
0.1489908505426992
0.06577686441515175
0.06684034599825599
0.1283487095873936
0.017322149432147986
0.09399365230279441
0.12149673996999392
0.1365928283055676
0.12266269487214768
0.11091128848375717
0.061055045216287226
0.1076678068319615
0.06453434700718469
0.11834249439338353
0.07278137735788312
0.10940978384076604
0.056255007118931374
0.11724848326226751
0.12134610905583197
0.03201119931486988
0.05487591951629281
0.03581767402072246
0.1019002115929375
0.13926755729212628
0.10629697443105297
0.053068199143537484
0.053597073931345794
0.091250746489964
0.07462281355228183
0.08374521572791965
0.09681657639718011
0.060335469739205214
0.041818928396413525
0.06842710108445654
0.06496061073159548
0.1560176489564822
0.11251670722154729
0.11509313795190579
0.10758729874981751
0.056878494701545414
0.13459816226883017
0.06951736604679361
0.10502781982172851
0.1266565045400889
0.12314889595099805
0.08918826900868064
0.07918353854567046
0.11154232939692349
0.06273356888182177
0.1219427175296095
0.07481064519122319
0.08748622116971233
0.13793508486168451
0.024034301200967202
0.09848622648863002
0.1296973501583091
0.05617225552765696
0.05197274055048295
0.06288844279561938
0.1446696138757736
0.15349458505152422
0.05425796520131671
0.05890291179238785
0.0344444649674276
0.09165760042199073
0.10705504077720997
0.0967016343857385
0.1289891788569035
0.1064520199621464
0.14256375904807883
0.08542570381968183
0.07141194104214554
0.12325327926422312
0.10642283560052448
0.06379355948768556
0.0772947740747339
0.03728747418950019
0.061875065606639815
0.0650390588519176
0.11270599404964425
0.1321158564152466
0.12390755090425003
0.05998551863496805
0.09048839878707879
0.1165469396784702
0.07567627299956894
0.10851156052491237
0.09123804508976646
0.09685001421723666
0.05034905154399939
0.08643836535444673
0.14769517892453865
0.09531167100932315
0.10512946795919118
0.1292319446945725
0.1334977887176847
0.07119304371124488
0.08478328207942165
0.09809498984719761
0.07165296506198371
0.042796754226683
0.09615575054504565
0.056819124487482164
0.04404059641629163
0.09199084807200474
0.1333983605022245
0.1556872963445927
0.12792377764029111
0.0799327497748861
0.10367280111091724
0.06986746637455914
0.1151091435241865
0.12170388038842475
0.09445884178803907
0.11178092411230592
0.08682254962284798
0.09297430366429046
0.20148880091241247
0.10852706393880836
0.08790504825773829
0.12669339599699078
0.05701168181583075
0.09642635730699976
0.1314523989464616
0.04202536405438439
0.09275752585864354
0.07441667168539536
0.01720562052657359
0.03987848228451177
0.11431874826339736
0.10260428591359645
0.07652846864338927
0.19453470763051728
0.0690133385198605
0.10288486447189703
0.05048908097526257
0.0534738103227488
0.040166157227124646
0.0744600539149631
0.029229025150602286
0.07236729318058269
