0.11280945452680641
0.07458638315196095
0.052543262458481066
0.0945792194926965
0.10992499977968602
0.09257356866762148
0.08186376300205601
0.07744768372620311
0.08855149055302201
0.06456482630582727
0.11646062683019137
0.07813139093687867
0.0686341181048054
0.11967385676096277
0.062355149238248864
0.09137727588323942
0.10331010580057673
0.08006631198111366
0.07347273193496341
0.0671181441108642
0.07449288630827955
0.06935836581178173
0.10453028600580512
0.0764129787363637
0.11460402952376444
0.15670272590242018
0.07947312789169175
0.041141762019594984
0.05082301197631307
0.19258609753537032
0.07771354542509716
0.09527610467007525
0.03432053637522712
0.09965990174656005
0.101481921885499
0.09473776658479392
0.06668978095320487
0.08211176327899146
0.07260052462551002
0.095449047993763
0.06753770808959834
0.072344865584246
0.07102072967472602
0.12596527781602726
0.10426878223610785
0.06530919291785428
0.07980489215437025
0.08498625541291153
0.15368730912625242
0.10086046552715607
0.09724536397158513
0.05135638988258725
0.046128663343522495
0.11919691574133819
0.05022644189960876
0.06268767584404004
0.04945275332029161
0.12323578878021732
0.07828735863343972
0.035892510121638
0.1230172204111488
0.08252090938007783
0.03533942221579803
0.0677341331608982
0.061152251842284094
0.12312205691670682
0.05122166725179605
0.05819449735287128
0.09272268153179435
0.036481898290953906
0.06432007383209597
0.10422758116064688
0.08374131875267442
0.10221454937704015
0.0832205451160952
0.17330229231181787
0.0920498124434778
0.0955708968007329
0.112492733067319
0.09413836283442502
0.08374255073184636
0.10309098012349721
0.0728654856904566
0.14950340227525669
0.03980579126880364
0.12200670820644348
0.1250077385353149
0.12233461606992298
0.08804073102758908
0.1052655559090501
0.07464713422194214
0.06841465532293668
0.12292590279824957
0.12200908455178194
0.08326524195853503
0.10693586070434322
0.047478434718934065
0.0784201174635699
0.09817463113948138
0.1071352938511085
0.08317695019854346
0.11616570123446968
0.056117884049051034
0.19541656522663986
0.08708479554924664
0.08141006100815422
0.12027470520557537
0.09702164649170997
0.1448783227231104
0.030897726836333825
0.05673876737693779
0.07472463835571488
0.13060117173416047
0.09545364384450959
0.10380800929134902
0.0482614176304487
0.09368231567604404
0.13087834673401208
0.08550954725128633
0.10431642934545138
0.06883833528719656
0.13129871325995254
0.10711755127931528
0.07132635291679765
0.09843189920609009
0.05614109080570897
0.0629993851865839
0.0779151304618981
0.14523154982337788
0.0913561673534787
0.06604289106444788
0.14413199301726026
0.036245540987642814
0.0956070169323603
0.11786080757747525
0.09823269947214561
0.11195949253341965
0.07516637468180272
0.11086656621610698
0.1304053631824703
0.0551102207446788
0.09663719375352041
0.11432134003321719
0.05909728822780991
0.09541714387240047
0.04014402675762971
0.1364560752219319
0.136965334714253
0.1255169839923628
0.04105524992147479
0.06679646735684466
0.08283108142600107
0.11479269103323972
0.1108870191203845
0.10145027311222302
0.09789476635360454
0.07958434884995494
0.08489341494083566
0.05399668710154565
0.05804831470364367
0.10986895283180972
0.09256961261943843
0.045062249654709154
0.0983726677180517
0.06294140034740775
0.06400587218870042
0.034269972686529766
0.06626906214584856
0.0356891712083897
0.055907740669255156
0.0949741461005461
0.08923164732772994
0.08935926412110828
0.04725050580144059
0.07588345219519545
0.06955329884511946
0.08143258730162227
0.07045588614624229
0.09111896029297933
0.06529885203741853
0.06287645816886711
0.06119038871138603
0.0928091237860414
0.0550129796308771
0.07464532278922031
0.04034256588799331
0.06557805500474717
0.08865861765165194
0.14421139924723728
0.08662637288341236
0.03161004937333031
0.1362414962855345
0.076154745801634
0.09854592960621736
0.09280868349870477
0.05012155399912136
0.06923151162542178
0.11812576481641848
0.10457711345441202
0.08919290738352696
0.09591890000036273
0.05686978879914823
0.14881783442522195
0.09293208921209872
0.12854155097045483
0.040398152519491116
0.0949189888512546
0.07197609322396384
0.13742253798651394
0.09029892279590425
0.12175452703692151
0.08346192777567124
0.035860876428302844
0.04265067815973569
0.05447487862820617
0.054156578434585725
0.09981142057223717
0.07678437787315316
0.1495552491859297
0.1440186048379616
0.06049121811735701
0.05658930270003756
0.0726228215586293
0.12751939232713014
0.03308746880186613
0.0766549739916214
0.10577090865163034
0.07779217482570981
0.05366153052272532
0.13722799601000435
0.16083567557129355
0.0989463387389727
0.08829311298665976
0.10070458115582262
0.07703170764147205
0.08038956046650456
0.1133890133443947
0.03324151029056708
0.05095172840784099
0.1312216727376186
0.06647748100874457
0.07488611465821612
0.09148498381813684
0.11738119932777867
0.08636782804659432
0.07993977387049386
0.047722668636468075
0.09955241567831004
0.056848664270195415
0.05065810927513134
0.04733618462337358
0.09616652224137047
0.1621920866356331
0.05896282438759149
0.05902500306151308
0.06690073779667463
0.16870389819964424
0.07061245466983211
0.022555240229235968
0.08353830261611364
0.06000650785187028
0.03642128920758924
0.08227561695222037
0.037328856212830615
0.11608919500212919
0.19504575500660254
0.09917046062710674
0.07072262719961886
0.038804461517872486
0.059116828026177896
0.09855267384435853
0.06691359701802851
0.08833030107419908
0.12014728849024418
0.05918420093222523
0.03855687532259333
0.09364714631900448
0.14516968102803648
0.0258039291064959
0.1902294780182508
0.12177577400945765
0.07383788160807458
0.20111827972851615
0.05287890285251454
0.07791794025364804
0.11229226306355633
0.08742729710448048
0.10340304898730873
0.1350790249920651
0.12677649787203166
0.0861879449199677
0.03507755571263856
0.09822623940590437
0.0786175945749132
0.10289060692737345
0.10898644535621888
0.05106264837782144
0.04789649568846518
0.09680623526864146
0.08730337992377393
0.10814447219969933
0.08678034456561635
0.09350381960209916
0.09605793751753001
0.10433829074690747
0.12035320389435447
0.11074152433542371
0.047629726962124815
0.06630256424854317
0.11139965096475953
0.1422725301925702
0.10689403540778901
0.07950146855149802
0.11440764842274002
0.05596009768378306
0.10303395527877035
0.09799079955647796
0.09033415430782336
0.12425491613500941
0.14407899805134713
0.08079772109041984
0.09167438299729613
0.0630448257563734
0.06682677532285657
0.06022304600942859
0.06534817659460282
0.07110656178165807
0.06253147809152286
0.05581033910825866
0.11331557820747265
0.06574185783124802
0.11074944404351116
0.0935603396302424
0.08093622970390538
0.12966715876900614
0.08914853641025422
0.09643606322966278
0.19648865378805297
0.09154321270661865
0.05475629785087985
0.05521434173967912
0.10606466500224267
0.05759249027372929
0.0992628436065144
0.13484153469725418
0.09830807482819555
0.07388879877137182
0.11006227036934145
0.10148596859527337
0.0729529760739653
0.08674357489064004
0.12471354611659763
0.05374789066416475
0.07619409625092441
0.1270764886546723
0.12928273794215006
0.06333268582747625
0.09607502836809773
0.046028453096783765
0.12540754556424155
0.1303497451633063
0.1514964119142223
0.15751130266514476
0.05802470559881294
0.013488059431278739
0.18810068558622714
0.06291084115675556
0.09394097190502836
0.07094037002879384
0.10783166146044729
0.07440649220920627
0.1252753550030424
0.14506467337581772
0.048622931191707894
0.05538393649431419
0.17306555133563348
0.06065296098075002
0.07554623055790115
0.08531939385128584
0.06497525019515644
0.07433891825629223
0.10868055121202205
0.051447120677728074
0.08068340765115653
0.09414915410866334
0.1000622803565869
0.06476517917638747
0.11286309552063366
0.06902895848316229
0.060078881583371824
0.11482006087724955
0.10246905842452138
0.09639321637401553
0.07947038801889386
0.08091701035854602
0.08667420640919937
0.08619035255237487
0.0875924860327996
0.057129902908627045
0.08636918538532992
0.09180158814198386
0.0896447572532866
0.09040394961136076
0.09410054013420217
0.1454956636952456
0.09019633729223944
0.09766846297492007
0.12347628610908945
0.09771046117185397
0.03211526183006836
0.04313608733258503
0.07328984242838724
0.06026010841160078
0.14340445970971305
0.11743118510282997
0.06710761945189046
0.08026603194651799
0.10395003814073012
0.1186084962894207
0.07173860894582873
0.11664357223117884
0.0759207402254221
0.05017626066903896
0.03234840560785859
0.07196390128662039
0.07656097328948987
0.09389356817276172
0.09892091190540926
0.08636640637891509
0.07402952594974013
0.032671502515585676
0.0665670548455854
0.1272407528856208
0.11825433892103351
0.0674606394023496
0.12310625628351235
0.08903625158582416
0.08727688540439145
0.10619730017519168
0.05143440170016125
0.07771462215098589
0.15068250916752163
0.05501449001920179
0.050971508614932805
0.09788559166780882
0.0571114430020686
0.10787745921565117
0.07620743666301481
0.0856504285058377
0.14371076174309963
0.10794759188550426
0.12321921517638224
0.12440928631732354
0.06831756146625653
0.12288285087659077
0.0439619849336799
0.12606101718594762
0.08387055000082945
0.10384199271468902
0.12635453515178593
0.10111019360414515
0.07849342487255953
0.11452254242228248
0.08767948309229184
0.0597856485560325
0.09823066722245101
0.10336209830619467
0.10820765834947592
0.07761155258479098
0.04476827572426245
0.04043146462499644
0.09998829072314769
0.09597735050087618
0.10589206403300064
0.1283405322601414
0.13003995252153805
0.09017105790787223
0.04436079080803639
0.06760257601257995
0.12357971033824
0.10383479431412819
0.15809078157105677
0.02925745750329757
0.09593599551093789
0.08817757040287799
0.06505178258420004
0.08960028805247493
0.03439279683096
0.11173596093836576
0.13930300901266165
0.060849806492760436
0.13271374798663715
0.12363890356889609
0.15582668880186096
0.12314055836287192
0.07451302270961527
0.0810132117699036
0.12663070415819652
0.11458998839336319
0.11911214809959879
0.10028046726426036
0.08844073016133669
0.10715362197755997
0.09944487333205895
0.07554086358859959
0.06974596125476913
0.10364003731566854
0.1456120064123947
0.1145909560717895
0.04382176056053752
0.08505660636798364
0.07956495209743042
0.12518655557843647
0.10088363848850418
0.05574420396358353
0.11798601860389908
0.0845678190290142
0.14512016811512116
0.1268676706737609
0.048680758071609334
0.07958898299780204
0.06181106134600462
0.0513936733640648
0.03824729248519779
0.16068439053675015
0.09922020247660866
0.1155890411662717
0.08154111051070857
0.046849252741898974
0.12755137393070576
0.06849918036885215
0.06052568927941508
0.107126851256988
0.0768909753049676
0.08812482835792293
0.16632872180958921
0.09489499118039434
0.06448312369579386
0.09611389068984451
0.10329124938347758
0.09287281752587169
0.09188048637942299
0.0718216608841732
0.1002221395332336
0.1221845503421703
0.04870891126671435
0.08199330096126106
0.08573586062741516
0.09979602457531596
0.07202749584049273
0.08629001214899751
0.07469493258376561
0.10647891371334615
0.1097898947493556
0.15465876207614965
0.0420070007436574
0.06684969423032396
0.05728252851321356
0.044507894157493434
0.09146692910382273
0.11152196087301205
0.09308887353030226
0.08880525939178999
0.09541987183899278
0.06421534440094466
0.0660248371660521
0.10591036439349168
0.15377230527635669
0.10499117600626501
0.07580670811592388
0.06557523604192213
0.09184023134353812
0.1496092609496046
0.10415337313222127
0.09568574672709464
0.09328901038036223
0.06996474912387633
0.05582438221823256
0.06751020300700732
0.05271951125493602
0.12304650062315234
0.10279001576640312
0.06798620030139774
0.0375843805013738
0.1035774132150683
0.10484462729500647
0.09151681535481884
0.09719236952055678
0.039057565073340975
0.12497265142016457
0.056002886248999774
0.08845631675945126
0.16992476049660088
0.055863208309028134
0.059131264879876945
0.08791906433249161
0.06685488819835204
0.06016510798542285
0.085512981682235
0.09918779802074656
0.11651645393767826
0.10309763036470432
0.08268088119397969
0.11772552871738916
0.04124305225145327
0.05663023491458011
0.10678770746734967
0.1483845995863177
0.05685882857735744
0.05667575547110964
0.10618950102034767
0.04847965315668076
0.04918140377539661
0.12006281360629491
0.09667433283082634
0.06382776572824118
0.06456550620959389
0.12350453113830138
0.08151576574484821
0.05212830110790304
0.07124277429167182
0.06688827009056528
0.07306507999849576
0.11684816396933534
0.05244597345870539
0.08653402269062965
0.13314421780249272
0.08783509254093673
0.04297284114356251
0.1216893472563184
0.07835884377547352
0.10159787780100019
0.09986706172496408
0.10126872574765833
0.07911541305169857
0.08534460726542163
0.11316913132436562
0.0970755019413669
0.095948124579137
0.09560093123179575
0.1485559774084941
0.04384507162195498
0.05650253704568237
0.032072942366413754
0.09834254272612361
0.08835008760691582
0.09528637364348433
0.12493141885065973
0.13451273994023288
0.03249008113558284
0.14631102521469166
0.07642122922304173
0.10639796485157489
0.06599867434601418
0.12103783977378701
0.09638823249229672
0.13572714518470683
0.10822676839310318
0.13839673048503323
0.04760024862160801
0.05583108517055263
0.07847756859844389
0.14863593460672628
0.07252500875850568
0.105658991198731
0.05242155428081553
0.08448924996699114
0.08526422132416696
0.08382063503245722
0.13461569874056734
0.13688791000031952
0.0628257381331341
0.07982114079748884
0.10862813539666408
0.21704408469377065
0.20122392120280433
0.0499430796374049
0.11085689560335801
0.0550100934519987
0.04003513696822238
0.06555772813589728
0.13927118625581464
0.10235069235682995
0.1237697304384996
0.06850598075876914
0.11679616335941148
0.10254713843618284
0.10220713264727128
0.1393705582332763
0.1071350763564286
0.1212747384493129
0.08247620025727301
0.15601705719177603
0.1539724541675793
0.13926868074698762
0.0740200167777861
0.10542075130408132
0.09942160463559438
0.04173888307363586
0.10405265471804988
0.10653955754851561
0.08140288492599315
0.0931928626840813
0.1013196798485608
0.09072350770156132
0.08030019437338369
0.06160504935457646
0.09694636136597111
0.08406187968060466
0.04564926597291386
0.017327188915859566
0.10965959384921366
0.09082083594382409
0.07656985954447153
0.09107673195603057
0.07097919900538541
0.14175183512018752
0.04375334482627713
0.12977394331266362
0.11208002595995935
0.08272981823481051
0.05781571076034457
0.05482323810148832
0.15396135026639854
0.10588620270792622
0.057673306725986015
0.16086069430617633
0.10230601640990922
0.10927530735686918
0.08123783452484072
0.07915893143075298
0.05855457672087681
0.14306663774930017
0.04105884022695274
0.09155697695038938
0.1389266929709171
0.06063494729443163
0.08519364753934044
0.07011924872791105
0.0845498481286533
0.034900935023803564
0.1745674211908217
0.13351747873367711
0.11848297791963373
0.0363379295250029
0.16483205601155204
0.09037336516338543
0.04713649477027577
0.08054208760287467
0.07429223500253378
0.1252879898570129
0.05844973099515875
0.15002021098061338
0.08184150562552907
0.1737082184021574
0.16942127844736773
0.061132433010039226
0.04047492844576978
0.049348995031005
0.15656337630879916
0.09341487362541577
0.1020819561939789
0.12613107978305282
0.0808953102085234
0.10035027344763159
0.1021957454880109
0.12566217494236787
0.12800541181004246
0.043084342468784
0.05092429670106769
0.11060366030393216
0.06812621446040974
0.017481693266486856
0.13784996476539169
0.06224131451617819
0.09316993474659382
0.11348015697888193
0.11142084167540467
0.08973793737784574
0.05603019445957119
0.10512212780222045
0.04799230952839215
0.053411283632597395
0.07356760856797614
0.127344600170941
0.0622779912675293
0.06651649967584027
0.024238624471960183
0.07637465159543773
0.04554243275380299
0.07319903174571786
0.07174334751469966
0.093384718506366
0.042337863527929745
0.05920022710902074
0.1097119740306407
0.05548471215269827
0.058838842207795485
0.07258789557293568
0.07847828987952293
0.10210100798813838
0.12792999828933954
0.06386099837734714
0.09616135523615628
0.19643337916752046
0.046352141763602736
0.08980370388361543
0.15645588596078105
0.09700774892261935
0.10410436991098622
0.07631282836376624
0.07656400049925305
0.02584762250528397
0.06803771276158192
0.0731428342997902
0.13211120440614557
0.11011148660395681
0.10148877502104059
0.12164737693079795
0.10088106629565927
0.10735178637425347
0.14574751026187305
0.13654206437658734
0.042904917479001554
0.0389941806720943
0.11238204092758446
0.06304033618763306
0.052849405629828115
0.07439670691108345
0.08971695615239117
0.09339626051751845
0.1489198078094925
0.07167529937255393
0.06493036207923779
0.07223012463532602
0.08905231394131971
0.08010288457279699
0.1454243402510252
0.16926639834906745
0.1251913953157235
0.08768952408950374
0.11518015133568218
0.10806936272803845
0.05191921086960181
0.11604674555920269
0.11027669432296675
0.02427721550370914
0.14201966257316465
0.17415154943900063
0.0572508130194666
0.08048384175936683
0.06980112739641128
0.09488819664706143
0.10299381047847057
0.03483300360147311
0.07139626305761816
0.1379197043396683
0.0855007642212733
0.06842070734387008
0.08514400440837525
0.07405307784274154
0.07690503872262043
0.10699855479078549
0.06288208345348993
0.06873136123657858
0.1362531778519329
0.07466358820912589
0.08249622510068777
0.16226738529741544
0.09640477987468991
0.12331687624430514
0.06768983230286298
0.057100826957902605
0.025445012679774563
0.11629831130493809
0.11158634541438853
0.09004495181688911
0.11006823219074302
0.083542085785633
0.0597581843159448
0.11425681119134781
0.109717940667815
0.0812117224329539
0.08470091266224275
0.08675585449335743
0.02565929235964241
0.12410577182032738
0.0770623323031245
0.08043992374934064
0.06225704416819482
0.07199715538840393
0.07954941308745452
0.08108854288467063
0.1337278821399059
0.09666933969091644
0.0370759075384501
0.06121576767473846
0.0933096993528072
0.07385446085924455
0.07976210931595892
0.13154693705762394
0.10364359042575354
0.055020983959660236
0.047982359259493054
0.13086389250263053
0.1662071006991203
0.1379155499287302
0.10461398224797536
0.06527095668489404
0.09615595021596862
0.11947428033986984
0.13228984482463554
0.0643142190903436
0.12878942270276594
0.04785754944532976
0.055757187899701674
0.05287458970342792
0.1138900348789517
0.14878734718692443
0.08476516670291766
0.22776615735189576
0.16169177003627674
0.14719549734185067
0.12171923491177672
0.14087963649381255
0.08070700198231102
0.041730757059262595
0.15138898910617946
0.03283103671974964
0.09545468381658224
0.057536077898134884
0.17398595595456526
0.044745058219624184
0.1324872429858489
0.12325437640029986
0.08602827515973341
0.05668656467175465
0.09322918447723608
0.03137282967141679
0.1235192607280937
0.16335283787817215
0.17977455784638308
0.0478192567320555
0.08521208122872723
0.08221353249926007
0.13630346476919442
0.1483998443297766
0.10147502075832615
0.07240817963980309
0.09136476638085181
0.0670604261195319
0.12197830788420126
0.07120018232523076
0.07148176138701058
0.06491025699090533
0.1187367288653364
0.11891097041510616
0.04055294010512538
0.04816559293860139
0.13467236973251603
0.08827469021484106
0.07716008147966746
0.1433272249434766
0.0619408699358842
0.06696965976882577
0.07980225518708632
0.1354412585212892
0.08532344963671615
0.08285331890747975
0.1126867397264197
0.042228918953701094
0.1374106860132837
0.0853765454524725
0.09895648926860404
0.0482366015972323
0.14353932363820726
0.09533657037555646
0.06156152988672068
0.10394432692578573
0.06678314076054019
0.04250858284625811
0.19629718658590273
0.07716164377545404
0.14699082740469294
0.07945787044032117
0.10610116664161162
0.04726711749537842
0.0420923936192889
0.09488354702778859
0.07264169107752287
0.058523825758035344
0.07126223184278044
0.10789324142797196
0.11721600793424873
0.07688326511991243
0.10326120477451765
0.10835863777890445
0.09655993253480126
0.08728309284807668
0.09362735164004633
0.1772805582744063
0.1405278488884448
0.11639027552999213
0.0874188216111966
0.11290708499621628
0.12280375599186771
0.04990814276849175
0.09301086516409993
0.09352457572962923
0.07191842293692995
0.08082684814990437
0.06736797919298937
0.05666126341981315
0.08844697356981854
0.07711082034323052
0.1218257272105314
0.029457927273978973
0.07180476267448341
0.0901594496010621
0.06694859643680182
0.10269475613173319
0.07100735962626176
0.0443509829441798
0.0853798256651535
0.06546860651707048
0.045969161064203734
0.11215383598260004
0.15000977122065035
0.09527339630365071
0.059398650646358145
0.13791368540862217
0.1288162919555371
0.05190545217085242
0.12877279626578447
0.057843941285314456
0.035931355620010146
0.053067839290607294
0.07207736182545035
0.0697680539053498
0.09598884508285167
0.09861211785103231
0.21955426003702977
0.08671960212398601
0.061401429178663786
0.12585970595913493
0.17601527378064274
0.11591373841066639
0.10684285782985298
0.14535456970989358
0.06569663181920671
0.08031230912450708
0.08269105622411894
0.11758058477942931
0.12369750605147233
0.12062106429966739
0.05969328478629555
0.17942730335213203
0.06345488293868966
0.11863925963095541
0.08668714009617655
0.05805490641433895
0.05097928799784908
0.08517877077104352
0.09203021237211456
0.06789511222084915
0.09363075081029668
0.07783102606716474
0.08690017905924387
0.07086921019074019
0.07027148136015378
0.14531463331877417
0.10050203606266185
0.10697236268798324
0.05565816573155239
0.08649489615031308
0.03451716229161549
0.07019516892216396
0.15300824097937962
0.0764010672595997
0.08646873092550003
0.056098612265050016
0.0811162336873676
0.10596627482592459
0.07250160868002055
0.09432074088626542
0.07970619431366119
0.03253358396731934
0.03657581629789938
0.11743274671446777
0.12173073594660178
0.1006065448094289
0.08159434089887872
0.08111091312778453
0.06132794267678309
0.11343593019302656
0.07165645778383416
0.019025347127590568
0.03549418949924322
0.08198053051858274
0.13004606144284228
0.08424806256412577
0.050782969719648574
0.0991187259462068
0.13364561156446772
0.06327413389256187
0.05445072133565062
0.16127522672814978
0.11896557267571105
0.10400612021060153
0.08514071942398954
0.06589840679296685
0.06215511851137642
0.10041395943041617
0.05705984949849853
0.10217586127395838
0.08150190320818196
0.19045140449679865
0.08462061439891516
0.02743780521830217
0.04951995647045869
0.04791678956042198
0.09252531364102384
0.03398784944348818
0.10929780952208885
0.07275198013108845
0.12207571099504834
0.07565989987296542
0.12949534519680198
0.07970278747478425
0.07324161847166392
0.1263843465992557
0.1429153687852337
0.08779250178758083
0.13146151659498956
0.10880100650788842
0.05419651685976031
0.06526814107685269
0.1136872134758363
0.06206910673366081
0.11660231812186071
0.09834541144938463
0.07960842616260058
0.07613332977590269
0.09983258498483402
0.10765345751335655
0.033810793592331696
0.05377177073943214
0.1452565485943648
0.08356085405743989
0.1042478443315372
0.12000425672669383
0.1180232201644059
0.051839146033127226
0.04698535364575068
0.07118548738389342
0.11936974585526124
0.09619616315440689
0.1255118315427413
0.1346841862541969
0.09333880491742212
0.09609388618218125
0.09604903048644267
0.04025721160295843
0.05424924853231847
0.13491014663901743
0.08661902427811355
0.0627664945489999
0.0938919587546359
0.10628885913168896
0.20205879657620948
0.058032018183712585
0.03468486267291783
0.07305861215289727
0.08726422798364805
0.07513666875449022
0.13477382162187132
0.18155161482790738
0.07044070591764072
0.17347578580310175
0.12460581930106959
0.09596618129709626
0.133432506151695
0.10585250451573654
0.06647364892033122
0.12841700164769548
0.09170004679435942
0.0877057756804086
0.12623728987987332
0.054280297085399526
0.06526894818797578
0.0785543440862146
0.057206262121816544
0.06709968647546834
0.09843791051438827
0.08573781694085165
0.05370563767685419
0.049256176053171875
0.1151137770615266
0.08177627715993964
0.09717990543757694
0.0682705242546464
0.08778797681145406
0.09217861657316188
0.17852435476964496
0.08363581222692189
0.09621501434105573
0.05461962034052736
0.06661121075707886
0.1115777143902335
0.1187172523185876
0.05107274598754655
0.030228898320309755
0.05468776640379193
0.07817476758424069
0.05834148775178032
0.03927176841564993
0.04064316651389997
0.13178836243169528
0.09332615962303188
0.0680938589574227
0.15707929203111792
0.061413152069071095
0.10968441395878467
0.09883099672483288
0.05063318819025071
0.0985463018209264
0.04278091390087829
0.08852265046680223
0.01897417649169902
0.09285282565506382
0.05727477730902962
0.09238189817233314
0.12170526134480808
0.09248461504705616
0.060645355406490596
0.12909334569442557
0.07652612213921801
0.07705961494767721
0.07879512285254212
0.0357438408171224
0.03553074501926205
0.07065036568163162
0.12780255299234236
0.07176542850810173
0.04140705699084693
0.03221923473732847
0.11555415583738116
0.13518825153947253
0.10804968312690444
0.06222029060715104
0.18171094269618845
0.024278495432264565
0.08818877306637359
0.10612833202725382
0.05704545607845137
0.07038391554582266
0.13757580148475204
0.13965851189617778
0.08150872256565803
0.07297394966607935
0.12581762662760518
0.13404926987894375
0.06584617183105604
0.10364653434725285
0.054106710699502104
0.1080310125210997
0.09616765926893248
0.05707687453089635
0.08879985655469316
0.08791824404316431
0.11473341532384007
0.06716868636013017
0.07514103376925621
0.1429032262163738
0.0577341277900844
0.1444170099177637
0.0922407765433781
0.1076370879712398
0.08737473518171164
0.051737384550899726
0.07798501237000735
0.086492920745821
0.04098118119162424
0.09779443131305193
0.06719045442768752
0.05123560210397218
0.10036726531486177
0.07641163708008096
0.15000185345160347
0.09959837984422233
0.12472413551427933
0.06917426399831189
0.13709681671297738
0.08067402173529993
0.09290274186121804
0.0440772474859696
0.07722852436596543
0.07093646452916985
0.034127007841156354
0.04916103667563417
0.05316406103932943
0.08808666706577077
0.07296949719783553
0.0846089063007747
0.08275920992667886
0.12319585506947978
0.087319216847064
0.05351244853378825
0.08212781956194136
0.06716969202133115
0.03888586697783509
0.06113564835965489
0.10744440144582208
0.05088177706835962
0.05369835422413012
0.03867973913500456
0.126273309556029
0.014635028009924016
0.059565428096004
0.13524301350424467
0.07179552299001027
0.16570622709240332
0.07277992286537388
0.1399492172042893
0.04723094262456468
0.1068034379860546
0.0373676298302101
0.07319965231950605
0.10463442396256584
0.1323940460952776
0.06468640774321763
0.0702826746512274
0.102430571485109
0.029299259924604644
0.10664960793698788
0.08985707914558844
0.11397819576010038
0.06909729602650959
