0.11324535348508392
0.07751072872135127
0.092378387084489
0.0975634114596526
0.10078029566346614
0.03960037784250135
0.0652721109286615
0.12543837390435658
0.09969171785586602
0.039135228441744316
0.13976404185654667
0.07538817989222553
0.15627384167914898
0.039980372665652006
0.08797569011568232
0.09850106725290543
0.09176351353969646
0.10187764592917511
0.04059603760153103
0.06355432356959077
0.10453356687905022
0.1106854271583404
0.08781504752171858
0.06903604909412518
0.0757127077070722
0.1471601648769654
0.096434390776284
0.06890082431505122
0.057787530904986846
0.06314917298353573
0.15718292693740055
0.062215145911442185
0.12670293310484493
0.1055245600179177
0.10862435132106513
0.14454558746121063
0.1456195573065922
0.03622889472747722
0.09660743177571694
0.0726526004967541
0.11212053862760886
0.03696182104303478
0.12518666748552673
0.09624431955529417
0.09171497012280795
0.12031544984569449
0.07365313379176734
0.07846377493906324
0.09006897792304108
0.06319737749956562
0.13444012122670868
0.047854917240801216
0.0656793516668407
0.12404197969022543
0.08555894580140488
0.14410222047346327
0.07477237008392563
0.05006773073980766
0.05132065044227069
0.06791867021506913
0.07529063937183163
0.09763005453690794
0.08674322964368462
0.09106834796058937
0.06848224913071622
0.09886778212859283
0.07041518809243542
0.07544853960842732
0.10839594271531415
0.11533567122252703
0.12632518357963432
0.08448848965966435
0.09120037430790165
0.07148466866592518
0.056083176436276916
0.11738849414349074
0.07723385659073878
0.14648865101660305
0.11398800946610682
0.08865118110415517
0.05210416947421352
0.1193099779445642
0.08887101567512543
0.06309703441487806
0.0418933038133941
0.11157960817797109
0.09388142254120373
0.13465270444860325
0.041234008740631545
0.11407906801283531
0.10870307449483138
0.052438847851638624
0.09159457669880455
0.13992820016245724
0.06353191820307509
0.08630689411848931
0.049732684608527346
0.08189159353130307
0.10877141913128856
0.054063664660510415
0.09671150407441885
0.07217244874433766
0.08668122072555119
0.08713796880390784
0.030444354849178797
0.061399323368747025
0.04351452733397057
0.04283071768504056
0.06082733117016757
0.039074027899480064
0.08210851902840058
0.1831929575351846
0.07350856590253199
0.09590503881434594
0.0816471180079315
0.1357610434875328
0.08226973999897268
0.09668622155398718
0.14903843817513915
0.05172249092965242
0.09627200417956955
0.19137817772360408
0.07218288877395442
0.08506888458968492
0.07854030922082003
0.08997223384835722
0.10411208213509379
0.08642608657358122
0.1076133301703585
0.10494540379081525
0.16117469721225544
0.08903635263200381
0.10381788641106035
0.08301411824708207
0.07390772272731862
0.08099924028943017
0.0887727449841283
0.10213240659685655
0.1202777873101558
0.1425613771427378
0.08860446414498548
0.086470497519962
0.06767530325262924
0.01757276131309376
0.11021379359688288
0.14902257427595658
0.0722370530545754
0.14565341677308932
0.05950959344080156
0.08931908914497827
0.1124337170416085
0.14939169528756802
0.05640205087949342
0.14439421192901966
0.05922432074307682
0.0960125311286424
0.0912222295754557
0.11665931406776954
0.08132308862849784
0.04403566365597238
0.17998048509667014
0.0890997987492712
0.06586600577539203
0.07345178379317084
0.1285542866745888
0.08180301035416461
0.041444907130934655
0.051240404348353204
0.11385467541936484
0.11441717933212849
0.09039856621671888
0.061788508009234834
0.08087588011487593
0.0892490858808483
0.06025573633343018
0.11651837851877846
0.0639088666379031
0.039164740056675876
0.07433916949672231
0.11811219717616031
0.1939837079799286
0.08894982607162576
0.048107792206498086
0.11673860443990974
0.09461376709147055
0.1148636541788485
0.06781597721943129
0.14596367946937347
0.10112566704814031
0.08317844249730998
0.1081473762810911
0.04753189118296286
0.05115247392596716
0.0761673909867102
0.054478047608346555
0.05608292286661237
0.06777240736543517
0.07248112572181171
0.08599569330960442
0.13499944438438594
0.06289459946524337
0.0800241604356456
0.06676743852255958
0.1260087426609624
0.07222005980631166
0.0932513534421193
0.041276734160772946
0.08738521123555028
0.1446979411641001
0.08031130306448549
0.15830972440655597
0.08403036674458028
0.07206317496211123
0.03588662955495939
0.08393807290743886
0.11052388423766357
0.07126522985112892
0.07911321242022576
0.11505313564347687
0.14578053568123903
0.06702496021302635
0.16217879844189226
0.047291630511012026
0.06518974699858854
0.056343222373607664
0.11461123215716719
0.09448461226327617
0.04337528431503202
0.10625906923412284
0.17953709266662182
0.07113879120407862
0.05531255509843361
0.1443048502895938
0.10395486450589429
0.0764993717108829
0.06751206346927249
0.07265166014599711
0.0939128937161836
0.09432231754031452
0.07139866443099102
0.07590399885352186
0.12219950723440076
0.12407810252101995
0.10695460585492482
0.09025378363826629
0.10140663299839998
0.09666800551925785
0.0804464593390493
0.09535157275381467
0.11137219252604919
0.09291540444377708
0.11775597385524864
0.10990553674497233
0.1071295057768867
0.038971198742940014
0.11018792464857155
0.06254083365824804
0.10759523512463554
0.03594107778808716
0.10614345114440259
0.09644439249197508
0.10718202451569843
0.08920768505273681
0.0636485195561926
0.08401097153146873
0.05465479910961131
0.08713814111315371
0.13653452862610635
0.12445800919285431
0.05978624569134865
0.014710010445583717
0.07109968935802584
0.09977734759446096
0.05409710715746411
0.11165524468402373
0.10246640920833497
0.09329365516179997
0.04770000653368353
0.0646128327559378
0.12235925009472691
0.15469574514058415
0.09036004927651287
0.08304550334294362
0.0767274142428503
0.09609456472135303
0.12445638030830913
0.1159360917001527
0.043898731659733105
0.08720007930421922
0.09887111219702717
0.05715852046724755
0.10623169403298542
0.10461499842844861
0.034867633292307625
0.05871000545938397
0.1233930087944822
0.04829591289217948
0.05046973191749544
0.08646858343177788
0.06632317025271856
0.07687876941048852
0.0997876900011761
0.06049589512925219
0.04033759552869256
0.08788918462395498
0.12407004881822947
0.08943156716621767
0.15104227089198977
0.11561355485108973
0.12007094036650873
0.08556158402911924
0.10754673306804946
0.05517387789588435
0.07724622798985722
0.06577050887979742
0.10199284295949443
0.12421355299000354
0.06224824968486697
0.09185130842818501
0.1264865466536772
0.08919480638381103
0.06750618869196404
0.06848280743820398
0.07777018603613249
0.051707008347835294
0.05734127460488278
0.17786040901478453
0.08305832910365475
0.07048364161766327
0.053144576944045556
0.15712416244088137
0.05617197408665241
0.12870011216790075
0.07506535185019507
0.11689381020042683
0.07453358762346748
0.10030497713750089
0.04265634147177767
0.17503706597233867
0.10295393501596416
0.06552825364613521
0.06144622797802266
0.09254251362460979
0.10776087020363752
0.10745959612269187
0.08580972495331414
0.06636647290975498
0.1166277015882602
0.08198704234262677
0.0888467867368589
0.1193643009838693
0.062498140067592856
0.1316481002867971
0.10045499835576156
0.07018468346901459
0.10323198245786344
0.08104737822585263
0.11496618386417157
0.0567981372424594
0.07119856863699034
0.13694540382798434
0.09642292777966095
0.09348991183815607
0.13057146849029405
0.09360081381011374
0.12677806311985299
0.0450133923583572
0.08313218425473892
0.036622032883605944
0.12874052437116507
0.0725009102558814
0.19779276184406655
0.08021475617682688
0.058594999030388756
0.17400646673017878
0.09557201835899298
0.03554504122416007
0.07035922322089759
0.07759598137292188
0.06264608911007735
0.09831262637626931
0.07104036118708208
0.013665045311926792
0.05524658825751527
0.11153406444675003
0.09906878945763786
0.09607572023521241
0.15428377601842652
0.1331374908185263
0.05706919218517151
0.043436476478539494
0.10038728986483654
0.08054642251828699
0.08759221047337475
0.05801552794595747
0.09418843741746463
0.07838105043412878
0.10180124710660078
0.052111640822268615
0.11825432826698389
0.12887397254729296
0.17737790605817108
0.10253298056640761
0.09070242432476479
0.09195679625732141
0.1531468355416152
0.054787200086786426
0.10460315098724286
0.049480370114865245
0.0884530146885606
0.10460851833457521
0.10095387126046203
0.10724534745932174
0.09313525584499574
0.07028937371338981
0.14562089996746033
0.10363907498973426
0.10890138806817366
0.08162765487056557
0.16691409922691292
0.09909159534671053
0.03108133929551838
0.12433779868798557
0.09355432888574486
0.05970157184003569
0.12262524330481166
0.03257132864220642
0.12377704604627701
0.12718306633197918
0.1583680294024701
0.14920425065494647
0.04465538497774679
0.07695165101144151
0.03333975325430203
0.08153827371298733
0.05791005067274956
0.03459480702014233
0.05129854769310099
0.05141024454384272
0.09729623920287109
0.12054680642456589
0.07513266727941276
0.19529312217634842
0.12287112539354283
0.055314406028454194
0.09871607790795767
0.058918315576832386
0.05129548105950505
0.07967674506367657
0.07762862928298071
0.03788154829516581
0.11917798128167906
0.11169183892263407
0.024542237829697264
0.09042763055384984
0.0722351380945064
0.10909565237928007
0.07883923185849659
0.06589482237093003
0.071044729495754
0.08675940748744122
0.04939474922190148
0.066707073794215
0.1240389942482225
0.1165131483761893
0.08160278000132865
0.10081868920210296
0.056135036037175984
0.08146445856499725
0.105728533504182
0.15304180264600117
0.18972590610476472
0.08509163446231308
0.08193307347692709
0.10240415110099782
0.05325806828497961
0.08508482134018772
0.055457438924784656
0.06723108458080833
0.05517916529983884
0.1043196461613127
0.0714836393141572
0.09244456816639164
0.14582294311731797
0.09884105737087366
0.08958196159666779
0.07800429533799613
0.07746196659128454
0.11926045662426453
0.05964590081928106
0.08071015553448134
0.1427294528330901
0.10108818965699377
0.14280648371296645
0.039299253764925754
0.07818766521336278
0.12248471129282265
0.12602934283341247
0.13259833943618224
0.09676485235793199
0.07470591592963889
0.06814217190787053
0.08878594543274858
0.047227234631517574
0.035207496569938004
0.11384943585596753
0.06639091245030054
0.06596478336966066
0.13257885421052226
0.10466624182037211
0.07053484339509149
0.09161088555750858
0.06224565618977171
0.10282917869169537
0.12288418174458235
0.06535590782877405
0.14516328584188976
0.11304758621494883
0.06694389138360982
0.0939050920491378
0.05172420902522398
0.11715134250749575
0.06804199203600689
0.054367374445204716
0.13593440837996656
0.05799139480345584
0.17134905851026136
0.09406038693515852
0.06859867587480248
0.07242230728268462
0.055309639596962
0.05822272587425294
0.07737382621266559
0.0741117767086973
0.06947827018889498
0.12448755169167315
0.10620135915397713
0.13763909181236073
0.10054069355261268
0.08510958307358128
0.07283753018507773
0.0687809767723388
0.10406033808109648
0.10862963602222495
0.06609116148129579
0.11963686160871854
0.029453237057776627
0.12494450242459662
0.05616791611209441
0.0985604810468338
0.09100252644923006
0.10413361647725153
0.12117310836440612
0.09748687833013636
0.11317193241130176
0.07699520639354888
0.059499082368967636
0.05978483211476057
0.10835670637944464
0.0982962984786083
0.10139220886878683
0.0685793289083509
0.05551394776152163
0.08696539528387967
0.13176801696925655
0.12359872767413943
0.03847296059315922
0.1373425020963169
0.18237120375751717
0.08001340867984717
0.17035465809267714
0.09628044061143844
0.13979210146543047
0.0608212159697304
0.06771148187375627
0.10433345894710917
0.18042603085077089
0.09542193816736198
0.12084755130751738
0.12224788748911249
0.05634696437970227
0.05753894098590554
0.11802330923124088
0.06074277102385115
0.09611119807722229
0.07717204141896317
0.12596709186016256
0.10197889881858381
0.05519157081231505
0.09515061244045171
0.06573953275787946
0.07743864187491385
0.06944885741914175
0.10497125326521178
0.12389897198401068
0.07623379113754379
0.04072813201643796
0.056311880331603566
0.06186541511035757
0.08566046036910072
0.04985129211651238
0.1101146431826117
0.10851807265964494
0.13564513676151682
0.1611310366212929
0.06503352145460217
0.1077980667250347
0.06710239800696817
0.09580210512694712
0.08260574130423437
0.10645272540043993
0.022649351487784297
0.05153802983852903
0.047454386433800455
0.13738356824300393
0.06360105302551405
0.12612210210549743
0.10176265785938121
0.08333096273684985
0.052140062721727894
0.20130766357436122
0.17383499950136846
0.07350357907315909
0.07352239800734214
0.12903834687184815
0.06431622768892188
0.06722748238692929
0.06877513593919043
0.057582180716214536
0.059385149286179786
0.07564745968715675
0.0927013938024942
0.0814801201943696
0.16262398954678725
0.10773167558718993
0.06034040797976936
0.04413121226145082
0.06793751272969964
0.10185961991379534
0.16281742964148851
0.02944719856949451
0.08747065442136868
0.10737925166719944
0.1505209041980045
0.09497603821043893
0.04855112973924717
0.13853592691107866
0.09683225497469514
0.12642381306429154
0.13385226193438376
0.09878328880315686
0.10388697123127281
0.12929394169090436
0.19061658639433188
0.09430463655562825
0.07311665760953644
0.10699611411769805
0.06759956946437448
0.0321842494810982
0.04637120264149448
0.1401108058778608
0.11303411395436122
0.07183481065175472
0.04871183192191287
0.12539067684646255
0.06496305752561801
0.05048782780701308
0.06634317787251218
0.044984428783489114
0.03670135450574846
0.10386970944097425
0.060087913085407965
0.08767160953937614
0.1073687786793581
0.08830509969272486
0.06327353170893979
0.11772449365758571
0.11246948615389547
0.10345295149041045
0.057211362819003055
0.06402869044150845
0.1160658333091178
0.07106803938183383
0.13172157326397366
0.11453058736983637
0.09909097540095364
0.08110603113510935
0.07826816281820281
0.05129514645923625
0.1572254362411626
0.09416130400811452
0.07460777187778833
0.127555432447485
0.11860556911679185
0.09306247361596966
0.1526402926910185
0.05708976810394707
0.09706974181309211
0.13140973264672767
0.09604807741302175
0.10916256287821867
0.061663332107309086
0.0810909212548298
0.08756668126082195
0.06692356604911745
0.07333313613489614
0.07341238005067381
0.09958815548652335
0.07326208847864674
0.1321931354837322
0.02749890598790273
0.11391437536142192
0.08607523767502957
0.10872520346081457
0.11013887688743328
0.12731772881132866
0.1464473603192727
0.09490117326451032
0.06684784019896778
0.08604453459019848
0.16815592061911197
0.07107767752985952
0.1047201008093946
0.13536137284503733
0.10326881120402667
0.09729782299828522
0.13391974393713196
0.09612013428536823
0.15064393168867077
0.12818762497182504
0.063175937433609
0.06707956849427915
0.14903078331292555
0.04488008612795445
0.02430383352729399
0.048443460603608955
0.08385999730584622
0.08813975852792155
0.05390795765563908
0.07903374053497321
0.10371958323043462
0.07826199200071735
0.08332127890699083
0.11584851521080161
0.08634632538862029
0.11279526205424012
0.14527547486752862
0.12571000514023778
0.10783453517793104
0.06610967606450113
0.13005144590284148
0.10532050847122151
0.13830387584227627
0.11934920151210437
0.10617409026680974
0.05329590438389959
0.10677098285358808
0.07689923565467373
0.13341745909032982
0.14101886885436926
0.08350050490428833
0.09337061109347056
0.09654323484725946
0.07295448587719923
0.09177702938817961
0.06169896407823734
0.08274554906190297
0.06041627876191418
0.04896091285929128
0.10338809133545303
0.08599144473878875
0.09744855266158527
0.12067945054306682
0.032724692483428845
0.05030333365569169
0.13502191314592585
0.17330716705002983
0.08561556523905485
0.13427659243517726
0.057057751563446786
0.06573347633445743
0.06117546343922372
0.02560608062897868
0.04113874032151234
0.056334492900333426
0.1233973008077379
0.12171503530587584
0.09966306890780413
0.12376454191153882
0.09457906538788358
0.05723963341766638
0.1311424446279868
0.0422757813555728
0.056251448056386724
0.049400203431246154
0.04821800414965649
0.05695053815891973
0.06486380034140164
0.04894721837194884
0.085661428578858
0.09423537466755806
0.09087129282964693
0.09384731079878682
0.12639186046289871
0.12188009773214117
0.02580641202939584
0.07154996775958
0.09322734230854104
0.14378922911092862
0.07513231451254074
0.07676199760269432
0.06760510370310578
0.08498181278612825
0.11541765133272151
0.16545188784105747
0.10363063743435469
0.06114198940347301
0.09233750871412791
0.04789394470125193
0.08005998525441949
0.22827959252670674
0.061481360242505424
0.09612268997526459
0.06508600466342018
0.11320940126137578
0.10468577871620659
0.06957740205101938
0.08326580852105266
0.08210859083135731
0.10842343219392496
0.09941525952894897
0.1044157092485077
0.06148656334864881
0.05744456186121849
0.06525482719840586
0.08642724535950526
0.07250653203121338
0.05394848913820322
0.12747607553801482
0.03244948942869615
0.08228386294781105
0.03766623494008193
0.133014504442483
0.07179248926832119
0.0964203109665613
0.1274103696200342
0.05695254774912386
0.13973721853096535
0.17019676131320016
0.10694690996906348
0.06785573909237474
0.06872811958049799
0.12656912418238975
0.08398463460410739
0.11765941780751643
0.061992317655356816
0.08698308067546408
0.07821019807067721
0.10623926769253272
0.07173494539761036
0.052789040684030925
0.17032026000891615
0.08565523100907536
0.0935495344781086
0.07433744916682217
0.13323969312745787
0.05401510134063905
0.11018037110344192
0.0680083743212736
0.08315461922228583
0.11477942100772137
0.04743109234348365
0.17503843545906275
0.09396893141981874
0.03172306077940268
0.054990820678477347
0.10258230620982768
0.06097467250668135
0.05937087645903477
0.08031137460463186
0.12289641695659768
0.0873372921302907
0.04790681597757023
0.10626692144077364
0.126180832295736
0.1065840188246806
0.10403939815422923
0.052852422585893725
0.09193948229343969
0.08125745974082071
0.1193286323324045
0.0485334933255331
0.09656812738304701
0.026018510346464338
0.13564872756327534
0.16394945631922453
0.10559037491639178
0.06316987842179053
0.1104029290805427
0.14413375305379492
0.07832731999769894
0.08407546565639513
0.1966110231863624
0.034460937220770864
0.051269519561398025
0.03436375110571099
0.10195117350974257
0.036011860855854366
0.1168767668747846
0.09340144203595258
0.10040812213021831
0.1276914965415191
0.06219517345749297
0.22031859206252075
0.15020699907445978
0.1434452303004677
0.08723121654647478
0.10518122597834598
0.042987916246516565
0.09717108771307285
0.0970593310215172
0.1377971553854009
0.11002244006811261
0.13360841592901002
0.12586400841356432
0.1966315390083264
0.13835961381229617
0.12758649093125818
0.06312018277551289
0.12476894304195882
0.058310955281591435
0.07282719863282158
0.11876746137139721
0.05800046160509912
0.14352829588170896
0.08058141967740443
0.04036896056973511
0.09730173992372462
0.14582070128931723
0.046053525123755414
0.09634767219191082
0.032593071462591786
0.08720645207427119
0.16627064263516675
0.04826855064518617
0.07866977964355061
0.05030612105310572
0.08859851866728088
0.09476599517555837
0.0790617587216315
0.055923602829571976
0.0837843697707457
0.0681596142843347
0.10711871790523878
0.09352948128586488
0.12471142880662692
0.04077659710311936
0.09907552283348123
0.05029246593212763
0.08008473787111547
0.09129697297762668
0.019169495411395347
0.06036669962494531
0.13814419584668863
0.03555791457853678
0.054908781607703135
0.07023528093827046
0.08862407130774119
0.0906447616838094
0.08907902571907418
0.09765703824434996
0.09354877581420419
0.054032429999037755
0.08075371484578685
0.08809994871306938
0.0509364361792686
0.06029192152844464
0.04183502097525534
0.04769362010193574
0.0749319793847651
0.13996968931906742
0.0882516952045344
0.06788220712464149
0.12224383826442402
0.135384241835005
0.03160018042182024
0.08863806291621075
0.08537879459500862
0.040759430131360845
0.1570803588852165
0.07150014911248076
0.0705091439992011
0.12591277837357195
0.093079360441835
0.11497980472464459
0.1125704871777593
0.1120017887886946
0.08100172013197648
0.12428836620260729
0.13680086913806086
0.03574471742918652
0.07352320833349099
0.10034548331765873
0.099419033681665
0.04541852573140349
0.09337315573648519
0.07978633854767377
0.06257543989744331
0.060847472719344285
0.03291099210733653
0.07217063211154398
0.06687977599445666
0.13579368251821244
0.07526182395891537
0.07451809572313317
0.035208071474980486
0.11098811113972708
0.12827337361393604
0.03217066648474388
0.11404389308600134
0.09714369098922858
0.03414502540824461
0.10100148945014746
0.08755858750641035
0.043452405823460445
0.04131423749349374
0.10417333307416374
0.05330257480198309
0.13092762495199825
0.0743692104966913
0.09924957843438464
0.04817490772027699
0.11819785614650741
0.07296501350825148
0.11657429440719494
0.20103920510030798
0.07298144911109194
0.07662227254662374
0.0835700662704341
0.12945571305335596
0.05858012341915771
0.10508991511939979
0.14508542814985156
0.07748560307438856
0.1265314771716539
0.12141490894589665
0.09618968153606058
0.03518186001706217
0.1300114255739351
0.08101556031275192
0.07819352656714389
0.11525100713623161
0.12888620953806876
0.08137740318209664
0.07197256063167166
0.0927405874746232
0.08569453435003101
0.11198891089582524
0.0879076396083239
0.06328428461041115
0.0998385055842347
0.10236242120654447
0.04153238937197605
0.04893516794091427
0.12278169670328566
0.09851526023560896
0.09948582378214273
0.07754064275219656
0.08001917017369714
0.037310167889055265
0.08944257524493247
0.05434316952844291
0.08182489616830356
0.07124418415010315
0.11828048203162665
0.08122959702604843
0.07691725469431954
0.09417555814535128
0.036617890411464266
0.042706316045313344
0.09879134779187841
0.10320860225301955
0.09016669141740959
0.1184608027914181
0.05344865555365838
0.08972414409114397
0.06918864740691046
0.06953688764148745
0.08212500824936847
0.0773101743675139
0.048512619321857006
0.0821808634684749
0.101000966939927
0.09147266511753283
0.10708444080522127
0.11171950356780166
0.10053693363850548
0.09644068538138331
0.036468314575012324
0.0446980316800568
0.09650671540728405
0.10270038258261513
0.13896424592976495
0.1233386747282393
0.1477834330292173
0.08872257653251626
0.15072495761083413
0.08529504713211199
0.0824452274491167
0.07105309267260793
0.08693012250653599
0.11467908234014298
0.05693079846604033
0.057433976628795604
0.14995358070527517
0.05184930560726909
0.07491602883004277
0.06947446988235605
0.1517811696042262
0.1081227890294445
0.06523951585178148
0.04626541269603496
0.10473423947016418
0.08814835077200495
0.08593811893308764
0.15484024378045466
0.09834663079439937
0.08852178157618384
0.03329086735836408
0.07880768747169133
0.1386612543345129
0.07259606486602166
0.11949441933663747
0.07484669931207576
0.11157585486062263
0.09554035129982562
0.05388383696179461
0.08584114370375723
0.13790546603609943
0.05288643384074681
0.08044523225157815
0.15018343979672039
0.1227734674255533
0.050872967524730334
0.05743558871968285
0.08690726197622761
0.12217045215402486
0.130995621889289
0.08772465305099324
0.1080608710547318
0.11053877326094955
0.14589639375938185
0.054473424847828425
0.06635225443702668
0.06427983170407349
0.08044127664885999
0.08520180908638503
0.07980885053740493
0.02969802941836527
0.12227543527071465
0.07993573209072924
0.07545819467188591
0.09977779703017024
0.05693187377133823
0.07683814915161528
0.05865156766816754
0.05794486324263294
0.04247919461596768
0.0684857018895108
0.1104035756635784
0.11909185235731319
0.08384628188511822
0.08278356859877378
0.13758762458530996
0.09521073071577704
0.09890557685690858
0.06695956180667806
0.06728619497822436
0.06985033050928104
0.05921276751516828
0.09394913231064839
0.08834019172361167
0.10763221258039773
0.07633029536459737
0.08996364383371126
0.1221236010337926
0.06509408155551091
0.17512830236535437
0.08281689415547096
0.08459398595945122
0.21815444470198428
0.06457833767367147
0.12389223855243289
0.0734758354576049
0.07216340904221206
0.03415758205810575
0.06863034914232853
0.05861765736801379
0.1552616341673148
0.1571485136747687
0.0998148162298017
0.16303735281883888
0.12421172042454978
0.05746936308044492
0.09411837489427798
0.052290053224643286
0.1273020243797012
0.06672892866174443
0.05505329028302056
0.05588348646093072
0.09185693883328937
0.1452914005294207
0.0562437344134449
0.06694615614454064
0.04584418577818495
0.13084768697106353
0.07616790329109485
0.01765784236188614
0.09341756060678987
0.03450735299525118
0.1502057893628372
0.05464368018747812
0.09311830709472073
0.05820288807331773
0.1249344478978127
0.1054937235946121
0.10933998834687655
0.09888018963186106
0.025852776843163873
0.17484384894812746
0.0672036894691713
0.03309997364445831
0.1025468253956184
0.06801249993643613
0.11337149476526587
0.137619430433894
0.099010931012388
0.07999481015386224
0.11271630599903666
0.13164080421477803
0.16107097133865927
0.10670218874990697
0.1255277016185273
0.074297667174392
0.0584921275157494
0.13676461037336304
0.08902420710542008
0.08212577189134182
0.08594155694412271
0.061996514231843346
0.07232381027897242
0.1364943990361038
0.07622870428922673
0.04578100950808742
0.09649905373199477
0.07868147001040794
0.07299323226720995
0.06538658713411379
0.06601192626693969
0.040901686198145396
0.09535800470231895
0.07200463024784434
0.06727975924895924
0.1357110147475187
0.14953934885625836
0.04121435537477479
0.05874918822286192
0.14779365569280983
0.13099165697484724
0.10187069707272887
0.04433078419455245
0.09042769177557486
0.10374338639007477
0.10642078045489549
0.09946534354975002
0.13094629874656263
0.03595223758232173
0.03458701141835753
0.08151431520172517
0.09421679241067307
0.07118407886531142
0.19943241883147278
0.2030025771391746
0.11845188975516514
0.07818579626247699
0.03754469283705818
0.10835595122764022
0.12377145439640037
0.07684921999054328
0.0840501582492299
0.05132535858484739
0.08010695458978548
0.11850130756400176
0.10037521068651993
0.0965618449826717
0.1403471984245936
0.08120440002247317
0.0737165323470696
0.09324865158414856
0.019028432766315127
0.06436874876497517
0.04896288618981605
0.052790571820062894
0.03874944647324461
0.07118143493813882
0.1250706621374718
0.09589272502901633
0.11120191208824394
0.0974766454356567
0.04244405720490693
0.10950875729840392
0.04663484365036824
0.1413451799075291
0.07814107598407335
0.1253371443572805
0.0920896966266342
0.08282652204241937
0.11676945833715842
0.0791164579953573
0.08548659366090622
0.09016404278138965
0.09221064653192738
0.07640378142435136
0.1046051717008717
0.10284745218655905
0.09753014847652806
0.14244287930650093
0.0563296529689534
0.09844954006360433
0.10768721640970814
0.04432147767658796
0.04062598771332752
0.13051026494444337
0.07333000241820908
0.08707255939686712
0.07967347310830848
0.05151987909609524
0.024337296685883147
