0.08851910486966055
0.11783269291205738
0.15502354197839066
0.15400693356038728
0.06188230952732149
0.07249804882246763
0.11425433518970309
0.1267077672481181
0.09593615792952744
0.08991429815823392
0.066157098486128
0.10404754948422365
0.06700275060511658
0.10526591728186598
0.07316486452791941
0.09332667874663272
0.07278705010214227
0.051991531953758635
0.06538803384439225
0.12468543312619128
0.048569958030726175
0.12242322605393186
0.12032406445034756
0.04239490393862185
0.12729873114770868
0.07004167888855012
0.07147515800174715
0.04383580733620954
0.1352703675502601
0.08796672512418345
0.12200025735494974
0.07218025662708534
0.15081932755924432
0.06742282331245464
0.06513379010652087
0.06506090288967133
0.14890288949235037
0.03882077322124296
0.11811799733230492
0.12549557538263897
0.10163746312415174
0.04838613501632744
0.048221204932880506
0.1488685340360559
0.051436640555907
0.040474366491622726
0.06844505501100807
0.17430660894633812
0.07206937113115353
0.08406582076634184
0.11004803059590572
0.06483380306919127
0.15444384996674632
0.08552765006534696
0.11479619387067841
0.0694211392553525
0.07132983123160445
0.10415288701145647
0.0847941172669063
0.13157144822562578
0.08747797416396422
0.08274978854480916
0.0559798266728505
0.08536528466757588
0.024401771902313404
0.1240279767147018
0.08148885128720505
0.10441324880556055
0.12765059961313813
0.06702201983449807
0.06772881956534568
0.11455330665799478
0.09022789278746347
0.05370369450099784
0.0827991873290072
0.06803506160546405
0.017554088744899592
0.0935342947135453
0.07794332269198073
0.06125865552487229
0.1346191746618391
0.0538431485556854
0.12535487189204686
0.12479473406501436
0.11022017010668267
0.06301137265340483
0.09221809664445954
0.09402521590601157
0.047690858435299154
0.03664075843185203
0.04931836363120556
0.13441855704460853
0.0891731204160771
0.12059272995438756
0.05219065470449168
0.08325249085487976
0.11450364070176511
0.14674448998114223
0.05604301481632413
0.052610879906580206
0.08122879093323279
0.04774381548525704
0.08119459569460671
0.12353106270017654
0.14463965056023564
0.16241004231869466
0.09625204614092973
0.12352264686500584
0.08568234411306783
0.09591333499926
0.09988334628114348
0.1454802696880079
0.019005976522651992
0.14518530235283258
0.08302630730425933
0.09335021209779722
0.07081751488680295
0.09384804049328052
0.10428345568631976
0.057145976835596565
0.11244184759929106
0.09593818358695841
0.08546558586747324
0.09300451845635926
0.13615081663872872
0.10872146109874706
0.11119367232058192
0.10231689186540444
0.08901923080320212
0.09361500336783907
0.09636034297173747
0.1973422307885825
0.11500970381741923
0.05592439680238152
0.11867757142602327
0.06416806274612075
0.07145894889562551
0.09410124231493212
0.08620970185480197
0.11041650587030945
0.08018120036215276
0.07976629198836262
0.09223727412847006
0.09305113521647108
0.10429335975661831
0.1371671381965588
0.09915264215105703
0.06140951345539838
0.11125972354932583
0.10809185165127556
0.14327013228515198
0.13550169398676845
0.08360540860847668
0.12146080885447733
0.10392730792237392
0.06708042416933475
0.07828279970453948
0.09536010465207655
0.09271167259592714
0.054249417156098476
0.1364628104342287
0.08097640804652487
0.08837848287737554
0.0897862070635446
0.12468566948616393
0.045258501834003734
0.08643530376993934
0.12861670706314954
0.09633069407917359
0.14747527680558487
0.03592183715040506
0.12811503988611067
0.06492519856537105
0.08169759623270868
0.05092314987381368
0.1035861760099709
0.10981014626135108
0.15677906973687927
0.12236394976918687
0.07959814415263362
0.097060766825914
0.12071705804641857
0.0992046988798635
0.05728891803164394
0.11561087417820198
0.13981787864630815
0.07725283326843106
0.06241406247693687
0.1331257832742634
0.10394745756366494
0.1193579026386425
0.15002809689355873
0.05482150485761582
0.1003585161617932
0.051101011699828745
0.17463726172173458
0.10727338417007123
0.08191976929165115
0.0951920439282987
0.09694564447283202
0.12611512894458857
0.10824901969656757
0.12674159887560674
0.18263103959411967
0.07466853033355131
0.05682411643170464
0.10421563797994415
0.03164286375741914
0.1491644196419501
0.11357728764621698
0.09191557758150454
0.05607389628432765
0.10642178525614285
0.170109798132967
0.09737064252067586
0.07006926589727568
0.10603391348445308
0.07497098668399187
0.16588691037420913
0.11537694081386013
0.15806064361232935
0.08409430307198933
0.10242775589463729
0.18871124099309317
0.10508554631381417
0.1693508796213364
0.10272210554845476
0.061374651620904545
0.03669419111683051
0.04396994437996565
0.08738825783627142
0.08767251452043001
0.09728142482666277
0.15021414872893551
0.08677441669652126
0.041209785840793496
0.1636213228523758
0.04489458400073074
0.06002006468684739
0.07046078243685505
0.10259189295188013
0.12374913864823027
0.11662820749226507
0.10337970693043731
0.06697476711015886
0.05925192312630707
0.08003959072602493
0.08881779074231634
0.07106092276468004
0.09081909398739277
0.09146981874588303
0.07713344448244476
0.07112121448953938
0.06733938026873872
0.04724890824304203
0.06649215560169125
0.06696200652873031
0.09924123032379226
0.06667764674414504
0.07812610030067042
0.10438500278472375
0.049937421373677134
0.036546886741738734
0.07876927576121762
0.10865321231199235
0.08386911202117311
0.12397248788698073
0.03945285740589632
0.08851530700714441
0.06675349107154632
0.15332739858844494
0.07204872588509217
0.1257026960653348
0.10411500277403153
0.0874267530852978
0.08862702319040613
0.13526951837666684
0.11900821534883077
0.10710253778350054
0.07183881574936418
0.09951150440457987
0.10993558296666935
0.06884073695604888
0.0627263616170611
0.06347298941853065
0.09798299498648944
0.05934897428428322
0.08551744009534724
0.032298865984773585
0.12542407831499666
0.12321671902088051
0.03436713392776079
0.12639808275105718
0.13684764271334413
0.09877362155440611
0.0957841904691885
0.0997503539335604
0.09059669374299988
0.07573951672194627
0.09495598344736145
0.15729639189414873
0.0692156974783366
0.07487942104692516
0.07659140145302142
0.08782881705984244
0.1031933377750549
0.05437586152780629
0.07112490744855175
0.15433466386571623
0.09114934133023725
0.19802780935788056
0.11898140485512716
0.10073295094245584
0.08414647787966546
0.1788920084708795
0.13646338212311573
0.06735737206071765
0.1301765136868993
0.054272518764302995
0.05307289107678703
0.085499935751461
0.12723534635621433
0.11746754200058186
0.07125464739055974
0.042727735147165345
0.06476966451500137
0.10518912066929476
0.09331400535164588
0.08041542932583691
0.09159262794470846
0.07504235367216168
0.11760807090784904
0.09557787747005034
0.06818742291216691
0.12684567473592592
0.057869884209276336
0.050237005699434685
0.10692063914158122
0.10380497925157299
0.10510986789426685
0.02584559134306639
0.05726481700929178
0.06034290024148516
0.048814860375370216
0.07127045488864499
0.056980725342248614
0.06843211764928693
0.08831061653865363
0.048397717358858755
0.12192665168698313
0.07625633864866825
0.10731271348853012
0.12800480937258896
0.10742268653042356
0.10437608611022353
0.17417111624228473
0.1259985103768203
0.1324351402903112
0.12238214215758768
0.08980453607896177
0.060327230633598725
0.10577063569627619
0.10380654748637361
0.10453226294211855
0.06596765683570541
0.04733434072278818
0.058319588665502145
0.09176587192016557
0.09213205033559464
0.06280566638156662
0.11290584812091149
0.06314627262687855
0.03634533341370079
0.2175058757449697
0.041787627497387056
0.096297539628205
0.12358114378198047
0.09858884744520323
0.10489476878478629
0.0446050888125018
0.06616946873496195
0.05724239922843285
0.09509416387478684
0.10219772740065912
0.07670906061582768
0.1424166257688262
0.06339158161140808
0.0703976097690137
0.034496244325729446
0.035756769812220944
0.13303428615010246
0.11992878835505516
0.1066508532602334
0.10232837365957242
0.05497567357962513
0.061573154307640925
0.06771742786294478
0.10345651468199793
0.08577384796605143
0.1306007108594422
0.10358161943371931
0.1019060662084552
0.09504558063540773
0.07720395923382131
0.042852236503919484
0.07347047360523609
0.1261563184737978
0.1304284250739124
0.11342990646100187
0.06586936358624584
0.056995720194138524
0.0909072623922309
0.12194674706470539
0.0849202061403104
0.07331854842930006
0.1434319802478118
0.09934274892977421
0.07067389753185702
0.05076803111032013
0.05147169357328101
0.09564070832484615
0.09312067140816753
0.04804312949981478
0.07250926704423469
0.06338884593357579
0.03606471028285613
0.0904163284478633
0.06732109452037209
0.08153447266504697
0.10339720270964042
0.0802414908973224
0.08935540089855211
0.09651374649246212
0.09660810557701473
0.08202006406174737
0.05194176503741235
0.08976561197000439
0.09647328946268097
0.09859080881753163
0.07431543592900752
0.04811256871927842
0.08493520654252394
0.06952074829819804
0.09677132872212281
0.07713927540141384
0.08868802805654082
0.05833218950380208
0.07203069769173864
0.10788461301277195
0.1252481169277641
0.07116564574521451
0.05781336131598648
0.05520526459051753
0.06334425572296855
0.0954936138741742
0.07463601830886332
0.09469584268181912
0.05599604280373878
0.06835763526015706
0.05682030581202461
0.08936237869178355
0.048036541136602
0.14398300585216567
0.0402165569234833
0.1457524620647336
0.03718637852401589
0.09629759662645089
0.11005668883921808
0.09695698444192054
0.0656518284949825
0.022587314194699556
0.105976140657513
0.12714725248454353
0.08484653288494996
0.08440673124096695
0.07168108126105932
0.08800659101237594
0.10067230028278776
0.07202292225737779
0.16239101239394105
0.08170353470611673
0.10085691409455186
0.03593654331037818
0.11114727232939929
0.06118779790828552
0.1130722311468013
0.05330438494797868
0.057504089076917037
0.10245347747524079
0.17344405396426277
0.051093251549501374
0.057374794561794173
0.1219925685212136
0.07286472544140765
0.08233766896251442
0.05851316436345096
0.05012347739107912
0.06290157639004387
0.10612036186981488
0.040254704560099844
0.07417200519218599
0.04109850758582127
0.0653841141174987
0.09745833416549225
0.04955257907053699
0.14289030703949807
0.10907846472772822
0.025856572026408373
0.08802348557168516
0.11666954286263519
0.1400774745939598
0.06393463992972999
0.11367885675592501
0.12895232328304368
0.08179982244953576
0.05112461572033646
0.1149216878185565
0.12582842027408506
0.08541591990484257
0.12312076197105563
0.05391787136791421
0.07670545357684211
0.07410461345152758
0.03748076335717784
0.12320705036144061
0.042472388119630125
0.11497585604184517
0.1334853145148121
0.06133635563726602
0.05690946238752833
0.07235863409209968
0.16491586093475993
0.0767407535607417
0.06547873932576845
0.09850952068755639
0.08931325748244388
0.04457966023894193
0.08205023908518463
0.1488471609998229
0.13543241520772675
0.061749676727204335
0.07823601068675898
0.0961368384726663
0.09706019670551677
0.06832844905426291
0.08098356398191646
0.07593686327552114
0.034298547864367396
0.05918942881395637
0.051969894682555154
0.11652613767860802
0.07182235035140479
0.03211820332425774
0.03284592608142697
0.07794280896126703
0.13745223126696704
0.11162152292470484
0.03586606341260037
0.06309448244942245
0.062448237703490166
0.07541750578337056
0.033992125851847244
0.09912482862240805
0.2011756718345994
0.10699660777809702
0.09992861786052552
0.09349424373068825
0.058602924937604585
0.11815775408066062
0.12469294279529324
0.10709999946425426
0.07961752774166166
0.06022036195918518
0.08358753543403202
0.06715669457135626
0.027469369146413656
0.11174120859823862
0.0473377652025143
0.09393973293028171
0.09570602249093313
0.04886731215601525
0.0941378339767632
0.11925901329898408
0.09871828221807354
0.0641026598619684
0.04861416567913232
0.1231840168588269
0.11881159545166715
0.08976440550844862
0.2012574709072528
0.10690751578012181
0.04337236912027184
0.14578864499078123
0.11169320871240931
0.09706508489873138
0.06781212799433746
0.14389495234999833
0.12173077033330156
0.07831840220368491
0.04932266755217265
0.07799710075739019
0.0806002444438401
0.09386543420353494
0.0837547317896385
0.08644129407497664
0.10913517002700394
0.09822267206776521
0.07071339108205708
0.024270783949934434
0.17760418029305886
0.06092941062650264
0.07977340309373199
0.03213986181489157
0.072224701907141
0.10014284948486582
0.11496248420587599
0.1309562518474683
0.033192332620912264
0.06313565659253423
0.07213808286976221
0.12375909879965075
0.13502926765817813
0.05317545730261755
0.09294012515584563
0.12801058373285104
0.06849148477048879
0.0799093728500831
0.08008211952874301
0.102375253686231
0.07609276348652992
0.10588056139008485
0.0657024146024715
0.07325519914900319
0.0898657716481798
0.07701198141958353
0.1440866093504972
0.0917113697459412
0.13195701402806054
0.1380873959071508
0.03455472680974636
0.19044356905070317
0.1450560327306517
0.057737261813286825
0.11900183117731367
0.09819129568293934
0.1531829835794851
0.09506376154403225
0.13144113550597117
0.09707831573362706
0.14215715933948073
0.10384558456642427
0.05623325242125708
0.08652612418989436
0.07645682854877041
0.1233934655186565
0.190996137314217
0.07518683494843481
0.2025965893872986
0.17982805399797308
0.12568179385092312
0.08701670177508661
0.07636314063571592
0.040780300458371985
0.058559253297689615
0.08986904793544871
0.04147421078607231
0.09272303254752456
0.08675240978746668
0.14606385530013538
0.14464749440284164
0.09264334197983604
0.12730533679880499
0.05681717741411999
0.09966724596254216
0.1609828861474497
0.11114835542331289
0.04574241894011163
0.10024559557787152
0.054757987570088686
0.07155604488450454
0.1490195621117362
0.10443815117829
0.10852876423249279
0.07658218978386447
0.07861525509920338
0.0647533931112316
0.05166583587484592
0.1178459818368214
0.10117972638182912
0.08549183205951683
0.07395910793106862
0.08870102286807603
0.14583468267235844
0.03031451884146935
0.03543160313012654
0.10851781952685823
0.04932756151062467
0.07695564834526394
0.1395971206614053
0.13270346476097938
0.08292839435780898
0.05658900195331284
0.08524162692025611
0.15678868159924705
0.04802053170423895
0.12841981646805356
0.10065477178666556
0.10466658283824312
0.07366455916780391
0.06697485961928304
0.09171474466458497
0.10740301481773522
0.07319036120256114
0.09024406037309499
0.10172511642768353
0.11617606871033956
0.09519319439262533
0.04878255244369957
0.09316421907891165
0.07728160664002358
0.0597349004288157
0.09610043122315645
0.13840881220846543
0.08689121701508937
0.0781180102589445
0.06242010637665281
0.08101613188772133
0.03150505671499746
0.07672275494765164
0.08697111330748078
0.10734888100874712
0.08310000698118655
0.038641449444175344
0.051332753363585414
0.09610516116704898
0.09840634517273486
0.043215612192517155
0.1433710421069115
0.09795040286700744
0.10781235576926909
0.12619367887861646
0.13397475464523606
0.10612524717699201
0.05116800475105733
0.0985660106357928
0.12371946842268053
0.03286159632118624
0.15010600105103394
0.0688824726575953
0.09879806274198091
0.05622274817607336
0.10852400900179378
0.08845907718764758
0.09210340282743448
0.07694414347553535
0.09585999210059037
0.07067555359787484
0.10031838549884943
0.08187217250999176
0.054358431812270305
0.1363710620019543
0.06116380833054028
0.08861506392110824
0.03554422918622245
0.16719634305393313
0.0784539405676061
0.05511795330139807
0.11586636718608496
0.1666453312927128
0.10656513755998559
0.06683238748653302
0.09671536328106958
0.13548549386180367
0.0630491165334364
0.09860912085638371
0.08033118775676466
0.09952401664418227
0.07502853469322576
0.061948256542366284
0.08762253233829115
0.07040723735991906
0.039015607473641016
0.08810108015899332
0.081248212672408
0.03559403976615875
0.10169797447722174
0.15022115224116392
0.06996806213132466
0.07207493202281991
0.056030908673284543
0.12399526674352207
0.1224615985013486
0.1305465468284941
0.04082219058216617
0.04402202727736263
0.06582789187752419
0.10355969010406303
0.15679680148048608
0.10960411088747944
0.08603622472698466
0.0538726666254931
0.06145316279097421
0.1296866568855126
0.06304790282923603
0.04713683514780237
0.09852764278276366
0.04826403442495198
0.150317317917816
0.09691445884795175
0.12210443467217189
0.05625537686435172
0.11180570381188541
0.032692233844196
0.055242947213883155
0.05613057685286445
0.08216377597264465
0.10445583024417818
0.05366337021892743
0.05991434763335093
0.08382574055691469
0.14926276071444364
0.11035385436193192
0.11420920699224515
0.07239989801245666
0.1115897484455907
0.08739357644009506
0.10902065040808903
0.12588663010127782
0.11641839912625973
0.09850952059874304
0.1064470487185706
0.044199224669344755
0.07442579018866322
0.07311980012511747
0.04451777389774722
0.0874583371448563
0.10338211992330851
0.05497494661815975
0.05447460282539952
0.10250638424799766
0.12497056131035912
0.14091132816183966
0.09916716253058983
0.1366015798048503
0.07493801052562918
0.1327656143668486
0.09361585373806983
0.0813491977684829
0.07942430436795117
0.08090145811050846
0.07569493278633527
0.07463100541508044
0.07326484096225436
0.19312242029601298
0.0801303825623632
0.1130383528858153
0.08084574665722284
0.03099463721126683
0.06779339780941941
0.08803043957104953
0.043219983886247045
0.06827130480725609
0.07328686749118583
0.1177377097063316
0.05033617987793018
0.12256582331441555
0.05125035040402237
0.07971815507316352
0.019076944491055237
0.06727736673373014
0.10691443786370965
0.050301428076642965
0.12044086659491311
0.13384621508460612
0.0828175182893274
0.0690742335796602
0.08555335790880143
0.056268196077305176
0.0984879235104143
0.05709499941910556
0.06318541444893555
0.08894353180504479
0.13754540031950363
0.08370386874133302
0.1197710040068643
0.033288586405342754
0.13766662734754165
0.047880384251621444
0.04603716174764094
0.046484954214313444
0.06049188423191849
0.09293439240774994
0.0789797055372556
0.07698272274479313
0.1731979698770191
0.08255092344550072
0.0864305941892412
0.09854771195409298
0.04748428068619364
0.09644148034062212
0.05800782642456242
0.08714049768847361
0.13928810858770366
0.07099357294333392
0.056820851226120045
0.0769227575634181
0.16077815558108322
0.058441999506333164
0.05252497551043766
0.041151195545642616
0.06555755891863299
0.17010964287691274
0.07285515925294272
0.11912699557528131
0.15630781478860523
0.10643343773139786
0.1082995485396762
0.057750435648238126
0.09139701530796439
0.10532932796533667
0.11112309454732112
0.15608298611055127
0.11642959475419606
0.03480857367751763
0.05282466462667717
0.04042065139788969
0.12899691639504945
0.1019513528963721
0.08527612418791937
0.03909978330568153
0.14402391816609336
0.11191159149160988
0.14567625332355003
0.10056636883913653
0.05272548498630896
0.12646239424658148
0.051207769848990274
0.07722650365452244
0.04063243000335194
0.08010522723086656
0.11915735431246753
0.14232045573590482
0.06740303365299735
0.08595881719023336
0.09086424053173393
0.09154654954913424
0.06444072288718357
0.0405975946353396
0.0738616413397862
0.09633724647563108
0.07863355131489694
0.0963853020395405
0.060021585328396194
0.06368075727583065
0.11378704809385147
0.064430492617526
0.11223991955395037
0.058243543102922984
0.10625567728375682
0.04216951781329549
0.08178714971977684
0.07533371060644745
0.0797751424938829
0.11611959419944813
0.09878206991802443
0.08696884401027562
0.05928248124156355
0.08534084568805524
0.14472263288609366
0.10425624537835373
0.09391978622049033
0.12941632005926307
0.08373157641200236
0.07275286376829097
0.1015871388243193
0.07608279965497904
0.06779004729074513
0.05949746759415398
0.02934542551593302
0.0937694449073176
0.06517142326826884
0.06912126926274341
0.07794615586538241
0.10856932589693397
0.14543528585197257
0.03498573935543592
0.07312952974518795
0.10755521792859397
0.0720426071267448
0.10010599141598035
0.15189157441638163
0.09605600619123644
0.07266516017827705
0.05515397496888404
0.04496116902601969
0.10274471693715238
0.06074694738970195
0.10131972179631601
0.08669028297750857
0.0405012904589849
0.14539088031623032
0.14504479336881657
0.07877480820484889
0.16267293336020502
0.09171542841474664
0.09370186885749676
0.060711448840694654
0.1104263411803324
0.15816591338748207
0.11322894363421174
0.05157077407231162
0.04133941640722004
0.21999859729666457
0.046140307563932524
0.11381791360547854
0.09734973305170602
0.024291425971060106
0.09465353682529297
0.082575628657237
0.09387267964758807
0.06776906040399437
0.07183517449636657
0.0680545726641407
0.05224071519373975
0.12593099565896765
0.10739625267167344
0.13227567542679566
0.08034602189387055
0.03888948109007354
0.05581262795906692
0.0374929926334242
0.08093029436791446
0.1315937073700682
0.06681629634539772
0.1735978601550165
0.06681056033409466
0.09295270801781728
0.1616583114285646
0.11766725013571679
0.029587479401039212
0.08237155166098985
0.059104171989489966
0.0462294451260839
0.0869568704885731
0.04256710731180623
0.08757530906999918
0.12094295443403735
0.130385229987673
0.05443807714262586
0.08237432337404506
0.10004514564827893
0.10577682667035322
0.0973101504275247
0.0646346184767296
0.11832607402598118
0.057388690894090766
0.09141420682799206
0.1252995500098602
0.12380521479624378
0.10715814007523453
0.12397629102694044
0.05072645762314364
0.05386257581158813
0.12716285605344177
0.07483114709552327
0.09067306162947726
0.13566520329762344
0.09587055888622861
0.06597156499265416
0.058771042564108755
0.06553227826738224
0.060166829196924385
0.04414185735256097
0.06654915395272483
0.11448158160538183
0.07110205221412434
0.0934125411478526
0.133780099939417
0.06471146900225305
0.09421325920973019
0.09321363560848785
0.07722131136788057
0.09555343868365733
0.09320135182051695
0.2276833881790482
0.03253813012730518
0.034359196493278836
0.10381122525908937
0.06076841042500469
0.10987161774242543
0.11954710220399886
0.06233488022943481
0.09176715500104145
0.10725012053156073
0.07940353254288851
0.035144517783339504
0.10155957159379467
0.05543467037514666
0.07961966803567509
0.05310945445795042
0.057655897690697476
0.08820443231335352
0.09662397348706407
0.18003429190526618
0.11234476374777846
0.06763947719738753
0.08667811370912233
0.06201606237046141
0.08334534301888696
0.0780647994508921
0.13955918388955443
0.15181820911356922
0.08486254010801413
0.05469194386569124
0.19591291841785696
0.09214267737619876
0.14568558391240996
0.11266693011030034
0.17696526827964856
0.16090476087678704
0.0811281478288326
0.041194440288696246
0.061525267434404965
0.09447914864459477
0.057237241544913574
0.12351534372220042
0.1378022835749402
0.08278690593651189
0.0731681428629734
0.09938304426289145
0.12021652470361582
0.11684789073187814
0.09954770107471572
0.05380634246864964
0.03836868797516801
0.08497274052849692
0.10161310197925259
0.03918282554956181
0.1179590569706152
0.06576610144948007
0.09141366574543941
0.10965287873876434
0.09376213822947765
0.13507582078146294
0.07197395457936785
0.1303957867271638
0.10717898432119109
0.13761931565928046
0.06665207220349507
0.06212971310716477
0.10817982900078124
0.07441785510270747
0.08369703596512382
0.08008209269346066
0.14750950028608273
0.11251288668364161
0.08159904707771438
0.08697296916538325
0.08089001889430492
0.10773596228975119
0.08098975910889024
0.08539816732387104
0.04566675515567228
0.11112401465486708
0.06864031249124558
0.19642444922742155
0.06853176357779973
0.11547424222111995
0.09219033210423552
0.07270180448951341
0.08889455934870756
0.1951667383270041
0.055119162340735585
0.10996088080228572
0.10100322453328998
0.07987886927972483
0.06732903124762117
0.13087270861584835
0.13704638540030945
0.14990751958966422
0.06729748441101478
0.08488627867429599
0.049687936654217814
0.054868256353212456
0.07669688235324608
0.07032938454988406
0.058183508171104036
0.07016832243596884
0.08848676552158999
0.08571216494862038
0.12199962544178819
0.08136966331000187
0.11009823217633737
0.08166260486571947
0.09623738102124087
0.10255535651417112
0.08837404123100419
0.05944984534418539
0.09561001194761261
0.07756020284236496
0.0929644221258488
0.12395958630866573
0.09392422085374652
0.0851882018004541
0.07223020075691015
0.07485690481226709
0.06704297798959274
0.17494523347697297
0.13947552684711131
0.1079862487187383
0.03770146063310112
0.07106603481187031
0.02551155728552448
0.09810930555520364
0.07478906827598247
0.1313693982828379
0.03499460469493832
0.05295731523212144
0.14087936503167092
0.07111945386712044
0.0422793679194712
0.07744564704053603
0.059365806211993694
0.06554076231335705
0.05815713790202422
0.1060673690435065
0.09039781852459601
0.09629576811188881
0.014687921813854726
0.12760252902385558
0.07321761437202656
0.12530276583109046
0.13822266362337043
0.11653986276715543
0.08121162249390183
0.07416062131569934
0.05679675559167903
0.0823177974066896
0.03404743450258791
0.04771668897523306
0.10344856660757673
0.1697537973616333
0.08744526751681465
0.07410873654916679
0.02935784997034554
0.05595112541066375
0.06507921428413879
0.06082550951335511
0.1820584642056282
0.07660738204455805
0.09418661689760359
0.06622233483515005
0.09625391997687835
0.04750173177099642
0.12889670853833868
0.1313875505154445
0.08751346172955814
0.05505406423484926
0.07801997486139471
0.12361619816419679
0.05568046276542321
0.05583693372180742
0.10648963467262329
0.0499323324006261
0.11841118309075474
0.11368000529405543
0.06927807902328034
0.05160093833475243
0.08625922351588454
0.09867663098982332
0.03645003283488651
0.12614309735265397
0.04326016568852849
0.1381192100032905
0.11290182480333197
0.06208583904687277
0.10168743890919421
0.08813181154696448
0.08676525779897559
0.08595974913088889
0.14431129613908136
0.08928508435087154
0.0759535381260311
0.08842971770723812
0.08612210512944163
0.03983952529134378
0.013549010521601745
0.10085812432297633
0.13424791962391436
0.059048320455266035
0.06969534417395042
0.08069875141310914
0.12365040657636892
0.12170517359151804
0.14880075924476627
0.13962951466879228
0.1288971777522673
0.11467925542297995
0.025806546962061454
0.087135208507406
0.12455764553487783
0.05736807872331878
0.07768689565094639
0.10067148245239568
0.11829538596890724
0.041805542529797075
0.09040735087875287
0.08857302447002446
0.07329147703174912
0.10823470142590769
0.11664267010210545
0.07619399776347856
0.017441624177624987
0.13811189070265933
0.08058539925255502
0.12223338749633424
0.10658097650810916
0.066592180884203
0.08285326678658547
0.06615116143164365
0.12940926099365274
0.07879622540111278
0.11699667630713584
0.10471617533435085
0.051154599435121705
0.05126499844343246
0.047046311251958836
0.11485321680310796
0.13467393968050234
0.1029803976306298
0.09408792954999959
0.12194736770779772
0.07136738795404662
0.03246209890833611
0.08076092678526557
0.09307340082064877
0.09962047030828342
0.07863923848421797
