0.08141777119016305
0.0952481173739289
0.07106072284497249
0.10275677093038803
0.12434757743930436
0.11957845946349277
0.09999181773622785
0.08392445919674207
0.12616914200862944
0.07888051359637756
0.1444226748552579
0.07744438237285511
0.0720530764717527
0.08731921214784394
0.06278531027282153
0.09369589249161935
0.1408088760986509
0.10398068224829875
0.09692648073930753
0.035625544207064395
0.07956284718636125
0.10913288226437459
0.0637165926765485
0.10965584586397269
0.04294417114063258
0.03683763673491973
0.06267642307956105
0.0663856720580643
0.07875488939774963
0.1190802857603477
0.1042827135222409
0.0514077571366582
0.07722444427396612
0.0803163479772531
0.0497370890141658
0.1783506161290212
0.1023852877616272
0.09319549478123611
0.12445580793660595
0.0986348142481353
0.15406759907694412
0.03568254931897408
0.1013938412493083
0.07770479555046055
0.10310717371515898
0.08973733764603568
0.15274793584948992
0.08643217739264683
0.09434434474923964
0.08596035363951607
0.05756994259735112
0.1248353478042252
0.0941948045852124
0.12471045632301217
0.08399536948632194
0.06002975422114272
0.05728976926273545
0.10166465208029302
0.10918030241577685
0.17162715605665227
0.08856301627399485
0.1266540494377606
0.03604626725226579
0.1007728953994264
0.10774907660932177
0.07505591253034893
0.05322334589131305
0.09916071815818805
0.0887050902568413
0.047966972731666335
0.0815449060868211
0.10534126124775392
0.057250473799711786
0.11150181924757874
0.08260247774105761
0.1299511759142647
0.04148303217984636
0.13964115295544619
0.09480658478961576
0.09100083239731607
0.07172121883505705
0.04817586146724728
0.2035457673221613
0.04538445740247191
0.05733577412974489
0.08546291962372034
0.11376389407403559
0.07684305845308526
0.09087431952272552
0.14468606750406796
0.08367050042258331
0.0762179647449389
0.17465986898979244
0.08779891208928753
0.07334482688401016
0.03588739557912119
0.12203168570311743
0.0685284411448053
0.10081519110309567
0.11519871612796928
0.08883369836831566
0.09209983735535379
0.058927445301977195
0.09001216900779778
0.13333730801477922
0.10492810939361294
0.09166453130848316
0.11957212184325418
0.09436207583634512
0.071744802629724
0.05632246001339886
0.08115473980360767
0.14279177738143828
0.04203074911877968
0.14524784296391605
0.1715442063543386
0.06995080880428234
0.14305166395206648
0.05651767830283611
0.06342212700016739
0.06951918109384463
0.04652533384730274
0.10317654772532978
0.08268189116470757
0.08773481122788879
0.07299842327429247
0.08612495594885394
0.07574999069716157
0.046917511304044604
0.05862449357945457
0.07257118793279929
0.06558645793700195
0.1272308485018478
0.12663566106126473
0.15010999460500682
0.11626264760081707
0.05200291274318661
0.031932576162296056
0.09700040634835892
0.14850874760550878
0.03527612676991635
0.08968662154564554
0.05747911874875947
0.09261321283504943
0.04764092940011558
0.07878461056049646
0.0662798483450003
0.07259046785383882
0.12553798761592325
0.10736496578100972
0.03301718488910216
0.06242085171833052
0.13398006728492023
0.12578276731110744
0.0336290602907098
0.10756364744653825
0.12083713295365078
0.10817135883620249
0.034678654796262996
0.07710380639449384
0.079007787186763
0.0596712413408575
0.04808225504037052
0.10314931559785781
0.06144474246845677
0.06449862833101862
0.1114580398492
0.17532944320963326
0.19731961916436422
0.09814552383924728
0.1586694403825314
0.09687157101617451
0.07256865225904516
0.17339576012420058
0.10907241965906758
0.1330413595308204
0.046036535476305915
0.06796592260202806
0.0920149092906019
0.14536391266987408
0.06568776705126306
0.07245750926758894
0.11230612137799385
0.08838288427048913
0.12831288888228196
0.02585860588855602
0.12858132200764066
0.08046408549547102
0.06878232259628306
0.12280513793483584
0.05740450828567305
0.13766021982417445
0.05543384591334711
0.04538102622345864
0.061837326385660384
0.09632300679347204
0.08221929224952035
0.056698189409690604
0.08607075439913082
0.07304961615020104
0.04142987892897282
0.10444945570077117
0.08050305953354785
0.053714323915420116
0.06374385242927488
0.08866383029609032
0.0643993685024372
0.09764024219960327
0.06515784577516094
0.08347489361201783
0.10845914404041226
0.12461408211092867
0.07073429839718928
0.17008578869798338
0.13655304197727328
0.07345610907246698
0.10396261817125112
0.0651492852946464
0.048049838647542586
0.09807828686675803
0.07296083727405865
0.125327387936829
0.05623352460464546
0.10998274425420995
0.0913630520740588
0.06684022140451654
0.07761388955748659
0.11819196428009664
0.072157894297341
0.040681625939157695
0.15117853156421204
0.08559249247611021
0.09825182542565951
0.14497026221720957
0.08137963085896124
0.048326893216440195
0.07265333223696427
0.08058608571976186
0.14455016053994335
0.03222044238421708
0.11553168519441556
0.157338613763776
0.08745713021394462
0.12474058101378134
0.06109554269372885
0.15182344537186204
0.12497369092889334
0.11976247348499403
0.09470334109637908
0.07933499026518429
0.09689620562435851
0.13618089242138834
0.05934880578113222
0.1052976788651082
0.12360584422933076
0.08357367225864915
0.10105665414966992
0.08522434813310577
0.1199497433039557
0.09606339805129971
0.07386814670679678
0.07248585736917162
0.06796266866943416
0.06386213558039482
0.11917125004422409
0.09682622131644553
0.08141875585915219
0.10988425589160523
0.06629881874111128
0.13818369052801366
0.07225417745077317
0.06334904946437293
0.14746515167008623
0.09129952658277601
0.10306257307196369
0.06421995037727973
0.12572690675106823
0.13191899605501636
0.1186659724552595
0.05298497072232735
0.11121817538827665
0.12932286372903012
0.08754274192427687
0.0635243610232949
0.09668350627211877
0.0673421747483224
0.1437481676449893
0.05853878916224835
0.059021545814178344
0.060767916462049515
0.11418708855213194
0.05729956355676833
0.05511257405945612
0.14488980492177317
0.14613206052019648
0.0500841020751221
0.07142805645326872
0.11713057220673564
0.14485805976211258
0.13525627825127615
0.08728262480407108
0.06721796483137318
0.0919236269886821
0.08213460679069823
0.08055799481498517
0.05674961169113166
0.10486367511135232
0.10009038164201156
0.09342457317183264
0.16474769809554393
0.03606871957115179
0.10475091220701802
0.06220378981850295
0.1337637121003608
0.13777217644646178
0.05240007352853387
0.019287870995932054
0.11080449520069832
0.1462280443160104
0.07155900269553073
0.07726955675334606
0.04750139640159176
0.10327955016038932
0.06295759308459888
0.18119967003138637
0.0821095988266761
0.055317831765315476
0.10788192935287652
0.05646479262194359
0.05576526044828993
0.10404603767511805
0.10891245901216492
0.060664832427547714
0.09350741314861412
0.11038814293401371
0.059979807890829843
0.06792350643530708
0.0835480062980503
0.09122712920667732
0.09282072172223817
0.10863765263742282
0.029652768882733372
0.13594257569238347
0.09540511830866191
0.11386093143017717
0.16244523469413244
0.17838726299631774
0.12724088332529115
0.10603489047769751
0.06803938203377946
0.08593535412276575
0.05769367765597788
0.127001565369451
0.07935622400032752
0.1135530972500679
0.10040563575562829
0.103330674944557
0.13203866043248638
0.05435922462307031
0.0994811396030719
0.13548508096818374
0.0955209545461141
0.1507659296074834
0.19495858864917198
0.12992175909042364
0.12210943977189136
0.08609074625290761
0.0740154035044472
0.0945719388521651
0.04538910634233545
0.04300717080334948
0.01781001621444306
0.19977087755769002
0.11260056428038698
0.09348871965775359
0.14063966137524708
0.07543364814782284
0.024838608419872853
0.07618034588257762
0.12562803538528194
0.08272064226079869
0.10101525445522107
0.06740181579966394
0.11802192426684219
0.1153819849869228
0.0619473037505453
0.06556469245894997
0.06717095452068346
0.06362405827503288
0.07712801902918061
0.08909068369550883
0.13735575881798365
0.049112236497686555
0.08846209193345074
0.05443610902901264
0.08096326860906165
0.11180587988025924
0.1376925920210127
0.10308559169883355
0.058424941326967024
0.10649683388301004
0.08236932828150512
0.10371846034549459
0.10835876716739312
0.09218320201488486
0.10049554875790387
0.0894892656926131
0.14030292108697917
0.10137642181171608
0.12501374770938067
0.07933465230447104
0.09472678269302774
0.11723312733087887
0.13540536518399623
0.07949658822132263
0.08412212256464063
0.060007419474026914
0.041668164042011915
0.10798182372799492
0.06971039035994656
0.0506066093544499
0.0784225034926243
0.08113958492143535
0.05071859247053944
0.05558832335252149
0.10855532325831686
0.08970084373610723
0.1026912368506659
0.03612542947510245
0.08364143892794064
0.04111486411506589
0.09663536985248453
0.026417839462315903
0.07318075677952991
0.041428114357965284
0.0803652924636551
0.11182964175936638
0.09718607995704114
0.05155029032463029
0.12818285507969204
0.1476747067942894
0.05427315444646969
0.04249239776576493
0.06882703539115989
0.09744619418756188
0.1513851565518376
0.12468662934204502
0.07152574306395418
0.06625311728890901
0.12680866041359112
0.17560478311181651
0.11002948036911088
0.09427363416521115
0.10541021133753985
0.10884717778853795
0.04094679257250364
0.09590234040629535
0.05413336473124219
0.05733243951742568
0.09913949832982494
0.06716303249863004
0.06987945889909698
0.08209982738000439
0.12259487537547654
0.10540825564917009
0.092319246564181
0.13652122490433255
0.08286925943066838
0.13841234485217213
0.09847078960748251
0.11898197162478893
0.12722031639058945
0.09413805259241906
0.11334422767397528
0.05724178108479396
0.07858853524597129
0.09714361023533678
0.0672641602374679
0.12484283273755008
0.08681619316384757
0.10405846516653584
0.09695190904471854
0.043915254628319106
0.08014952575784946
0.060882659679780356
0.09109798350305771
0.13670060030628253
0.09794142834233555
0.13766588121037007
0.09215628494671538
0.07773559944897002
0.07781400043847399
0.11115056426678172
0.09684689279863574
0.0772262987186457
0.13725964601760401
0.06738565568194047
0.07535703722166975
0.055693754214007435
0.05235300772461294
0.09991841764512342
0.1007081352116176
0.06078441051440306
0.040268000887202046
0.0885723645419315
0.09768779365107136
0.06563384892161107
0.14065967290917938
0.12196954427381437
0.061388971285831255
0.05433096886700374
0.05555730070698129
0.09565346025997071
0.044929157093070216
0.19070925634511435
0.10673224226034629
0.09953297480948291
0.12114976905548418
0.12939796284159524
0.0901169596853581
0.08602643495597333
0.13260059088691226
0.09963563621299798
0.13052504393592815
0.0955999336970973
0.12686708825237974
0.07476153127293099
0.09456241150449853
0.2028063360205612
0.10523744315315613
0.12330192470981925
0.040566256392939086
0.11853588588185139
0.09198492520307129
0.051951188634531534
0.08556865775580409
0.08419009211745347
0.11079074017732443
0.11223762199421983
0.06062462735041089
0.06918807102958867
0.14809527292130914
0.07218243429766513
0.06461578584563851
0.07351194734126025
0.08350232584322227
0.07331832234049356
0.04296162288420352
0.15761812881518075
0.11742069958318302
0.10812329361169234
0.09677502206277491
0.1012737702461361
0.10000522568870399
0.07901038841994523
0.0732737433988964
0.13676161500244363
0.1289682513398014
0.08768734564445475
0.10089627819146732
0.05694702425189827
0.08186606836799583
0.1244520287447008
0.1556752233957101
0.09979943142850457
0.053144754284008534
0.060218520959471535
0.07487126633840618
0.11926179936523784
0.10160584451502196
0.13745071230352615
0.12155176510245001
0.15856021185374441
0.03778012246149091
0.14930524311601073
0.11267916027452683
0.07901048214150212
0.05919603251421257
0.10662247357008671
0.06893065368189197
0.11121601207703075
0.039196394577832375
0.09260897780996076
0.13194624802453225
0.09089794126479843
0.1226835084350808
0.10000850805360217
0.057968656405340636
0.04918282415008426
0.15645695646794866
0.08976402164095479
0.029585966968033454
0.039323028441298424
0.049824683897978776
0.11894402441957821
0.08282664135873402
0.16202659252518242
0.0883348358406371
0.09665607199841418
0.12831234443336795
0.10004747772274178
0.048769866900841896
0.07053402609404533
0.08812401874781385
0.13158616829875758
0.1076389363926467
0.12016068741882492
0.03539155773867963
0.13008110146386467
0.14618636454550638
0.07386808648771036
0.07591793018448963
0.09104955177496953
0.1334191041141915
0.14624510158913925
0.0936157057707187
0.09338514631169376
0.16731355277033172
0.09534353132936309
0.03803287260570923
0.14999234752441917
0.11367629758144879
0.05901902220445257
0.11069558820424842
0.07269258263584613
0.14045124153988642
0.13137831661180824
0.07728073654336577
0.09353814976389731
0.10757122601680259
0.09354854951706872
0.06088740004157456
0.062283361130907246
0.12610705175133613
0.057910697846348384
0.12712191867105035
0.055827538516834335
0.12530629489818132
0.09647303320445319
0.13186903678609904
0.09439701836029861
0.1340218315599378
0.10653596449778152
0.05045460321231041
0.13235475203062272
0.18025704527498496
0.07302050092665253
0.05864255042812337
0.054512068261001655
0.1227424843263705
0.11729446131627877
0.12557619649037038
0.05736819997462183
0.07038735887603635
0.06987374880129359
0.12541439079721972
0.11357281729064295
0.1282088269786456
0.0975912822840632
0.09226174398896768
0.08107109535840128
0.1171502498420569
0.06305145726491382
0.10679172936135232
0.03672173445808616
0.03941896798573601
0.04199300295130083
0.01905787575809517
0.034746101277895916
0.0554248910733943
0.1492315124939342
0.08074231981214039
0.06585893966410941
0.06373826605773081
0.07644139580031191
0.05777279050258478
0.11439574111991462
0.07709743017016799
0.10780918930958582
0.07570263393880491
0.10709392109070448
0.09886521567719106
0.1734153406756118
0.03227758936591152
0.0765989195437462
0.06229132723781475
0.11773503579278703
0.1122644924824359
0.0845912425219596
0.13652829790151977
0.08309776308130179
0.09680004811895439
0.13312233727688078
0.07405540401424456
0.05849676256947296
0.14411412248043975
0.03129214358497859
0.047479146436449335
0.03277442705062987
0.08053559517914939
0.1853394029643763
0.07543028527638655
0.04933578292332529
0.1467956945922002
0.11628378114042466
0.09535915687430138
0.04393114829694851
0.0621876089603267
0.09492494079769781
0.08970172518046245
0.04101699730240824
0.12360809576206834
0.0721186860621723
0.11841755197101238
0.11739545085959324
0.08760614988151916
0.08911790683876351
0.054657866364142875
0.10829748599549649
0.0673106493021473
0.17444217410178867
0.06888622189709404
0.11961981560753945
0.10863865333439524
0.0780430680018283
0.08765337124153356
0.08090205183657355
0.0658955424004438
0.056687943902687526
0.08602789037751042
0.06908985327369903
0.10580087584518745
0.0898781889457
0.10485530056930649
0.10007002122710146
0.10264191799574587
0.048730600799887565
0.06559602852805663
0.11713688092383212
0.04786975194914951
0.10513601851980815
0.10421366266155711
0.09941894879949348
0.12401518791865113
0.08748816614889839
0.08889788752271487
0.05724979453019348
0.05482182510965833
0.08748733389147226
0.04106244195073263
0.05160687492854794
0.08705929049988083
0.07929596107362157
0.0979997425076022
0.01386790318471645
0.06608468241049154
0.036893382073649394
0.12552251207765486
0.07700882436148919
0.07509105254017445
0.09720756327089677
0.05552058225553108
0.09717201925811292
0.12411124995578202
0.059102459723925624
0.06888665949650154
0.08043617344377775
0.13408889993695933
0.08396716259995904
0.08603233838168226
0.05438638946021449
0.05171832786322355
0.0866972150119837
0.06579153509068579
0.07697747070909153
0.17562937719730506
0.0876488948972503
0.18053913631378365
0.10355559645601231
0.056775034597912485
0.11048404255945866
0.06831734919443663
0.119123684138475
0.13838721428842923
0.036782879575755024
0.1483622365088848
0.05354424895184845
0.04465598682746946
0.04626365878535674
0.12582838433268856
0.124981003355349
0.1132521089322358
0.07274071843172975
0.09653492251423579
0.1005307976264822
0.08383702899276382
0.10789820626330332
0.09365133020316387
0.07778524927742646
0.0981794370183667
0.08934344813866572
0.09671360228496788
0.12281245666005984
0.04111960233881696
0.10332645676411
0.06546771296980196
0.07500986485836167
0.0878719464383093
0.050927197892062175
0.07639883632606712
0.05229313561266456
0.18308009766757163
0.059071344681518874
0.07327642521608131
0.07665866563047616
0.11533772337123685
0.03467435916553601
0.037639396738057704
0.10810513364153762
0.15331254258966553
0.0716718063697439
0.0868449141862187
0.08244701942830204
0.06668788966044659
0.09211549325125669
0.08652489136613087
0.12809760667862194
0.05170887478605836
0.05680743504757568
0.09942050990308485
0.06678029348675932
0.08497953385332062
0.07574717696738084
0.08017299257873824
0.08528557380292152
0.06731123609658429
0.1247446715528701
0.069864387093699
0.13623882557020273
0.029990216668847196
0.05113377195660778
0.17067284670042732
0.07181852704535013
0.07234457319490896
0.06245277708904542
0.09253018582387434
0.14122232015517053
0.048589851895965604
0.11854769078091437
0.10254734312903561
0.0352494624619993
0.0705627688406295
0.0781132304560163
0.06878030898245985
0.05829781797840407
0.03682142872743555
0.07754908626980991
0.11140616430076074
0.10888534412585876
0.02575183121982256
0.10460061396490798
0.0789779589042943
0.09382577502014519
0.10478069858550575
0.22841249976472666
0.09421589789346595
0.08784038567200068
0.05236944542951153
0.1071100905173684
0.03902180447005459
0.03876274021519854
0.06637286461059548
0.19095182030219893
0.10263588306353948
0.09804321559334356
0.11516118494293816
0.09570086362635818
0.07629083356221293
0.05551179008823296
0.0875643471205141
0.13125091250161683
0.12721308164651646
0.07358492023044604
0.0635884612456718
0.11660593957542395
0.03267541219858764
0.059127644745697434
0.08654217910196631
0.06786757187039053
0.05908863509952656
0.10100295818155063
0.11968349376509169
0.05207780058345466
0.07325667746793275
0.08498949247740051
0.16401071736040895
0.0946100051855072
0.08160545519808982
0.12602214855692714
0.05713060577216941
0.08610685662763325
0.09354938061517404
0.06799103665255264
0.09331888557896834
0.09383415659312107
0.21846702355420483
0.10585978418545028
0.16611701581346414
0.08842703922317173
0.14651541417486888
0.12341812833643838
0.0683150112908994
0.03974701372955272
0.03990432362759724
0.07592216585468751
0.09682500332822501
0.09431733567790963
0.04424536670909727
0.0962765843361684
0.0896212105755066
0.09314866111477164
0.06668311068801797
0.02580560246303272
0.07154466305803459
0.10806205617959706
0.1073433301173321
0.14074091176994616
0.09648252917546923
0.04155538935516184
0.08220106166410789
0.062061782918751675
0.15042730967360263
0.1344268286788368
0.03615344489769531
0.09815948075215547
0.15144650991506645
0.09060904008784589
0.08051748675413836
0.07360730649146748
0.04887735667763285
0.07187643109641789
0.054665636484855326
0.0556883653049153
0.03432737990695982
0.07813847999194085
0.07780110878346366
0.0972738384074561
0.05015089138783402
0.07019950079838642
0.08927005879299588
0.1365825037659624
0.03342515660782361
0.07331712996123868
0.09582182670170399
0.07150036411533602
0.07248086876063398
0.08620332375530282
0.05312365064649579
0.11473805449058631
0.07260263739402907
0.0720969205575428
0.09516861768903624
0.11871104873149753
0.09122001095970622
0.12367226108985048
0.12229200327865265
0.11104765593190913
0.057637744736710274
0.08434810054240138
0.06074525580816091
0.08115094128613232
0.1070646335317116
0.0819909708340252
0.07251374009124736
0.11434186049092543
0.10119442880563691
0.15781368701814324
0.08579261572214512
0.12364874413085156
0.1553038198792488
0.1136061247536792
0.10651678852701967
0.05152869378524914
0.09405101105483607
0.09017110431036159
0.10515177728831084
0.057837699391786616
0.0865833082799981
0.06268059489032204
0.08731108181788412
0.07158259066469032
0.10492631088905903
0.03820002681913
0.11909309171091151
0.10319166133500879
0.024544791461413144
0.04439051153304646
0.04297502791024728
0.049594568274468905
0.12767048561122565
0.09935763053658649
0.11583446070055253
0.08526499084655366
0.11261382388950393
0.09969292665123182
0.10849878604040182
0.11242483903561731
0.08163020243887796
0.10536724539686208
0.07123348483619124
0.07416739058213112
0.09906466214616626
0.07578092751132773
0.0999384515222303
0.08157338765900546
0.11506979177925979
0.1106363483346154
0.09101419626096546
0.12633322430372765
0.10223072458987048
0.05359977758157345
0.049052424884694565
0.06067993064834248
0.051730208461579566
0.09408391837131763
0.11277856354729861
0.04298495415032957
0.12828422984723742
0.07834101822351906
0.03345663947718342
0.10824933132086954
0.05021345606163265
0.10205204081467996
0.13143177236821135
0.04407067764706723
0.04389719065252596
0.07293047415561893
0.05125758116235647
0.1013772600602741
0.03751484217822984
0.05665395717712253
0.07404841812582127
0.1381977883126876
0.027594004311807026
0.12273725542163012
0.05234948499163738
0.13167710114764827
0.15009405846896132
0.1383630058501777
0.11669429988768437
0.08975214742757737
0.08172828008760424
0.07148699124767996
0.06635065540017711
0.07798856643820164
0.07545804614378815
0.032664430329714916
0.09748568156552183
0.058268554405977835
0.1407869087942453
0.04863307336751444
0.03186870434565274
0.03932532416556541
0.15580153665553423
0.1061621919860531
0.09996910614990025
0.14315299855741553
0.12507031968600354
0.04955229196248465
0.09388054326872265
0.0490779221297645
0.07495054897704424
0.02432645699120264
0.08690358408071643
0.13951596503545305
0.06940308378644633
0.14969087310455412
0.10700593416728939
0.03563519556881866
0.05361903342358013
0.08247432501542347
0.06351618727795066
0.09847395764026419
0.07364027352200878
0.08882510919151283
0.04666872800329303
0.06850351268537085
0.0907201942441699
0.14324343515810734
0.11935607696887313
0.17622575503646887
0.06839636469644196
0.07141088705989901
0.10718818607775618
0.0630663563576139
0.13986511208330457
0.061009410757247556
0.034639072474859374
0.15139283925243804
0.05181535036274189
0.08040002814539418
0.12593146354565285
0.11305016459751349
0.07849361903269324
0.08980567776115582
0.08330891643983192
0.09126847715622305
0.08979696527963632
0.09396893115100216
0.09758772864534561
0.0509369745853602
0.07087269099362897
0.147052012576031
0.06714365248962274
0.11453659932836513
0.06815784422227966
0.05649719196088233
0.04176904079013935
0.11679003278986026
0.11256117612433725
0.09932980544129337
0.09587695169855753
0.10369615838841104
0.06704809248025473
0.16133018794062007
0.06731373882563475
0.09555037376422933
0.09690119147880671
0.08356540243800438
0.20147250647495865
0.05271101437724738
0.05630099128600038
0.09655814153882611
0.07479242880776592
0.08312492630795784
0.12368679880369238
0.1591938708779454
0.06856003655094875
0.0692599315869405
0.10835588370604743
0.0589051704548751
0.043708501911020624
0.07482333602373728
0.1457108883158551
0.07396967214327504
0.09993940259455789
0.0597806660535378
0.10548148692328724
0.10552896059127855
0.08177462017633945
0.07694527435175533
0.09690582462025664
0.048486261097437165
0.08431693784433567
0.08283083299832887
0.13877933986016225
0.161342919439375
0.09919207236232591
0.05524205126395597
0.06670740740583941
0.11458680743681254
0.08053069234823919
0.09209750963085174
0.053614965022083766
0.11056733858210167
0.05832197871309567
0.0786818710134266
0.08223556220003952
0.12403199410134202
0.09476353676397085
0.08340883233201471
0.12120065048093666
0.12233813248481794
0.07401581485470206
0.08828093893192612
0.0891485730009474
0.06006107041570399
0.05681805750335016
0.10662467364233068
0.10933101688639187
0.07902757559322304
0.05351570492833929
0.06113029552022886
0.16698781020114803
0.0460607827836382
0.22109780730534592
0.14351703212591646
0.06048217944012705
0.06536095115013489
0.1341115295905927
0.09907069382389579
0.04769005234445391
0.0971894483526455
0.03443400606116481
0.06281914265935089
0.08362183245247615
0.08182739384282915
0.1352600762277592
0.10952548072311698
0.12859830518068255
0.07466882924154489
0.07461520236429107
0.1030862403613956
0.06820554160397782
0.08161685254226363
0.12049138710285227
0.05447723863463406
0.06942761515761033
0.15101496304347395
0.030633204779436953
0.061610444230451936
0.10162045450784726
0.10730320258461007
0.06758470145325131
0.1024668843794472
0.06583581977847344
0.05152133664731961
0.12611480100045858
0.15771269140389282
0.14193232764540378
0.108702319273315
0.0633797133802736
0.08089059907534855
0.12264500134282735
0.06479474055669407
0.15446210483149161
0.07088333034412081
0.11641442963155166
0.06628307148696831
0.06494651046844484
0.20134846621278368
0.10494268392670936
0.10235500400951758
0.1091442824915321
0.06756897664763316
0.08989348487838515
0.05513302298820915
0.08996817171343809
0.054993963903511495
0.13131318012899718
0.014854897730454697
0.06565441990012295
0.1645059922995912
0.09697851690034653
0.13131242152460723
0.15133412623363085
0.0457600237165688
0.06721387214759092
0.06806387124195035
0.10885772121605301
0.06158165334035931
0.07770120662396032
0.10169225818676324
0.06080400511918886
0.11476573784478782
0.051684768514696125
0.10876062705789345
0.12852626661996913
0.08164275765913546
0.04906603833807745
0.08717532636087642
0.13162302651285127
0.04852848921508184
0.08977625630097694
0.09004114293421342
0.09361185791580923
0.06401523985919828
0.07063583428120504
0.017763507970681765
0.09437266015855593
0.09999064763589625
0.19189776340627557
0.07851576344362789
0.08227136381265589
0.09327364114367272
0.041224613708854524
0.0841797191133341
0.1393447988572606
0.08190640469154195
0.08825922897154316
0.1951084497692292
0.1054250859867528
0.08948202426235385
0.07725853419680319
0.08451542157984739
0.13218243357086584
0.12000026142423079
0.12054204974155594
0.12318661142549697
0.041820131893523446
0.09989173259219009
0.06688214634561787
0.07150665480952738
0.12731105718873603
0.11695449414548932
0.06815870202392504
0.08356146681321289
0.04507599701648663
0.06857750971070936
0.09097367345298325
0.08822266135870525
0.09708294725665474
0.14673764661590133
0.058489825533100025
0.06908192205546228
0.11517071245372393
0.05649117498752249
0.04476341795224908
0.10658663922382174
0.11584082201401875
0.10524352963554154
0.12785325563889605
0.19789172863734264
0.08371599716131707
0.09697108836499513
0.126874748964642
0.07965425765351175
0.022803067727054076
0.08070225445173193
0.10444732697501175
0.11511711454191575
0.06845026616859774
0.11521599599660891
0.10407953480595658
0.08258011053089455
0.03477479838070094
0.043194463666926225
0.1454945682612308
0.08897458834714186
0.08733508122308592
0.08724274748166086
0.16298566626802635
0.08611875807029058
0.07695915429439328
0.09220911224459848
0.032851656455328594
0.086131923934919
0.0656541726298644
