0.1038547556345667
0.0647066152325236
0.0381458779010902
0.08215426311821354
0.07974444238898254
0.07180260716774955
0.08049064018555979
0.12129370797139677
0.11605846813572242
0.06512919674266195
0.11873203361596286
0.12447521230054055
0.10925493011274497
0.034610198088720914
0.06691069806108321
0.07682676373076931
0.10092352803008467
0.10777814455916926
0.0658747711399902
0.09915312157049712
0.1365794916621305
0.0745085958589815
0.04992147473686686
0.06804468539345555
0.08495912225900355
0.09474464225724448
0.07141841497613263
0.1100277321837432
0.04104084393230191
0.05956249986677913
0.13706371396954592
0.07241715104828224
0.10011192875106253
0.09789983858888517
0.060573268896977846
0.08964053985570089
0.02544681460785486
0.0709430068111409
0.11262585685449052
0.19523946023163818
0.12317270070081865
0.03216155370185969
0.15363806538232483
0.05974399123279612
0.14366796151594266
0.05657672226199782
0.11430713972095725
0.0948243411430892
0.10778475499689388
0.036281288519343556
0.05070163859980365
0.1922073734169926
0.13898986553301287
0.08778526998056577
0.07108281579353826
0.05779230378134356
0.13367835456584834
0.0898923349463438
0.04711981111712938
0.054829891798620835
0.06912931899715086
0.08063149027973719
0.11111250524678394
0.0804203273503424
0.07820461090111926
0.19007276309869564
0.0982842693333688
0.04602224463670958
0.08300567990276292
0.10431026239826305
0.12608174974822944
0.10477766564954132
0.11623069682299231
0.056898388223757174
0.08429556853746949
0.05468277513272843
0.09854936273167117
0.07946104410968027
0.0844225448217038
0.15616623874743404
0.14511953244778678
0.046819452139621624
0.036255752106523514
0.05267333336968153
0.0701179682215335
0.04775433027546812
0.09567924398350525
0.04183064670862522
0.13438206301291525
0.16603743772763388
0.1744699399378049
0.07143079790942738
0.1202052464853087
0.07925621123788293
0.1232149526573013
0.15585069297640614
0.08968126115649384
0.09546568370802924
0.08518908174643602
0.06371395609594598
0.08164920093321847
0.11997985430102381
0.10420002248067967
0.06284898697664369
0.04161474940173893
0.0968594846644752
0.17709195460233515
0.05888236494927633
0.058394937343760576
0.10277544551980987
0.11988934410075064
0.04002987951361423
0.09760150946427827
0.07630675745455763
0.06685934920541253
0.04842674933476417
0.09263450239453805
0.07762605025258505
0.06722317753170777
0.13017988628794117
0.1789628207848047
0.08664878444573478
0.08342093043019153
0.05061570346276233
0.1565546487569524
0.05367280252990163
0.10678244636357696
0.06174483169671841
0.050683516233082676
0.07080385680653918
0.08234094257451544
0.09374810505674343
0.21659645598871025
0.08014966413760066
0.08359808170428318
0.07207798423695552
0.13083431822750133
0.08801543203837126
0.16969588883978778
0.10570648982274887
0.06460438194333817
0.08680057608950519
0.03364956136755378
0.08405661911961064
0.0643234703600913
0.1112857298935623
0.09660576719213902
0.0343252492935011
0.12654290945409072
0.10056008596917515
0.10342776908403234
0.05052288949387395
0.13665680059546934
0.06313120010970805
0.1348992176164445
0.08638338593106337
0.11976997243034786
0.02427015319380463
0.10058942739176309
0.04704449884718874
0.12333534247042867
0.11878698715905606
0.05014826981030627
0.11792490850002339
0.12540969754975995
0.08895549564787358
0.0474132358886025
0.07005772394953738
0.07565571833572353
0.0802491609077111
0.07826609083022973
0.08094128047411799
0.08520182926386603
0.046197249450731316
0.09599383226279971
0.05408308379539601
0.05938718388391157
0.0933051988795012
0.06940459719577693
0.05792543070722466
0.033214879022980766
0.03232028269412936
0.0989442184850115
0.0894217673715742
0.1394235089854173
0.07149927811388083
0.10511881922864426
0.11483734284713225
0.09634446552286571
0.10314312058207949
0.1347269256687368
0.04410899644882801
0.0723856616803068
0.042697485368069624
0.14132079309446288
0.0765409105615973
0.10973764056897366
0.04916795121663156
0.13556305736432814
0.08773774193659066
0.18712595639007076
0.08272054242986106
0.04922039209050801
0.11916963433096489
0.06701852452746
0.14365246726273417
0.1022435706164733
0.08654595064196807
0.1485687876499518
0.09046912965028653
0.07882111364245654
0.09276766782052173
0.10059752877753537
0.0931312099320448
0.13010078781685802
0.08195065664351806
0.05912107532020103
0.061685664185457206
0.15545917585113275
0.03399620461916673
0.08629895237506578
0.13300478895449433
0.09514507169380274
0.07952069612372144
0.1234360994608852
0.0523148957841856
0.14532760687823376
0.11623304893788708
0.05827770113576292
0.1435909387218518
0.08648868338351906
0.11125984760971555
0.06854203094449889
0.053551447084802924
0.06789146387894775
0.08145928413605964
0.09702586034991836
0.09976096481877175
0.06539045072204931
0.051781921793230726
0.1273283716527116
0.08557827713631286
0.055825804235019094
0.08050277897447841
0.0899016613443827
0.09611807570330737
0.11366785632193706
0.07426786380774136
0.11750924153000424
0.11198029688513682
0.16877896604619086
0.06768593322386501
0.09832099276125361
0.1035684700522081
0.12474915571461918
0.10592242574736142
0.11631777173398325
0.14509040305939744
0.07413977728064357
0.1390770018102759
0.1573696605162946
0.055597952980718575
0.0691001178856345
0.12152419243147851
0.11188178606077998
0.12711351036225157
0.07945314591795692
0.1456184174646545
0.04837395294609866
0.05444706886569731
0.10315466696266441
0.09534544885694299
0.05532458688125938
0.11772562778572761
0.0894751216707082
0.054261528164445065
0.03428951566882897
0.11375798627948219
0.09172551342459138
0.08706739834560905
0.0682676339464109
0.0797519803141531
0.07371526097332737
0.10667396241939137
0.19595336227680357
0.04465901103738071
0.07683528536158465
0.09397986170649672
0.0872217287013508
0.12568883267797612
0.051338913702471234
0.060908714789959524
0.08814217761723166
0.1032970902043866
0.12201865733691036
0.07131672173679966
0.09574239579227292
0.09468306676867345
0.08526262011069424
0.08884474187025468
0.10235038852135135
0.11122652475801953
0.09868988624159676
0.04261318950108629
0.052964805903391546
0.12215274754198283
0.0879306310339014
0.08445548623329699
0.1012180754945079
0.11219367409123292
0.1275592475852332
0.1142772277870976
0.13804554317699022
0.10567272606160415
0.036162676071966514
0.055923451322567354
0.14400340402807782
0.07297268198829483
0.06092304188189181
0.0763634818870486
0.035027719653477535
0.1226929351772408
0.07025908617921771
0.07007678779679206
0.07953658998483837
0.08503327652069953
0.06671940682009399
0.14444235861098037
0.076289416697721
0.14873532644973803
0.0833236649517539
0.11421357134598253
0.04036238800446626
0.11052260476465624
0.07178464527396661
0.07809425397705592
0.08627379387682756
0.09162234264517755
0.06768035115886442
0.0911722326136198
0.14968151406594465
0.10394007171998636
0.06214476318583607
0.08628280002043132
0.08771863154265977
0.09315283508184768
0.06658688814305462
0.03264861185040742
0.1363366540332909
0.08509629923103328
0.13729426203156173
0.06668505726330173
0.044915189496336445
0.13588040653080918
0.11318183997211996
0.09638408868933056
0.07957196251682513
0.06283173821895574
0.10301055934977817
0.09511940595499624
0.08902626995040339
0.09798147712169365
0.10588503411816332
0.05580070968335508
0.05532247813764125
0.12197917874037098
0.04698334480151977
0.1323178253198602
0.03537943352247418
0.04033336800909211
0.07496668633433672
0.0400521895772366
0.06516251415756218
0.0884202399717087
0.05839236112575403
0.08494972716008471
0.14476581542872122
0.05323281002070416
0.08114457287832282
0.06269596963112219
0.12830550391138523
0.11736030533189647
0.08194101459064523
0.049740017619887326
0.07415878997230703
0.08318851421299248
0.08488195776221823
0.018946451465367976
0.07143909549124508
0.09693244970056955
0.1350882859423908
0.09600251487520606
0.09224174703023681
0.10377319461831659
0.060466067532282175
0.03843645941016216
0.09524164870732597
0.10792666565039453
0.10972448506125256
0.06525668019737622
0.07687762215324938
0.09581990997498462
0.11341093817388954
0.0831250675248353
0.08824669965529229
0.06699122833934433
0.07309166622379894
0.09918808819092194
0.04810558743480331
0.09993474457170176
0.11316252576520336
0.11560840813115995
0.07316131812479149
0.0705469699867324
0.1316428827380833
0.14828017409817956
0.14828802496721175
0.05676269773821103
0.08725798218320119
0.03872062560155676
0.05248516520062447
0.055982900344428044
0.1087908339846477
0.09774404884947473
0.09259219004771688
0.10667394057309745
0.10118735518493968
0.061014871209965446
0.04546924088967326
0.09400781361072286
0.1215853999634678
0.10954637333534319
0.09922365668017515
0.12288949271577915
0.2016566417311248
0.03575919998090305
0.05689777416094036
0.08248639900646282
0.032444383577256514
0.1348097462251735
0.10819301902959921
0.09163137196381693
0.0930973779145182
0.10182880962451517
0.09355656118660054
0.11940414869372824
0.0907660102542611
0.16100124136218233
0.14326104306652565
0.06116334012870996
0.0741145321474342
0.08610749184807012
0.13096664373882883
0.10670851210491172
0.07689316529678422
0.16328832960231837
0.05658628696412678
0.06867262996552996
0.10739694868934704
0.0995486474354543
0.13310998816773614
0.11485643055949281
0.06680449154478368
0.0967872849910361
0.11063872416978224
0.07722908709857555
0.11813211589899937
0.06061030561788474
0.1726439198193403
0.14777411995065196
0.08241655268999665
0.06683574588247833
0.11159113023683462
0.12160193161812004
0.12566136371758058
0.05070580272009759
0.038967350150234746
0.053328025325437456
0.12937964194695348
0.0961612228299878
0.19491404962856249
0.04255948979424838
0.17805057151463716
0.06390717844712243
0.06202039019342648
0.07079860320509494
0.0816549327894023
0.124659603841178
0.13126495122139936
0.08902856908818116
0.14294191117376415
0.10486801947111644
0.12589468229194128
0.09583576943148531
0.09798948275119457
0.10820944783845353
0.11464243821664259
0.06430297299260228
0.0636880112164009
0.11292968497704733
0.14913757080791906
0.05097012029658474
0.09823454496542879
0.09600441659838213
0.08851277478261883
0.06692011022446095
0.07282675690416267
0.06450696258775139
0.12422063788106058
0.13457411537715258
0.10847397233809641
0.12282376349265821
0.07507537116357213
0.08017660391169669
0.07314695547329642
0.07917940710776361
0.07610132560656424
0.07764107751912509
0.09891788213498023
0.10718524698662131
0.0658939957480927
0.21931648190560485
0.10625947359082509
0.12232657173502302
0.11248459150988384
0.0824747829653226
0.0709080088889248
0.025360960529064384
0.129141203826384
0.0729787666705741
0.05723643880028844
0.036473909373183455
0.04017254658132753
0.11678168432507464
0.08120453968115074
0.09689588187324484
0.15041974414068726
0.06686747310765116
0.11205657545085806
0.15306274836660022
0.09864491539978397
0.08679013704834425
0.06853720724910135
0.11528613501110081
0.07258188727961118
0.08134772061682027
0.09746495223723349
0.05984710132566593
0.035256272846852815
0.06625985758334789
0.08615945754592044
0.06894557658746367
0.14677680995757625
0.10794979579689343
0.04419334973136214
0.02917972065476349
0.05686443072632946
0.0611502693343149
0.06493984488084814
0.12651200986923813
0.04012688667182243
0.09540091489916083
0.08730175337757132
0.061302288012067455
0.047764657822201385
0.10601605713205024
0.04598330562911847
0.2012180681105483
0.05094733235712917
0.025805143491588522
0.06796451062300209
0.14501876720095486
0.014615031380900752
0.05563158941012175
0.07773071853993116
0.09506868616853395
0.12272567730545338
0.0557685214567214
0.12270059049101475
0.16172183616507432
0.08932400411601411
0.11877689984641218
0.0241366443728263
0.11946243198364577
0.12283819191783643
0.077605818649866
0.074602004176288
0.08814637157934925
0.08137721411541211
0.07439093620957703
0.1261506173841351
0.040990597014945444
0.10204535073734466
0.05493355834557915
0.063093260331019
0.08637322462205664
0.09507725453955607
0.04113474672850171
0.09752266341038318
0.0578206153866991
0.11849919558315453
0.09229412607156816
0.12345698984351314
0.10997198951805522
0.04040943594898466
0.09992945172010767
0.07165220128369196
0.11722732037522697
0.09360524055289514
0.09590012575939089
0.06189989127459136
0.16828072501178465
0.060073920047864174
0.07516877871804221
0.10133246543953159
0.06278129865639706
0.09061955032381636
0.05345897806008292
0.059303784114381995
0.049006019073968045
0.08597324116472649
0.19502891289325494
0.09263799107011284
0.052665754340464443
0.07489382592983869
0.08754223606882629
0.1294688805176342
0.18995604540393252
0.0656948251225597
0.06189537106147067
0.12323374136657896
0.09128056142987148
0.10398229298887472
0.08809539740116246
0.09470173379507277
0.0399272998305081
0.08792794465270366
0.05081714164516003
0.034528427698369224
0.11448062768638562
0.11536471757785438
0.030107328214834726
0.07961685325070042
0.09527292475260037
0.16469646004556682
0.10199109275658108
0.0812431709224753
0.12311245793340614
0.07812963131422
0.10592727416512347
0.07896290093569751
0.13480464868030995
0.12193624110941964
0.055859700713209906
0.06650516847075112
0.09577028314195342
0.15796106235698626
0.1949391648501617
0.09789631124760007
0.0667055134676805
0.11592051258947626
0.06284893693574198
0.09615815752725484
0.04582751062506392
0.07588992119189891
0.11044646262580883
0.07975023712744038
0.03970946206669962
0.06406188104777975
0.05749599778663763
0.04437872463798707
0.10335759495674993
0.07960549020886092
0.06469185725557285
0.1259265489270145
0.07686003572227368
0.060114079280393265
0.06257108324011719
0.10491635778605551
0.12150241045563222
0.10538626132951634
0.13652659676298726
0.06129330063927543
0.1279889505248416
0.06953736794243942
0.0748222804726501
0.066588077851091
0.10471560839492407
0.12114463104868582
0.08652411301320394
0.10374394134422878
0.07094990775903302
0.09145218166060938
0.03563196781202982
0.1603990778293757
0.05497052498218814
0.09322857753112301
0.05647191048721624
0.12550630947474375
0.05114413088774417
0.09219927048496096
0.1812504902978521
0.06701598271343918
0.06729365827733419
0.06637819062080967
0.09182826505454146
0.09093010297782222
0.11580604226972263
0.17533618984211607
0.18096225930222617
0.05874622473959747
0.14211119981143633
0.050678828106734145
0.054570058114861174
0.07249220126853202
0.056958203418130696
0.10954232509714396
0.04674828048176067
0.06036533845395848
0.14544750998788092
0.11732976831441358
0.11313253466165608
0.13425726892212625
0.13217540402905506
0.06898172441216069
0.1291450944459091
0.09601531484187409
0.07033671916149611
0.12165313843367076
0.0641005468851484
0.13358149147104165
0.057400274491066335
0.14267820788595034
0.08755976317882126
0.05598463928998032
0.08083838865224116
0.07236744677161731
0.10971821348813009
0.10679250761223992
0.17355792712082296
0.14477621281875264
0.0804138436788013
0.12156190828975005
0.07236759947361153
0.10986257308778385
0.1497800052182671
0.07623322896633572
0.09849638740517687
0.09928320193727268
0.09826561546518556
0.04540250702297798
0.0695754543882166
0.09305588432800817
0.057069562963489036
0.10557176070315093
0.09582674888960596
0.06838726464048445
0.0755206106547936
0.08535029938372682
0.06602223730399183
0.04367824237682256
0.10198396328518587
0.08468069978504192
0.03917050493546726
0.09994241968978301
0.038579125708663724
0.032037447537104156
0.08759607701602672
0.08403728373105072
0.13613939817407286
0.16404235593040153
0.10786129238001185
0.07240509184213588
0.12859479646822167
0.14071285658529004
0.03551301846825032
0.12514698104637478
0.07084665295705662
0.07316174466565178
0.08574573418206918
0.1383544472707215
0.05683533758266919
0.09214957785534357
0.08334563922746753
0.08979280428048078
0.095041613304093
0.10413900907960388
0.08761738579795696
0.03710873039729383
0.10210295891516404
0.1024380842521469
0.07926092422102235
0.03127964765581585
0.08187535700659027
0.12303871057802988
0.15083822496249435
0.03153045961525542
0.09293342043171798
0.12475770916772384
0.04395868089081557
0.07109699503800165
0.0783011487602874
0.12441098197460049
0.1008485075842154
0.08077617908494174
0.10414356625195928
0.09846764306885289
0.06295254729921433
0.08941551337113121
0.09885114050351973
0.1388394027128156
0.0655834461404565
0.04768495413634598
0.07940083337370284
0.10674751746692021
0.047659335805079375
0.11193714620965223
0.11575994230038653
0.09323296142906057
0.07375907144782758
0.042385254434944036
0.06752124242080172
0.0706045867317973
0.057590019566191405
0.06624139570468872
0.053604339084159854
0.059063986256991594
0.06003605730572599
0.04165486516195487
0.029239246642240976
0.09827008788052595
0.06664144620662067
0.08709871496906017
0.07429059862086439
0.06245360466726699
0.06590922528854992
0.08682690204675028
0.10293004028503816
0.0852451267469912
0.05594218499804203
0.14498443366944458
0.03481927662698947
0.12674306098139193
0.1735209259212238
0.090041607997771
0.1543206102990511
0.12594919100612792
0.10606820595647896
0.12828130938460322
0.03278366107020872
0.1018558436596873
0.11842915797113436
0.08232821597998716
0.05198252691119439
0.040913077147753836
0.1361255845957669
0.07273935510647273
0.10657410960576577
0.08614572301491046
0.10197146023551885
0.04979778648081726
0.07410009578592766
0.10390000181145688
0.07424624923329212
0.13700042870907447
0.08194235749857269
0.07712564019725889
0.07566479686821019
0.08116077922268018
0.09320248505942384
0.04029108376751072
0.032944997899010044
0.03613976651264142
0.06957420519127479
0.10131375466360007
0.055711160730742816
0.08482659964630349
0.1069626155732283
0.12523999563049526
0.17320735680087998
0.07155190928461655
0.08683154522867896
0.09311654043778346
0.11015137351499923
0.12514321488558763
0.08657282486355102
0.07756157833783214
0.03392542282514896
0.08894408781036205
0.15086742113816934
0.07861809062851983
0.11128336532941174
0.027420121949654604
0.13515662590521907
0.11650044313178932
0.09299010566383452
0.06781399172841016
0.057117110725446466
0.08541721402094285
0.013398551951188812
0.05305218788454306
0.10704093461138804
0.10027003435123105
0.07318270558868943
0.059512452607289955
0.10554688573981005
0.09507142015360726
0.072796244181926
0.10649306150178962
0.048603855183282675
0.07181092131777
0.1077350606082395
0.09475905992549019
0.04712415778618653
0.056578686512257906
0.07658413716108771
0.11265255072346124
0.06135697459071834
0.10109623942672444
0.10749120288133503
0.09601663800134079
0.05710048446112608
0.12839201110761667
0.08785567187809508
0.10541020774219194
0.09799654165272528
0.06209753246874481
0.09891604858835704
0.08604903060621641
0.09010576226931963
0.07321864706806336
0.06991657648547427
0.052761975068353874
0.10020776839765928
0.10198834941104465
0.057101670099695
0.06701928388166689
0.14348091801812837
0.06668658511679955
0.10283127352968735
0.057580697812096605
0.06234787849938834
0.10403092936871351
0.07916560375334952
0.030811950070531988
0.08537488791210017
0.05566822688730953
0.1403173724774903
0.07035500090006559
0.13849775192095043
0.10585816020761833
0.16524226356271154
0.07176897401237414
0.07268047370703376
0.12532338567718754
0.0731907851307447
0.06508736396649198
0.14529284128648703
0.08147448098422708
0.06500089307761284
0.10931266264394751
0.0816247782000298
0.04758222205808609
0.0809524053532204
0.14530737926149712
0.1377590914159483
0.11424217267322255
0.0426769017291684
0.0589918721342728
0.08810991592184296
0.0903082876213712
0.09404126288405301
0.06532379960613845
0.059004571122146014
0.16197088913615146
0.1230659077215796
0.15362690511530921
0.08468535044202696
0.1251255468752958
0.05459932085679276
0.11190532089870199
0.054099332119611515
0.08698216200949999
0.0911501862019471
0.16020818585827318
0.08425614056065296
0.056380859070311796
0.13632322785984957
0.03449568820827494
0.10859837473096869
0.09155428038768465
0.08438772435867166
0.03559171746556773
0.07609337952531631
0.1311102961029933
0.10095894959272833
0.0954519213010735
0.0922681446067042
0.10217078289924263
0.07203616628472916
0.07979819337215499
0.04301325944660697
0.08581711474451541
0.08479287239266914
0.08411540986801046
0.09085225525846002
0.1270460215209197
0.0923881579999306
0.06564546659722445
0.1606107385081777
0.12295070761267808
0.04751195965907256
0.13431501337660778
0.042180503510303
0.05456659689341666
0.0555120183690283
0.06992385105717303
0.0724041592666345
0.12117451062817061
0.01725213398124081
0.042957145516890664
0.0241861496645171
0.05791957763501545
0.07547945479541006
0.12891969249596147
0.12035430692792937
0.10304144762704703
0.08172925384402177
0.05098027781599195
0.10180900995485836
0.09449833091123745
0.06039590035986414
0.10412557562530915
0.10010212395738863
0.05157597881298766
0.10941223292832045
0.08798780722476587
0.09318281206003676
0.07421050097270214
0.03880181470430818
0.0975354819726026
0.061335726413037056
0.10078720073646316
0.053892817418254864
0.07187402873441628
0.10556249238266638
0.04714569048915752
0.041904905112631285
0.07778576739088716
0.1070912329824645
0.09374145619541085
0.0507717169477853
0.1492371406198716
0.10374576361948941
0.05419822170371639
0.056722655789358506
0.034104569467040075
0.09739991661768964
0.10502837047172978
0.040952475922889434
0.08377591604159228
0.11897236748685976
0.06500685729101174
0.09601048630142861
0.09256200416306638
0.0647830739971672
0.11725251974372226
0.08092633958321366
0.06630561760588376
0.06756025419349791
0.051061541582439134
0.03579238753935998
0.09305641471249068
0.032147306737887626
0.02935114426482322
0.12470262013921057
0.10358288482715837
0.07223227124133032
0.10456990565502053
0.08365208485985401
0.05841288677825457
0.12654429640914944
0.14015834830490073
0.13145980574022417
0.0882597818532455
0.06813890305270359
0.12064559757815116
0.0633583670656051
0.09283417977969051
0.13816288447813171
0.052744481938188294
0.07602797185580952
0.0805954869080669
0.09299595915900583
0.07761913539160085
0.09677468924582525
0.07396214688009778
0.03700122960630175
0.1455701175691354
0.051560838844581694
0.12351166640542058
0.08741896037839196
0.09473493698811393
0.08744178215786086
0.08032729135487547
0.09814125444047732
0.17390095780822282
0.07935466883055442
0.04859846546903061
0.09695088101910285
0.09513587203820578
0.07637655100147571
0.0888438416030275
0.0726750121201365
0.04805499080259905
0.15698885187734982
0.10032167802586672
0.06642042014663109
0.052289009280090434
0.10697500887912155
0.1062841376096437
0.0925934113838003
0.060451971260598585
0.07732239321995747
0.07034134409239398
0.1227536619626976
0.14394232002196458
0.07672391603290764
0.12435871644121946
0.12970014693066714
0.0962636091885696
0.05410871333563095
0.04909934810741407
0.1334294444690601
0.09348217631412874
0.044451768610900874
0.07936184531625556
0.08539152404133603
0.05498554677492032
0.07850777509852538
0.09815839135244045
0.11724448910069477
0.06116271688034896
0.07428244052342534
0.05369917359475416
0.07078383270173405
0.055266574188415976
0.038759055080264906
0.11453505190963933
0.04905230533085312
0.05640080076499615
0.050062269674327566
0.1480772849211978
0.05355677195884162
0.12171302923569267
0.11307950059964865
0.12175609017332129
0.022512153314427255
0.05506742195385739
0.07693143460375317
0.04125860630226119
0.0667152364139218
0.11447441330607153
0.11746699362628174
0.07828884991203561
0.05046346433583472
0.07813476506630962
0.025839080592484017
0.047691635714081575
0.09318260022545051
0.11033972316364905
0.10346849271577821
0.09637665507773024
0.09944249913074117
0.04742508574498106
0.08408373380142797
0.06217214384366523
0.13459141951248402
0.07690870821600787
0.13186966640982975
0.1166197056658958
0.11847106569918517
0.10093357096105243
0.06793427474871006
0.07669722938935819
0.043726298092337045
0.0174083444390594
0.1066831113576854
0.1794167952886215
0.06828109117062864
0.07130033275247982
0.05170362713206541
0.06436224977596881
0.1497079666825214
0.07010545735991948
0.15449954874134722
0.10661533263213209
0.07441286996662219
0.13700779924738885
0.04790318236136174
0.08128033198575388
0.1295170047941407
0.07602493087955355
0.1025978596816909
0.06581904295957865
0.12455595947044329
0.05981255653748956
0.1067717065914641
0.0564701633491977
0.05133230755052014
0.03207071618134412
0.06543248071539709
0.1491750897139677
0.08066713199269844
0.07098681954652976
0.10300821742236217
0.05890835733885989
0.08809100382513173
0.10809080600145124
0.12795346271465546
0.05690805075225258
0.09125559869533541
0.1262625464291357
0.13369265187955698
0.05695122410638983
0.09572888388686601
0.01894354029847224
0.08095869109302603
0.17322796040752803
0.11255457443075416
0.11855942098742868
0.09179292566449754
0.07638610681885358
0.0358458780348743
0.08828054686781105
0.03741525379249873
0.1079815476164943
0.1466554845224699
0.08000291212699857
0.06402748112518156
0.1424574781456157
0.07445446041129664
0.2274842207850427
0.12272101161088839
0.15611073046361193
0.06274698733129129
0.13220795132875196
0.20113935307454645
0.07806442060798907
0.11422696076217166
0.13032809380625113
0.10251264351759107
0.08994611349547701
0.07142537906316197
0.09347615220295478
0.08861339558450229
0.05764693103867778
0.09634058572142583
0.16104233843663127
0.07164888205665834
0.10377178746149184
0.09135602791783483
0.04371854146013239
0.07187237796174777
0.08706426464806767
0.1303405237227691
0.05401210351763733
0.12216436814904051
0.09140737935955512
0.13242749925582137
0.09936046304895224
0.08297315967685434
0.09429331875793935
0.069007476165543
0.11414008695280653
0.061991876467345566
0.11060784228586662
0.10060925465420945
0.08343486253361339
0.14283264756477743
0.09575785261347533
0.07627346618290369
0.07567947888312508
0.07796588761120644
0.1299915429968729
0.10899219873544046
0.08029940011666425
0.04912186657685911
0.13763627546134347
0.08260511219270829
0.04210793871567265
0.08277593667112645
0.14807543674117066
0.03718642831086111
0.1389598381057914
0.04725350670072195
0.12805328819900946
0.06200553955509247
0.1165227893237752
0.11986311215881659
0.08502776572880925
0.11871634929227701
0.06710128738117978
0.07594373807780011
0.12793077631988972
0.08136802301134378
0.06852522875914024
0.11573034676139736
0.09264224866164947
0.14592745376523872
0.058167177126301546
0.0736731514455345
0.08645795528935611
0.09175818486984985
0.051277242648057324
0.09639079348577123
0.07935938186720466
0.09955288649065054
0.10769363936450374
0.14194384893276754
0.09250020502198826
0.0652463990863872
0.08477432286477635
0.08364012425865318
0.168726609220679
0.09809409727882976
0.09958098335578526
0.07561610805969514
0.10892237311634788
0.12411431004970523
0.0858659893764314
0.15362524643379702
0.09132061817060863
0.057818469274052174
0.06694209676988547
0.04385673698018727
0.08999608341356909
0.10357210979733575
