0.17208958300732066
0.05910518883031892
0.08094041660309052
0.11415498778022928
0.03229738303978341
0.057198357620904534
0.1162618848884852
0.04518718271416811
0.15401924792709604
0.057810126126816665
0.12266978491494118
0.046777216867615455
0.09428599244705939
0.07852398326498011
0.11228529586788029
0.10177823129519921
0.13412603384210275
0.06641717630825598
0.16004739731505502
0.10360904653407908
0.06309304618931712
0.07162272208898941
0.038234274739062345
0.192560244140475
0.07193926233925939
0.07889776707603932
0.09116778097077151
0.10760590101390803
0.11910816820608569
0.12243107668433222
0.1396433136690576
0.09823932696258429
0.09161013112464012
0.04163909959979764
0.09589833785540576
0.09811130478292915
0.06951835745303582
0.13606341851346326
0.096409813250809
0.092540332127673
0.10196982050204652
0.09462358685578344
0.130046947770062
0.10735915442721451
0.017170269104939673
0.12953557190728623
0.11930445781854834
0.09044027552196915
0.06548298945171348
0.12410782405987036
0.1158201743923903
0.07313395369458976
0.08747636006466554
0.08748761079083688
0.12553650049481613
0.10476318051016723
0.032703606133245536
0.0776509384491364
0.06663698265674604
0.08100079779448989
0.06435625676727837
0.06967775387562301
0.07303951154324319
0.1530718971567151
0.06785728829697042
0.10071720080713982
0.043460605082110706
0.03277252609711949
0.0730546652432069
0.08458476295667065
0.04719819706463015
0.13445476367691522
0.1045869225936696
0.07197400607131467
0.04343132389215353
0.030653644049591283
0.12722439495007093
0.07046456623719916
0.08880004167569512
0.06820334511224835
0.03435437388484211
0.057263475005818326
0.05289627423293229
0.09187704909939769
0.07885237434211755
0.057016893090842284
0.12099484935072347
0.03987497318851798
0.11275812959111974
0.03513802797991686
0.08715596646733524
0.06978898610395022
0.07899425932555028
0.09265173388496034
0.08021578785524133
0.054186443316877005
0.1243344475807173
0.07180216775933136
0.0676610136890513
0.19480083313463353
0.07107979254575424
0.12103707134447096
0.09499226599419273
0.08597221739408582
0.08525800279611953
0.10630689637591836
0.09746669338355368
0.10601413151210155
0.09801066620175507
0.09563927124263977
0.1013601620743958
0.08858571539677493
0.10038832559113425
0.0917224150520164
0.10214545177575236
0.08463814708972117
0.05040105157742185
0.1163777161796109
0.10930363576055999
0.08375013542179802
0.10846230194091794
0.029080990179840196
0.059735359181217834
0.048114476854449334
0.013249042525086348
0.053804215215312486
0.054175335681054294
0.10263571103417315
0.06013160596254566
0.07315373175220302
0.09920609942156568
0.1392996987110134
0.13574671646051045
0.10334921530317855
0.10022234139295794
0.07749080108706397
0.1610569222175734
0.02902370762653578
0.10194430352677045
0.09558419303376542
0.1252014856819763
0.1215009066358231
0.13508735226922752
0.06388947156859112
0.035416705651075804
0.08014772450553603
0.14329057678937468
0.0587858969380298
0.08360872812260074
0.07312768050230956
0.11061333779135935
0.10673556072760691
0.07205474970775173
0.059815850829320096
0.1357274800769804
0.11415231193428443
0.051664572876043424
0.05568608388980625
0.10076787913366439
0.06351911935309407
0.09553192841995761
0.11705933810495538
0.05508832248404075
0.07622773811358802
0.0891144605175096
0.1327952117590915
0.09533604789410455
0.09191599120519571
0.04183644098074251
0.12999423171834373
0.06626428748488812
0.06828932790787977
0.14241343918431223
0.07106761697897279
0.12121853821030117
0.025804009659758646
0.076186973021737
0.07234954344916436
0.10601830723579948
0.09460254297255889
0.160533878591652
0.06610741309750927
0.07572971251867332
0.05533680728399304
0.047052545681511494
0.10825403140206626
0.09750880882077691
0.056712570064321635
0.20109713398104961
0.09705838522146078
0.06440783159977148
0.04687914914860522
0.051166910964969704
0.07435167705478629
0.07287085916032698
0.04018584025310097
0.08614586560395815
0.08768166754191312
0.10937259886958123
0.10064843576735767
0.15264490263619088
0.08471567065422471
0.1147543335633507
0.07099193469348157
0.06492621441005247
0.18067336412147597
0.11934180165429255
0.08517298612031303
0.16298656600837594
0.06655091613883163
0.11144051493773743
0.13634498104903844
0.05825939468444599
0.06079370823877437
0.10985900943898527
0.072675904841074
0.07639523624225718
0.03969163698450473
0.15943529056930023
0.09079535827085887
0.06978648643685466
0.12495108468158042
0.05675757256265457
0.13383468373579724
0.053898568000988904
0.11976683878351778
0.10954977444457752
0.0737717561720117
0.025082012707990424
0.09652337448142756
0.0740323087584873
0.07560952263533617
0.09427690852741476
0.09274739896081262
0.0879538632878429
0.0613216518662452
0.09993249131808095
0.14418938596949546
0.05260002255484585
0.0898168715853807
0.0633456783429517
0.10041909810338401
0.037960751160546424
0.08027097704922259
0.131393076324865
0.09531678517271588
0.04673844549844705
0.039720411388292416
0.07369466157652485
0.12364745500945039
0.02399800229033013
0.14046532129765776
0.03580699547958118
0.09620378553260095
0.044662556521099024
0.09903120735152603
0.14840775590398267
0.1623938035860552
0.17228709682953566
0.0504168943725749
0.034917196315879896
0.03589328577122416
0.17662605096258288
0.13539846604759911
0.08966433722268335
0.11106602378000781
0.11471416468031022
0.05225842660693885
0.05609243330647189
0.042539573182839664
0.05305801847898639
0.08486358932753253
0.07773842420805133
0.07871917919899271
0.02737205504868773
0.04739485726345569
0.12184170210929209
0.041020881819759575
0.051245659961080214
0.1238346795608757
0.047819021538334394
0.07998040501170747
0.02907428988290072
0.12284967222318317
0.059799042051928125
0.07217532078192795
0.04073116375465813
0.12673398476063552
0.08572592969353868
0.14294134309999726
0.09539285979561829
0.1038252622084573
0.048814613570863925
0.06253079781192356
0.06412284656019872
0.06737297793946298
0.03998019868104878
0.10755470043251515
0.07424520979443366
0.07902695776894209
0.03443114267415461
0.12100787117046446
0.09846545801586241
0.07141351519923345
0.08821431530913962
0.0467044902561337
0.06914413851741373
0.10991768483423532
0.083085371925883
0.08734765152986576
0.09457461907262073
0.08435582315823362
0.08777832005630411
0.08087185824200474
0.06819012199396611
0.11116129154734086
0.07220034580621598
0.08147122106394981
0.1377671021667007
0.056526825280694505
0.06633527673330686
0.07138127464454294
0.06566158447531605
0.12149320848338972
0.0692613875230251
0.105849708568036
0.072248934018482
0.12641086172450264
0.07279530459301212
0.09220499104973118
0.045901929526322494
0.06351916566048496
0.20096779628497463
0.056165805446077355
0.09013723743487101
0.031899166341662726
0.08138081047157028
0.13859884294992736
0.10117968861103122
0.08429430679824687
0.05346089448424975
0.08407865008036941
0.10600489009326478
0.06672258242393148
0.07996119662388942
0.11813686918416486
0.03376084541597713
0.08519174944092059
0.059816688956707
0.1446795400368475
0.08581303774677444
0.08483843434673372
0.10177006170260844
0.10740849717225222
0.06176630032597694
0.09787017717971173
0.1036277933646692
0.10335062183438759
0.07628334608288073
0.14287063042759743
0.11874103360908242
0.05890141951814418
0.10283281700060347
0.12620583124012152
0.06689623423054407
0.17859840712336422
0.09493987030308292
0.10735842772417362
0.046369351403151515
0.1449299846653624
0.08123665158849375
0.08032565557222444
0.08709333329920158
0.11217139930655368
0.11126662639307297
0.10619771671392951
0.11845148248151317
0.0384152478805777
0.09137113036814958
0.09096831456626771
0.09421131131512961
0.044381647158534245
0.09321718696928534
0.04961348209144537
0.12925520963080955
0.0802202911308772
0.12027329139900414
0.06972641797987901
0.08645076999778824
0.08748891406537605
0.06076001324013108
0.17940193518026915
0.04996369675518149
0.05028982786681986
0.035618125025245286
0.06562190297267885
0.07139342450864639
0.05517570707702263
0.1253837528513157
0.07105310271002838
0.041852351877761214
0.12814764076821983
0.09377395958716918
0.051196524813885216
0.14608073941743566
0.0473491569596315
0.038870122653396844
0.09788158190495189
0.06051779472543721
0.07470897934469543
0.11709868128590835
0.05630897540887328
0.03609068986014003
0.03851862332046387
0.10789184304779367
0.014545374639727425
0.05542736702782692
0.09822638852139418
0.07408138424371441
0.09072067372152237
0.13177708212700817
0.1454968143946575
0.11406742621549676
0.06502692471198004
0.04870145885703555
0.09093375498877501
0.10181590376398109
0.07392551441818006
0.07761564352059043
0.10434856737721923
0.1368937766231971
0.01709432254974224
0.12179608008537063
0.0888765056457475
0.07658872523104956
0.10283942137249828
0.08857029287619456
0.13211418960520735
0.11076934903022506
0.06148927946127763
0.10543662136317347
0.032620563014098845
0.05102815000577614
0.10152175749662788
0.15001881773309722
0.13434161767253613
0.0637248570334578
0.07047362035827166
0.03135387954044579
0.0992992038804346
0.08472989189707464
0.1359789437346128
0.07245614854910983
0.03843798707791994
0.08969756841108321
0.12244402235840363
0.06162685200076382
0.12477288395028595
0.065204541473016
0.1283212429060396
0.0759044936652063
0.06011961857557929
0.07140961844358577
0.10495396835086644
0.09301253489017712
0.12595146984073313
0.053882525540603396
0.03548174408716606
0.14198638281208298
0.07045867396261493
0.08743657642347394
0.14716134491399704
0.09032588064112669
0.08075279855939682
0.07691053985954771
0.10295477161181402
0.14916533111750951
0.10886477795279086
0.157610805822853
0.09789316078497218
0.09799933784806325
0.07592718382075332
0.09491047643969976
0.07936330373985104
0.06847315348480426
0.12330459187531036
0.06481904971658066
0.05579636764994231
0.13341620512374006
0.12984656065262415
0.0398809268812196
0.053835362550073894
0.0908854307332028
0.04153673044936355
0.06589535577856867
0.09892836048793796
0.06210554470105697
0.08389919430274947
0.09593615303746358
0.12488271222397135
0.0636931731214801
0.07638888974639019
0.11860985276172925
0.09210819078682358
0.127643692449249
0.06886949502728995
0.07668337485822194
0.08329402877276533
0.0887059977288775
0.1486435870190248
0.09417660465297559
0.08424759999616853
0.08517083889125682
0.16721789459673575
0.07789379810163592
0.11534006469312229
0.12845159629404002
0.08162519684052401
0.05106523518735711
0.11324470660920216
0.09951041208644239
0.074466519650403
0.17860079285557592
0.09745217714440016
0.08694987795762948
0.22754974575160442
0.05478810073403029
0.06500724310839481
0.061924580362718515
0.0955471808963678
0.05476627925252816
0.1304409425199717
0.05288810965842004
0.10660793784126908
0.07098869177205389
0.07919957518346898
0.09775334916503257
0.07997971656822425
0.058158875590157484
0.06085108082465925
0.0830046843211575
0.12477688726108202
0.10046566735248935
0.03626034798080528
0.13122910515251765
0.07612187179927252
0.09254261420499185
0.056231884553187644
0.1216944368816571
0.05553142310349
0.1939769995539607
0.13130894659354067
0.1144552267358457
0.10317804957579885
0.09333074538797763
0.05272187089465718
0.10281127911014455
0.07595409708771782
0.09520318983373845
0.17356336308048578
0.07893485872524812
0.12067461564674684
0.11898379804179515
0.1229066744205603
0.13518292845400487
0.08801888873855926
0.0875932777894081
0.134449713423606
0.06752377761772702
0.050245261042181154
0.08699532241820088
0.12290569334393717
0.11272351026303733
0.1309016496615586
0.06413133288900935
0.08745669317803324
0.08397777714328314
0.10443737834091746
0.08645354457714959
0.03200249983674098
0.0779366022944159
0.12862152708979246
0.09281374529782829
0.025187286683806837
0.06791667864013448
0.05718451355752938
0.08102641248572055
0.0691529055423469
0.07506785342667173
0.11905329086958215
0.08962819232970368
0.06595815024908044
0.046941906252055195
0.09314473264686268
0.09136709088568522
0.15614973687115452
0.08116170130376701
0.06847087221953323
0.1893657800073679
0.1384998924487345
0.0950538151453472
0.06647335389151302
0.07934473307289568
0.09374121059850984
0.07988054494474159
0.09602783312464468
0.05215116752369453
0.04359950423209009
0.10997917182406199
0.1037253389110621
0.12600572446484798
0.11732634222419137
0.024216747685258062
0.12563166969643264
0.08208814877660442
0.07417452920966369
0.15981685731542267
0.07383354937740326
0.1063876542722937
0.10337262580470165
0.12405980710118852
0.06743243896670895
0.06754885123270284
0.14326296860879106
0.09581850333624561
0.043637579512816514
0.10153210428556607
0.05187778163971748
0.09641595695421795
0.038922715462236454
0.12487579713203271
0.09319975101927405
0.1672577121708685
0.08383388856396315
0.11826297259856061
0.06723426371041032
0.08452310078458376
0.11671856620203021
0.06240470039060891
0.10781163717900487
0.19248049468768738
0.11541989081257073
0.09747985062301284
0.12437881849221587
0.06274382344813584
0.09723818757088831
0.04710093612615589
0.06689592575115536
0.09312748142970188
0.14530095481374003
0.031936768832127184
0.055535902906815114
0.1182233492805934
0.09277109124649342
0.0916669674079285
0.11159293946755214
0.06450970703927185
0.073458468586344
0.16019751797499046
0.12044485071611401
0.12442896482281735
0.07908216980688047
0.12134034849496135
0.04956720574659233
0.09555111313036503
0.1053922536433881
0.107229589797332
0.14410571791963017
0.07747562597809914
0.10985919805978904
0.09492227536512438
0.10157131497803004
0.07029110303340529
0.06864486262339117
0.06089205234296953
0.08651588440524283
0.07825349771618789
0.13163158828318364
0.09544716278722547
0.07528172452924453
0.05068033015518537
0.03316499529360001
0.08328385905218662
0.11951123715646808
0.10919464703999769
0.05863417764232909
0.07215340773691636
0.13129362258910604
0.0924840470000676
0.052637972742603276
0.09719438396574319
0.12758889731879616
0.08767605211266076
0.09486298684880153
0.06400023013729925
0.10628714013526135
0.053842303027601374
0.03970637643023537
0.07272075381490295
0.07519294578757826
0.106999845010854
0.10091586680708954
0.10773238960528705
0.10584706299215188
0.09328669224538702
0.06791153653343882
0.05454338776400764
0.05909041747248477
0.09214672243280381
0.07219322649312339
0.09808357533737627
0.03459475811161338
0.04732415607659178
0.1427595577846648
0.05075407442992418
0.08775982017430814
0.0928354636258416
0.08261134648729411
0.11241533107386
0.11380933980900236
0.12361637635206445
0.09918622145046216
0.07897691948278737
0.03711780246557506
0.16150283557736875
0.12290175620464953
0.09544242009015849
0.09660448471579977
0.12574844802796792
0.10340978561578858
0.08650122740604818
0.05527487778853095
0.08580785622479041
0.10588650665266691
0.0992505370721727
0.06737724125447286
0.0748127400352277
0.03556508779486416
0.07432779888229217
0.05518772827666102
0.14064363079895312
0.10101302271507004
0.0880809348284892
0.09594511160807623
0.1119232289244092
0.1094347743482657
0.06087755834154251
0.06631020764951694
0.18597355941935304
0.1014405732327091
0.13789510194792778
0.06882238962288514
0.0705068270013641
0.10144063754605424
0.036738537353677755
0.06779173025787909
0.058840648532391265
0.06587819458632223
0.10613852923624412
0.031032914189618732
0.1007024273658574
0.11473822208590387
0.056338335389087765
0.05140120143361953
0.056713543282364255
0.060040354488814535
0.04356048147511392
0.14973382942117341
0.12290650268266325
0.04809892852411327
0.12139111274485948
0.08425761883693207
0.07424962946687653
0.10250999375422311
0.0999980913322302
0.07612080898478478
0.07188497779731225
0.1258181899148586
0.08947616922843328
0.14449751606120068
0.07443866838650623
0.13431171805389946
0.08093826658411878
0.11285132749370361
0.03685977223477
0.048359015372282044
0.10862639545853066
0.06606042868578453
0.15647144179730585
0.12495814430972682
0.022365116855973175
0.03950999195687188
0.11519991798520299
0.08662681852914067
0.12232758452846973
0.06978001719998861
0.06264309678521085
0.07531953186629516
0.15009455696055166
0.04850627398708622
0.0648587254450807
0.08628249461241702
0.1676764078283511
0.15529072978201028
0.11984146813592608
0.05572188344400125
0.11617468839713128
0.08593560563281702
0.06657631855039033
0.06985606639259125
0.10043186441065859
0.20109968170626363
0.07076089012540969
0.17303944362251952
0.1448516184736494
0.05740651781837298
0.06999979800643777
0.08583329245211364
0.0792016738294949
0.10681592710068506
0.11217101017665912
0.0759897615075739
0.049611930084178864
0.13311821493418863
0.13591226762976866
0.05869106881934959
0.12184375026286885
0.0850933476223857
0.04878432765341577
0.08212015865932219
0.0575446629366672
0.07990649918583648
0.04023768887260213
0.08578521369946031
0.09551936838765496
0.07514346705958215
0.0782996299862682
0.04211433092182883
0.11792257550170777
0.1018301732604726
0.11229214105550377
0.10867071135553724
0.09019365933028832
0.0786853173156238
0.0725433771141367
0.08339958492354622
0.06646380387966251
0.07832700574955025
0.06587584082439736
0.08484078385456513
0.08380378750816583
0.06053264680662958
0.11139207241449214
0.0918515978368827
0.09910100999204285
0.06864872642205751
0.11377245630047897
0.035381986383116314
0.08006185372499884
0.08061666567263602
0.08079153862394606
0.09018319137185654
0.15548015931182704
0.11389807503654897
0.09859424548074038
0.1052953634697587
0.05311990130537072
0.054197169055892135
0.09304850484115851
0.05337936072776404
0.17266473870490048
0.09580180864899254
0.11691335795409234
0.08313316109159068
0.1294802363145032
0.018869000219291072
0.14827608276593865
0.07574447846403215
0.06246636179852006
0.08669540961770819
0.13832619557604
0.05042297668075972
0.06573095003369467
0.1253136389362797
0.1289256493566303
0.08930137215002786
0.077033804461911
0.045524288314093664
0.06629088700536766
0.09671796719948228
0.11498707133448291
0.1402710547108615
0.12890697864597894
0.08803142670553711
0.03834273800324774
0.0929311235206091
0.1093759981840658
0.12938378357365352
0.10553260591579791
0.08468622513359172
0.09585945126307095
0.0942313111041828
0.14125162797939034
0.08628971755182029
0.08725083057196781
0.036932380285727484
0.03342533910770827
0.10372738828442574
0.04144360741192919
0.0341623495397587
0.048685193309693564
0.042420520971355395
0.12135483513127096
0.04084438230608676
0.07989558388331526
0.0968346335883747
0.0654662613154497
0.10174449396723814
0.06236772179528179
0.04273239054942505
0.0807516791456896
0.09260424552817802
0.03385684873678932
0.06421063941364104
0.15587355244392934
0.10239270900048253
0.08717440916194254
0.10591111099934919
0.061913850675881094
0.17722592329385778
0.05498685766481524
0.11769439170769899
0.14743603681608117
0.06642370117714871
0.0739649379020041
0.09522233669268837
0.10415681268907939
0.13839612426112807
0.08403687568884455
0.0972334038860182
0.08610511308414087
0.05455438531212016
0.047702012255454465
0.16556488461446422
0.13597753345689959
0.12704935397677977
0.10392335249222634
0.0916429859487221
0.15435011195243056
0.11035347610239123
0.08557696655358688
0.13325861390526508
0.09963076875145122
0.05615318492544562
0.11745708390624553
0.06253617185962737
0.08142120249247156
0.11509542146770174
0.06174765691546546
0.11056841810400614
0.09442219679232858
0.04088686935383632
0.09456870724146894
0.05657034237855023
0.07093316220675712
0.15298208830887558
0.11281558478257021
0.07635087632017777
0.04723837526682987
0.11533547109276097
0.05667837244237571
0.05770124035486739
0.0662871320532087
0.15279337484872546
0.11675484061452296
0.033699052408558305
0.05080707024350933
0.04090389982530258
0.0770244475232511
0.06578938430085894
0.07418522733246986
0.12830430304316046
0.1895723169017861
0.04580579850791087
0.07159618603371933
0.04152146360244374
0.12762985207532396
0.060289244045535186
0.06158339508638656
0.05689587875901786
0.05244791605696482
0.07905698709529992
0.11356640370628514
0.08856995580592111
0.04692815907050307
0.04997838041879908
0.07726712222354722
0.17320876122118492
0.1447156403358201
0.09429764833962206
0.06899499442080177
0.09502807953439034
0.17403695857632878
0.09772710926984718
0.04754309595528901
0.08656021688997324
0.054349076310809756
0.03543381257952052
0.10232302572085171
0.11138865063134087
0.0666717961182687
0.09064767487227432
0.06441386643751895
0.08711965037286998
0.08496973247761501
0.14610849951909916
0.0887995407735747
0.08450070288474858
0.13429385486481835
0.05475616173853556
0.0922994745916856
0.031984182287984796
0.15540963647792258
0.1179385952535671
0.08984083764614037
0.12802808313036185
0.061094608181177956
0.1484875644561564
0.04843376237524894
0.13382532726055862
0.08908113219800319
0.0765192417332709
0.06291402659580611
0.08269544525079618
0.08132517120613457
0.08028829996543443
0.10929981995882784
0.07151706274479758
0.10310093449200075
0.08741184279970461
0.12156993620230014
0.09425873748557477
0.07355385847042459
0.09886443526016263
0.14732355265859975
0.08292704701921752
0.11429598803349653
0.14349022245121176
0.034108876805024946
0.07940459855165279
0.10611157943116377
0.15673175395629996
0.04718606771537144
0.11852286163889278
0.10501269831945868
0.10025765637435176
0.06525318573156307
0.054021316303716295
0.06651121303431484
0.05945222271988147
0.06662994054775115
0.10919146311816413
0.07954100348404307
0.1070653342786812
0.2187402863711268
0.0880030107515163
0.0849099295338594
0.12950182345438604
0.14441805180737727
0.11623652808276226
0.08065275465179822
0.07560516224023141
0.2154978218369882
0.0763467362179412
0.19516357971580697
0.044076703512748776
0.14774030962826978
0.10355447894074384
0.03984694447615982
0.07866764788253834
0.01882360353226156
0.12210826573196577
0.07756242079851407
0.034230625083002474
0.09376526434287706
0.08274289196822412
0.08781105485919014
0.12537143921900343
0.09468097798125721
0.0797336374328945
0.13311087786341957
0.12232050719081801
0.10178854117152979
0.08249323969590625
0.07079958753377694
0.11670585553903194
0.06428035727371245
0.10955064444128357
0.09259100030484536
0.17265352903351974
0.09739203872870668
0.055196910092622155
0.042567706069511935
0.07566025122947538
0.09672824188313459
0.10527833980077256
0.05685302312618447
0.06997472349027002
0.07258870510789654
0.10546088087824329
0.04601103305512138
0.08260409706499079
0.057523277418114256
0.06847959399890369
0.0697427085811193
0.04420712140256976
0.07174962572186067
0.053674507854757414
0.042283330949831416
0.056168212294757804
0.0999696284742589
0.13444949914457086
0.08639891838277614
0.05064266794968281
0.10047717195455283
0.14526772190775417
0.049978138449202854
0.025806167572904014
0.06365572120417434
0.141244830845522
0.07261423094494954
0.13359717837627824
0.08224616221159024
0.043899128987200456
0.12013209437646291
0.13538013288419737
0.10626813811211985
0.09212500506161503
0.0988066891289693
0.08063870528974112
0.11335979133632734
0.09070392405675362
0.06695033450591512
0.05757892151415157
0.050835232896710617
0.08636669763117588
0.08448949178986136
0.08596221149793919
0.11275829623793747
0.1627608725860929
0.09802401065373235
0.10720089080595878
0.08122208406051108
0.12226822150659103
0.10487347597955243
0.06748197160217619
0.09484835433870414
0.07197097919454488
0.08127935793054793
0.05474565892993156
0.05900977381860897
0.0962265043943113
0.12226650715470079
0.10537528334686645
0.0617245314420525
0.06278507752849603
0.08430758367569471
0.1137614580931778
0.12321190148807051
0.07339743963611657
0.05712106051558828
0.10350021185883816
0.0662629862252635
0.07560944024356832
0.08577082693221057
0.06528622310296327
0.09955049905689556
0.12378258372224496
0.13703216694990636
0.09271587908918177
0.070728352522262
0.12209398170979704
0.07746886302170604
0.07770219501709248
0.1428744728585942
0.10876982908763666
0.09080189454907793
0.14470342256967156
0.08077188582343138
0.14572872337680082
0.12862858918579384
0.056748071427272666
0.12778786140081702
0.05748861995653057
0.09195468010738145
0.052869886620076405
0.03511515632592341
0.13615120204981718
0.023907301026315917
0.04512284372055143
0.11149890227237093
0.10506690360941409
0.06555106474599007
0.05029605178093531
0.04627941160671344
0.14733254689665756
0.10336883352745477
0.05364025057187789
0.12412044735061861
0.05558685927624133
0.06018118631557605
0.08303136528442466
0.08157418960699275
0.03183881340020073
0.10597119685152227
0.058183790426146687
0.12072767322987471
0.09214213451757865
0.0751665885712297
0.05182637762865654
0.07896543516262348
0.0892758328552169
0.05917955984191659
0.09259773331355024
0.0820946924675138
0.07472063753436148
0.08150427415372724
0.05018615044234528
0.09199218915854314
0.056757570309310404
0.10207495003230893
0.09213086028314453
0.09849266631397727
0.07293392871132363
0.05675792300282305
0.13768303768823925
0.09127778311401602
0.08735802421907003
0.14370527128538915
0.07802760886254351
0.07149590774552056
0.0421338479827915
0.0947328526024729
0.0912569349959312
0.06434041107091325
0.08935243869983438
0.07660869961492729
0.05326954503825637
0.10284676316285082
0.09664831607960413
0.07716837812209487
0.07069210626183957
0.10439672399770346
0.06985178799902302
0.10556633988443971
0.12106409255627534
0.09863017397205999
0.08711509863819782
0.10771353936654258
0.10284842868330152
0.04349766909166342
0.07693428297300124
0.08543959975527311
0.0828474975790007
0.13214331680679034
0.07009397496836359
0.04075289211052763
0.06131142780143645
0.14465116627931143
0.10737742752835679
0.03603724210817173
0.061457306863980335
0.08239024285020784
0.1492969479103616
0.0912911076512252
0.07219201526708133
0.09699141769852572
0.14875123584312586
0.05987434703308609
0.056453303367558196
0.07935584682872601
0.1419708988480677
0.04888520607695571
0.10368682041494205
0.05323427258087576
0.0955188546067705
0.07729294387629745
0.1024687235838134
0.07827421109363152
0.05156116993493351
0.07874810022774656
0.0986108125068749
0.11345529371952684
0.06188705288376892
0.13369870195058872
0.06497922914078388
0.047322942479811794
0.09090670543207732
0.12263739520506678
0.13781947182912063
0.11425222654743476
0.1027557788325158
0.0714452619505558
0.09638073486062232
0.1489162551937256
0.0838186484041617
0.07420387030116314
0.06651740417872877
0.08660620575898703
0.09937149561768603
0.09761018539878243
0.06164879363215121
0.13879649971586133
0.11636024419163453
0.08516346710704363
0.1645441646191913
0.07034089697178335
0.0594378172794005
0.059062264125118884
0.09917994823328755
0.10633647105289792
0.10287862155372363
0.11866511037646187
0.06472711603159355
0.12743429754865823
0.1693248852801733
0.06070590215497917
0.05561527265393151
0.050328684870972015
0.029944961959009895
0.05633045202112644
0.12240143406940734
0.057693201848054
0.11688687882046384
0.1319572233818623
0.0561583013444247
0.190749865273074
0.07977831634918431
