0.12309506881941665
0.10501951020621693
0.056188873846692945
0.11156478114901341
0.09976181841884087
0.05111008003539129
0.10940696822097153
0.04312182312222122
0.13931451650184248
0.04164999480316233
0.04180488930127584
0.10107958793130997
0.05613679892492885
0.11782433472020269
0.0531419352708298
0.10074876058837687
0.044672552842792
0.11785608078187493
0.22181630825077192
0.10010371127058175
0.1303870608725103
0.14612263216314236
0.06370019830793237
0.043781734365431806
0.09747177688504191
0.08170121293093492
0.10056535592510157
0.1313587138514586
0.06746839527267671
0.10716523706446249
0.07991383480501103
0.04700872104734405
0.10302448038205271
0.08973025338873766
0.13157958400673864
0.06352206588629239
0.0554446018800525
0.04320711035323149
0.1267585627560994
0.11072702186784113
0.14311326193198934
0.11884059865752171
0.14407994737005678
0.07989346914192673
0.1404909648443786
0.13963695619107663
0.12270452854704265
0.08499552769637668
0.07688590976584038
0.10964004791265328
0.12500994375146998
0.08052965733281114
0.0736997045996928
0.10484292554628373
0.13481769244936667
0.14960621279788858
0.06475699764520361
0.12004933444631556
0.08414403192354634
0.10744592521664151
0.08908754240637276
0.06231393546353038
0.09849326392288828
0.07176594270361777
0.11968626753155084
0.09940453076495927
0.08967268247210458
0.1950395206593508
0.08301133443799205
0.11864159509542581
0.15751129338677458
0.07654085629065654
0.16033896749674942
0.10002930443382342
0.14865330336771676
0.1512902954514418
0.0790446782231192
0.15194762862174777
0.06619279759170882
0.05796532351400488
0.12006051434902704
0.0740545925719518
0.11679304524197816
0.12861377862200182
0.18724105533650617
0.17513964507300744
0.1361845329361645
0.08871588166958842
0.14301978113309663
0.20943063068063258
0.056376845896766586
0.1131762732642377
0.14960121362274428
0.06621462344059
0.039198991161552496
0.11220852065134859
0.10587235775385646
0.06454512440823404
0.11598644524207258
0.05243198859711133
0.0800246621893546
0.0685898817097611
0.10041285263961035
0.1366281914471306
0.12611026800164707
0.06258275545094198
0.16341726579916815
0.1108943273946923
0.10811829483202426
0.09609025977976342
0.05182045842456618
0.12534205308795418
0.09156487180613546
0.1357295326139218
0.13224278050168073
0.03284645947859773
0.042903662224979495
0.05884767274580707
0.08125485153137456
0.08836899112280965
0.18106329231023977
0.10818748190902953
0.13870831263987818
0.05760693287127562
0.06653941085498864
0.15335586580692123
0.1302330762753952
0.12982336731987568
0.13620416781167874
0.055103660568597494
0.1100791576128788
0.13975608662874997
0.08127882715503311
0.1765409702608756
0.23224732839293843
0.09599538971945083
0.09263158687799908
0.07206684128219812
0.06682409744401265
0.13654878338905543
0.06463061304007035
0.0629665775680255
0.0835292416190467
0.11507192347804159
0.0940820197647876
0.09035124882768295
0.04857511545061662
0.15658630295878254
0.10380671087433917
0.14372442848128586
0.07185734322718905
0.03689415369593698
0.09044273404974268
0.04163016352930901
0.12218248004748064
0.04881467800047759
0.08939239813968412
0.11230332356068
0.04952781580966352
0.12313342664950637
0.11408336608270318
0.08962650476490341
0.1723001070278973
0.1028094280330254
0.09571383940834215
0.141204513581577
0.09201521924026
0.12959059986734092
0.051500680523156005
0.09705131073392181
0.08285829952339036
0.17421353959086297
0.04005918167688617
0.072705073435695
0.12405153651978372
0.10236227672052971
0.0804910792907101
0.08873851640492435
0.1367525640974217
0.151200396513456
0.035263700952905
0.05627966340642295
0.038667064628982624
0.16437182148071938
0.04098141726899773
0.16853949889633674
0.09314142715545282
0.12270160107326655
0.169781894645358
0.08770865696204058
0.06961870411255223
0.08075302216281165
0.19143806755930481
0.06958898318713568
0.046974110705891595
0.05921438708363781
0.1643646335549389
0.04737286873710321
0.10817255895406037
0.15097937022732905
0.14838696894103276
0.1284088727558793
0.06263304957807077
0.026018531257233697
0.11692099743197203
0.08894471382438983
0.14530675373986857
0.17589777088905884
0.10602592888286512
0.16824972059664905
0.09439746499357982
0.07695399277427277
0.0908768507223847
0.22858554657798755
0.16569703340743508
0.05278787740546233
0.07045597585584111
0.11487865467245041
0.09241024142327887
0.07419775184771173
0.165313706071352
0.0806932771083609
0.11338075560495528
0.09384639799338043
0.12667608266437064
0.05537295577062966
0.14179493732440598
0.10526252984727594
0.11846337699136064
0.10196839443471488
0.07347011658846948
0.10831190451573981
0.13513443833431873
0.06691466421124881
0.12523989064106186
0.15091351371083758
0.07788415946286588
0.018961301460313638
0.039616662604379405
0.15899901355049084
0.15677175466110277
0.09279875766215955
0.16586240020225068
0.1261791642820994
0.11648590703522149
0.06582966698688618
0.05234647820454583
0.1391228537877451
0.11904402781388039
0.027325580671814165
0.1564653900566367
0.08894925264312864
0.16188064875677757
0.10338069696431505
0.07900328635112244
0.04486005021075808
0.05182332883325031
0.10634065946029005
0.08486589600382835
0.11047176647599699
0.09981695414920613
0.11499931220346972
0.13885188392437922
0.13264039405338646
0.07389087284878933
0.13895579213313614
0.13247538838948347
0.1665853249334372
0.08396202427446058
0.07244944794283026
0.09184250008659267
0.07584252611629662
0.10092664540107342
0.08348475272918442
0.1870762760974838
0.10112567881875308
0.13005293479061306
0.15435948919584863
0.11974415928842592
0.0977162984584978
0.051749873023061874
0.199930717571836
0.0771785426540126
0.08743143231560678
0.07627512748020882
0.13107354566783425
0.0378693189118318
0.06570371368921743
0.0897211888452971
0.18943645217872535
0.08150644341297351
0.1880677468347452
0.10235590828278904
0.09566365892056142
0.0230906373811659
0.15031478535901965
0.09874445048036157
0.09931905358502273
0.07312339243205641
0.12184732884062896
0.1689203783595385
0.07656784798591484
0.05994520665429332
0.06804948190693491
0.08138069009762489
0.08096599475074845
0.07069387383716887
0.04355878382973289
0.08758870987994807
0.17343925229809182
0.08823757231896763
0.09278893542407632
0.0664392713695331
0.08859853987991696
0.053110654776928654
0.12006553245897607
0.12935070821149497
0.06852778158305323
0.1291281176521675
0.11086716161156566
0.18650509273214272
0.10611010452004863
0.0779204209335171
0.13113363311751236
0.1050449006828424
0.06792020603882977
0.10742049929906942
0.07128726000721819
0.09386798988598799
0.06782512595982015
0.1407351570864992
0.04712028504078056
0.11952868256788576
0.06662717237917472
0.07067065967849705
0.06375669987879512
0.057034823053532316
0.05557399825411686
0.1453597639608319
0.11546696371139821
0.12079060657904281
0.05922185171210231
0.12139928881208271
0.044227881031697704
0.10389404651007364
0.04541398594668963
0.041321967341515976
0.10925121868360818
0.16237058484908604
0.15532744433128745
0.15786660472847502
0.09158023783546733
0.049875266665723644
0.12615989177113918
0.1493509083186424
0.10428508067798715
0.027854011017572233
0.14847368056325988
0.10590436967835382
0.07117089845602192
0.1912582120559339
0.1700565637476163
0.09952265346933872
0.11177098335328631
0.0914157858364369
0.1288452407569358
0.08268944842471379
0.07975134597521594
0.1108016459271424
0.05346072409155749
0.10645452554464384
0.10591870138812241
0.09794094764027182
0.10778650162590575
0.08977060741402418
0.10505223634372451
0.046872687023667606
0.0979641643866927
0.14703033468747825
0.04284203727751841
0.0885767910862383
0.06427375682836817
0.10252861231197069
0.14864006571835991
0.10034483783096032
0.0874506727689075
0.16995803075291935
0.15805638522644885
0.11696753737680794
0.08765821608884976
0.10377995299866494
0.10614057598056859
0.1965413721925452
0.07802330135433658
0.10842078386024497
0.07566344200504464
0.11955821504660176
0.09875142331405483
0.08245620618437463
0.1513839548353229
0.1276520155704905
0.05728973521856571
0.08503926899139909
0.1193909912456342
0.1471197055239525
0.03391979745018995
0.13579414296227868
0.07642874654465787
0.12600523382600956
0.13997056214963954
0.12327822426064627
0.06746734836866433
0.056012417526288154
0.06614178095593515
0.13876769436951944
0.0722454080949319
0.0702870666405982
0.17210713828352542
0.09485690467365843
0.14094297776530004
0.11828615846470468
0.07956666180366048
0.07422965137216621
0.1085694413169495
0.08382812936564178
0.038408553571334374
0.1210142444830373
0.08928647834464234
0.058501072001333004
0.03591117903686952
0.12032430019258104
0.09498588460234424
0.12670311424356803
0.1434340228494755
0.0703617691151953
0.055676813098386124
0.05201925578398054
0.09612946719976054
0.07180140278014739
0.1369088640259063
0.13937439717494207
0.05414307054972561
0.09716954623024933
0.12472628539590754
0.16212094972831373
0.11224259641427647
0.11689855361969008
0.042778895600243956
0.13276933749856762
0.10522574672380339
0.10598530854941772
0.0890407697178042
0.13589790352659545
0.17970215368349912
0.013601686312353013
0.1400945554337586
0.10235035171696681
0.11706173725758874
0.07995756618644023
0.06784048562103853
0.12083135368268336
0.08087513587926107
0.11040157562424595
0.09331704879101563
0.08280218780809499
0.10740006384308486
0.18267359989280213
0.06839657757234482
0.121019375130185
0.1055042709120336
0.07612469434926175
0.07439431485500224
0.08597334123566774
0.11588132835951621
0.08905692739026512
0.05999511361556122
0.09151050078567471
0.06611060115198437
0.10709201525264496
0.09689310730032191
0.045072354826600575
0.15622861380681385
0.06064331532031369
0.018588321207986137
0.10246498753733618
0.03039651456287966
0.10565924563693566
0.08972453355058908
0.060391553791706326
0.1481883701119238
0.08533060406568731
0.0582159541361202
0.07387810157111324
0.03528176409056431
0.10618637957296406
0.12683462687563957
0.03339666854772533
0.06858353246543189
0.0832683294548476
0.12510522048077768
0.14225681829597972
0.059223165426468924
0.09700521427815284
0.1480420466136995
0.15436808307264058
0.15594198698153997
0.11610758963909115
0.15549807909761068
0.06959626196689053
0.12084086388419071
0.21775368797237601
0.10680942187053287
0.053942364725114926
0.15552702355042605
0.19298721059371676
0.11477540889817053
0.11983425566336585
0.16269697351919915
0.12014141753618603
0.044110175354005784
0.10921821430326893
0.1203533734295861
0.09382262861250827
0.05601564476058987
0.10657749635602161
0.24782288310427567
0.17562755452224513
0.1458513928609303
0.058432748207721756
0.03620811034655554
0.05148905749476389
0.20968024280354358
0.09885781327497424
0.08039387615818433
0.13353029399609476
0.04314750519496666
0.06203001128456835
0.1106344654479708
0.052877327845173655
0.0897990453925613
0.11467161489565267
0.13754370409364902
0.0441068546798835
0.13345023007442225
0.08908595381843322
0.10788241638865212
0.10888173118157339
0.03179727864820203
0.09082486944646986
0.07499203827589081
0.08401143766213076
0.1260967317720543
0.07538265088629593
0.04060755143101174
0.15791642099051842
0.20084361637219691
0.10503282025299321
0.0703531691570201
0.061013676003330894
0.08032771891009649
0.11213254472311843
0.09743352740832344
0.12304210100669961
0.08176599192454463
0.07957779300151865
0.1146128858769189
0.08802771580954077
0.09149549225525258
0.10567806070512652
0.06610791700172412
0.1099036031188585
0.06926722481488658
0.10883134857917845
0.0944326913939497
0.08906925299646656
0.11941930966360816
0.06144542639086624
0.07251837704526448
0.10740535609939646
0.11896583670082168
0.11627485152223076
0.1049184713970766
0.14016111588068553
0.0992239921111753
0.15904864651929565
0.08262609599509292
0.077438844015468
0.1923501969413293
0.15772823087737833
0.13357666444193728
0.057262875154029884
0.04596433103975606
0.06631347282657721
0.09503238995085592
0.16741670819422053
0.061300417234361956
0.14858450351327201
0.07350925376978884
0.1559004770142399
0.13107814870079357
0.14608600310556089
0.14414472025037514
0.08377640273860544
0.09420003963952246
0.1480347945840653
0.1399238571068593
0.07085658826107111
0.07219148178188536
0.0717717963270713
0.08208298193537594
0.05226441426161438
0.12464277764929808
0.0724538534902452
0.2124047060844463
0.033947373669602356
0.06686456590235171
0.06665937213891368
0.12444214216554698
0.09057378662804225
0.153879463856241
0.07046375119924109
0.05256694594201026
0.12054294934131876
0.12332461798102812
0.06875507627032387
0.08081962678040766
0.11272525111988821
0.05875222890847091
0.10954755354297978
0.226046142049843
0.13472879267581855
0.13229554332661247
0.11256291124761611
0.09369369940616767
0.1875349994772427
0.05714927883754157
0.16480994046157801
0.0572538852827814
0.11107568731099111
0.13266006747854972
0.09044163340256461
0.1322143047473814
0.14230921112351652
0.06487583737109594
0.12154420082684915
0.05092966170381557
0.052575651150566435
0.12867417569777437
0.05515273295004052
0.08262844786568585
0.06432789477796771
0.11508396263423266
0.08146232023982235
0.13583123125107174
0.15948782356034982
0.135187275498874
0.17423866594847146
0.12672198972623044
0.09202078925108832
0.14565000885099633
0.11125171506330427
0.057694674198590305
0.13358303006181607
0.10015796631026695
0.11394319880112495
0.08597746649905522
0.13485921541895743
0.12577321455636725
0.20551413050302123
0.059139086790197366
0.12761695304326653
0.11100118607027543
0.1940134933467614
0.10117375793638912
0.11664223893268413
0.06101985794036419
0.08045632304483545
0.11055162212127731
0.1614085284801764
0.13876286302686922
0.13886935162905403
0.06185290424409398
0.12190776607520412
0.0823326408239881
0.15778391045987222
0.10193265130523152
0.17601095466106975
0.14321427565695433
0.09406703948584066
0.03496746768122931
0.07221949667424618
0.13800713806064388
0.07527893665346856
0.09277325287658633
0.11420368315561752
0.12219765176012166
0.08701509386429122
0.09143175191466223
0.13916334957227433
0.12070064841396486
0.13306437052351583
0.13044709004482932
0.09854931564249522
0.08187067550117579
0.13244515859868697
0.16430454811381323
0.04365739199625088
0.08197428475430771
0.05487977371136224
0.12528469510586634
0.07686667840416904
0.13127627017536614
0.12634943687332773
0.10019369291283882
0.054850648805884965
0.13762730955334168
0.1376276954091893
0.07682886114938073
0.07188650999452409
0.11611330196255229
0.11189875997983362
0.06617047444239345
0.14758029466043984
0.09133418948224994
0.10656672854628241
0.09175489412334774
0.07819136161991588
0.07913716022163517
0.0906853537573183
0.07263578407276142
0.055293478372208216
0.10984002130220119
0.06695303927625498
0.11220891002168609
0.12528162544555038
0.11723820287068923
0.049182455503146864
0.10583950568835035
0.06192617846775153
0.2693261373524117
0.14768182171640726
0.1489019908233338
0.17520640332139173
0.11329957692430066
0.08474914506340905
0.05248736705937777
0.1400340222705425
0.08695916239104867
0.15622965208143594
0.10338741440876192
0.2135438570503233
0.09819114941086998
0.029985630719189412
0.12317343930346311
0.14040703774179356
0.1203877164042234
0.09914954734981535
0.09570957181918069
0.09563702362421489
0.02714606945305472
0.08551956062195135
0.12656910904249707
0.10612934351534706
0.05135746506125773
0.053187609175820605
0.13546715984467916
0.12805729022507265
0.10671201402940023
0.13128925099730043
0.04797457222621268
0.17116947706951932
0.1181802800323774
0.10060693801449448
0.09907790933805043
0.11900997965255022
0.1444556260153857
0.1009762846184913
0.08618046966012204
0.09962942460939501
0.09186262485639721
0.07589060618588803
0.12128515078518076
0.14182463149381802
0.09310977210203106
0.14597064015888334
0.06674293155601164
0.09566508363753734
0.1581756469137867
0.05114275189567087
0.09159381636586626
0.08342287743174061
0.15515098725207657
0.051239542410924994
0.059386387139781345
0.04860119787960898
0.17474640111536643
0.1424988282937532
0.11573816063343335
0.09252072690358505
0.09252646815596566
0.10081074439427637
0.124648176316668
0.03284977701654653
0.1064486215610461
0.1013031107320897
0.11562917585122642
0.1330729657920076
0.11007826267431275
0.14946717356223946
0.03689204411750407
0.13921430025761558
0.05868437284333341
0.08992923853902682
0.1450817919320307
0.16376805940860992
0.09297428708515891
0.08664898674294606
0.10574413303382965
0.15342090077312584
0.08734034212435073
0.11300230405991432
0.08780260032629866
0.1113735246094346
0.11098101749325472
0.1135261306210616
0.06309418554241665
0.1005342914457398
0.19991523221458493
0.12815946355207963
0.1318080141785831
0.03866318496646542
0.18516753542991282
0.10325645274546079
0.09351662993537252
0.12924816583198695
0.07041280900015452
0.05769027459263507
0.16291110472359768
0.06663149125228494
0.1369479837037209
0.046127978833615135
0.07526183147180339
0.0537900388252239
0.1126827058668525
0.08665822148886983
0.16640013163276968
0.0870778043461667
0.10177800065463696
0.12442676625121143
0.12236035779504358
0.09146184897760466
0.09784249687311228
0.17861069856602665
0.08420045897085343
0.10402875253050715
0.08402967559328285
0.15931353536141557
0.04894537195453411
0.13542976177834057
0.10012812900532464
0.15311283740796183
0.12411275631712415
0.04644749098019164
0.10861414447808712
0.05822735539833279
0.13260646753771252
0.04466270630171122
0.10173391921180479
0.06210881500335361
0.0398155561423711
0.12616849294895235
0.044032449170191036
0.10299810899908658
0.10869072014645878
0.03987593673718716
0.14522089014517736
0.07313871811070165
0.08789741370011617
0.08032667461483577
0.08624398408987126
0.06404879834362845
0.15156887296604743
0.13858877881597528
0.06690241177080539
0.05148455490485779
0.06416511729087837
0.09807010461017944
0.10239460367204746
0.08968386810070227
0.11747305250587577
0.06399331821632635
0.038221024327452245
0.08670168054369856
0.10449644811335483
0.11557308555002108
0.2006042769668914
0.10237558960345909
0.03586920757473603
0.11225200267896498
0.05334368233407729
0.08353488826951742
0.1120168341074467
0.12866977095149043
0.18405928284887302
0.13906375268265764
0.11733876491943905
0.10995984569951227
0.12314285147594106
0.05346096632446722
0.15348919984093176
0.07072865693333023
0.1734540592290372
0.08031246016459324
0.02578739744163833
0.0754125279450025
0.15937938595782464
0.06331502780763444
0.07334615407293375
0.06798423857399447
0.08731713172574984
0.015144192277782992
0.07525256578126552
0.17417580419355394
0.0919080055629564
0.04181340473156845
0.1340082407297992
0.07309135966970104
0.09480503670612996
0.14174365350724544
0.12453196417840617
0.17689455624858064
0.06430819346735901
0.06964175502307174
0.09429096326048139
0.07532041346371861
0.13840415492093344
0.10438520169046582
0.06537817031175414
0.07766703342339867
0.05352941405496051
0.0974465717944001
0.05950543052881427
0.09923901748336111
0.05743017865778955
0.03702789455931721
0.12991306429400773
0.08494107144540783
0.09467853334218199
0.032845743269962896
0.11580214154544062
0.12709749542514573
0.09914040843421947
0.08067727522299217
0.10471622371163222
0.1668454202799719
0.18537383426006726
0.1417385385648917
0.09604025392640475
0.176302895356072
0.1991008442898371
0.2238289175314552
0.06309134051065832
0.20034942204221587
0.1401431890205819
0.05439620650007031
0.11127239574610862
0.08916101578427309
0.10398629135096285
0.12733607823437995
0.06724495293740669
0.082897151132473
0.1806558394414176
0.1057715705654728
0.14825436800790961
0.0724112690929242
0.11290199872010732
0.06468809782384016
0.08356310999752027
0.0999361827653157
0.05891633374703366
0.1541029112026853
0.05848498335230417
0.0681757302443261
0.08110615819885396
0.11177980555928205
0.1012178773654645
0.18300469830035435
0.129028106514287
0.12837471353232666
0.06607709695344686
0.07664957398725271
0.11545161032976989
0.17991064751358407
0.0834902528164217
0.061462705170286194
0.2047449809190223
0.1324638754835376
0.1185174148555224
0.1110017395091901
0.17375100192936171
0.1275244454362478
0.08161919216255335
0.06251740349864587
0.11022321445098952
0.10816305106483422
0.08567768799799945
0.1332211539943391
0.039358915093526514
0.12457504993249904
0.11491669902518768
0.046888574924938
0.1460776399510494
0.0902764114757192
0.10618223012566436
0.09054942746888163
0.08169137836411984
0.09525595554747338
0.11400175773138008
0.1105366101847868
0.05877167055325057
0.05898211587020933
0.16552304131908824
0.10562858611971783
0.024160194408183424
0.0581201393401994
0.03642567664626179
0.08808078206401776
0.1144012120612853
0.08792546025555426
0.10431125509711364
0.09081160439467152
0.13676401643868155
0.17564766794135694
0.05283456103708955
0.12925801227834424
0.15080194997597235
0.11408792696564483
0.07797826317982373
0.06512105407763072
0.08021160030857431
0.1476837979940759
0.06446519990682296
0.11701553672282371
0.0709593495506578
0.05449478401617902
0.06496883170060527
0.11083677562744779
0.054885217425715026
0.09221290775131188
0.07197121570719069
0.12082674387286649
0.1388460365256357
0.14960089579164268
0.06234267369558733
0.05636909364437874
0.033321780308952345
0.10997490499217229
0.10948561914693776
0.041669051051900274
0.15843606953056147
0.11245259665741113
0.19863037925558785
0.13139755605609071
0.0931674748691064
0.0729521364385173
0.1213155588567882
0.04765684995633248
0.0994225450082365
0.18146067054002174
0.1258587563674266
0.07217726859547989
0.13437228869992376
0.03680523609642978
0.10155149922113989
0.23659375632097288
0.07396249012126158
0.22776037142455363
0.09781538270952275
0.13602165373907818
0.07319872275173125
0.1653622170983581
0.15751570725877617
0.1283113623719791
0.1016928597195067
0.09237885731011876
0.06388942695821194
0.0744052853933595
0.04204920080514668
0.0325604486570491
0.10832501434875896
0.10257261569662177
0.10984031005557914
0.06560871152303445
0.06716584407778589
0.10908910000879307
0.06797223683160528
0.11276365703255346
0.07925934957362794
0.1752103112471178
0.13726930019625114
0.11112448617579004
0.07351811885662465
0.07882231979298504
0.06998549942396563
0.10442538147614289
0.11234326612305771
0.07334292827151248
0.18164394275396845
0.16712181161087739
0.12845251548827463
0.13395467949593926
0.2049206546308961
0.0678955635787331
0.08099622828330783
0.11358322609846397
0.14998708601963887
0.2118531342764321
0.12363341618203987
0.14356503134091952
0.09958052791475916
0.14303530213320728
0.07451197457670623
0.06594845233727234
0.0888688697683093
0.1244104173303372
0.08252998353378435
0.11289020417704995
0.07967940044928264
0.08784451245817279
0.15980834932063134
0.0758140040729435
0.16537774887209428
0.09940884395751057
0.09888396644149969
0.15626994215329984
0.07138762176459694
0.09446180542999229
0.18021686090500932
0.10469612369876032
0.14854871939862271
0.04730907377780921
0.08237470000215404
0.1010172865668789
0.01776619699189551
0.13829087636758425
0.21164587011394384
0.10819926403132703
0.15425820544464025
0.1338563447261411
0.11929501731474254
0.06961978269740074
0.07752256867645896
0.07634829999361586
0.09667667383437284
0.03734033747090465
0.09481026923669662
0.09347108583042701
0.16820647218893492
0.11424599104492868
0.07939966857477324
0.05599145645617783
0.08298526140671815
0.2697157816441185
0.09332088966201724
0.08507373882961673
0.043312226534852685
0.12027293533515168
0.15036952779185617
0.07466666179635945
0.12964495679462779
0.061551664948633594
0.23967549045112266
0.07038439285376973
0.10834376887540548
0.1192079688677979
0.12804295677307898
0.033586778799008996
0.07814829057628704
0.1140187005908328
0.10332408131821116
0.08152254753201936
0.10884550523535248
0.151451851218609
0.20216550791407975
0.08175504786875301
0.09671105613539424
0.203308137806721
0.09736381539932462
0.06616747011353329
0.1018602046655474
0.148936582202079
0.09119061020118117
0.09005360703461505
0.16091648583300344
0.17170094991352677
0.10834899718704866
0.1360837632643696
0.15835291710239313
0.10337631185174655
0.07625066028560358
0.13947533070178522
0.03977560780321168
0.06151178569585997
0.14086520318758713
0.11424307801528641
0.11991431427261744
0.09848807404471183
0.03235512624925732
0.13861594321506182
0.14493200858044356
0.16467890081960865
0.061015044686471114
0.032786706920549885
0.11294445445899165
0.05497273730781019
0.1010525069869162
0.12089346416561973
0.1349688247732214
0.0630530885566368
0.12128318718909054
0.10585782731933664
0.10099091755678984
0.12496529438208998
0.10636486341119017
0.045036298605153124
0.09525825466803467
0.05095368617445604
0.13321596329254984
0.15994399304602552
0.08027314221040674
0.08565943404412259
0.07037160072450406
0.1598318976400477
0.11218358671832629
0.17554404888776215
0.10934016175323581
0.08864749645211073
0.0658759326845979
0.14760088677797467
0.0707213894233762
0.07221530104082492
0.07808141898137236
0.17313609991745058
0.08441264252457197
0.16064017153230503
0.07670323733485372
0.1262630371635447
0.08269047576655947
0.09632753270570564
0.1088225968821757
0.0894092360662695
0.04640120979597244
0.10452838761005828
0.15294168511869696
0.19104126732580434
0.08443316865054279
0.03798739068982953
0.07150186548376425
0.07953436610323839
0.13949755358637686
0.12527420063283806
0.019570297635674576
0.11365062676807602
0.1541245215132339
0.05488205430630423
0.13343330840245404
0.10864730105094653
0.07879036561840391
0.08989402750303573
0.06084299449388506
0.10501671507431536
0.09291566072929279
0.12237611660441068
0.12958918924302934
0.14760686749029892
0.09265037148165811
0.06477550257472013
0.1444086984962124
0.040935779853093976
0.08961504211619975
0.13922441701938013
0.04236129186194842
0.052141462892139286
0.094994399209034
0.1321347199799929
0.10155211011420727
0.08978764983999525
0.1179069605940501
0.1629492230832935
0.09894384234020306
0.08531331056301202
0.04816435416596466
0.08793101490426743
0.14094980674175447
0.0371741638484327
0.12735346952179252
0.10171898617014981
0.048513010827744875
0.16729104696963498
0.09872130573733305
0.10675101592426184
0.08078266286571284
0.11982614743019702
0.1734207902535154
0.07245860648455013
0.03789925925769232
0.06971749460678955
0.18505097702170667
0.22528562540008631
0.06794446861345053
0.09993659151873494
0.07082110432274187
0.17438340947603226
0.10778569508135949
0.10594215875420748
0.0828443712798814
0.1203690372524825
0.10180885882165291
0.07690836181951712
0.11479915553069973
0.133390973787281
0.15799103366713493
0.10582622964856693
0.07408817259401657
0.12738336942617157
0.10214870863202045
0.06552874727762424
0.09230591686532508
0.09817655724095026
0.20275657053445123
0.1457589514188218
0.0669069549820167
0.05896432482013586
0.07449421793289068
0.07559425689013456
0.10187384573735433
0.1472747439323218
0.05840167417720812
