0.11220518461668937
0.10808349690198142
0.054462276438947514
0.16237962314930693
0.15161229915940005
0.0643184077554672
0.08821728332177439
0.08941937874221109
0.09138507409227024
0.09335058224217502
0.1397593804362925
0.20441834251231727
0.12760569652782167
0.15488495075801093
0.05293339186948123
0.10348512827699462
0.10321964338068988
0.10924366932992527
0.12891107758272768
0.13915642892672256
0.11448374077057237
0.08830551344050191
0.14423673368491965
0.15084778454346645
0.08510232842257755
0.12602892296343776
0.10148636213986932
0.09124960434589596
0.10736849285105877
0.12624133355743095
0.13642717374689317
0.10810390905376928
0.13808254108891474
0.15994802805254565
0.0459024935609543
0.03782020320300427
0.10068650909387983
0.07374850256851728
0.09161308494525601
0.06360053733094022
0.098592348174674
0.08377826254770547
0.07101291570093958
0.08574530298979513
0.1652184346679309
0.09867635306921156
0.11731786716518887
0.17261967746690077
0.11127134579853885
0.10814890488387181
0.07339979757266454
0.13385687600416918
0.1533394299100004
0.05229572650924892
0.10560009705751916
0.14471097257045498
0.035248548391187004
0.04285781495718891
0.13050772540140604
0.042638236229423095
0.1823104623612381
0.11444567766399066
0.09872497969429825
0.07562160182280993
0.050761212782344224
0.1600453767887721
0.07996126715926656
0.062052822084004214
0.041390420185573686
0.05817175636503185
0.13541957407197205
0.10333084564313127
0.1622494809083271
0.11204725852625019
0.13601314738874953
0.14839945443049027
0.10887276995314046
0.08585538759591661
0.10398974832074914
0.10766137246592218
0.05892486235752705
0.1007084018011154
0.11083072566489038
0.04273455229155668
0.07413473325767761
0.0546536495095273
0.07581989385265275
0.04085260856441858
0.04899085783856056
0.13005455334447968
0.06802501290599294
0.08922165285631618
0.19850664065227117
0.13912832675237338
0.07212063587954286
0.09574541212357852
0.09167593309838422
0.057016782199394364
0.06629928373652262
0.04729939197058055
0.11447419960416778
0.055056499455430695
0.10353931604583527
0.12400084433833834
0.10576657798660348
0.12594409081304608
0.12739938476260737
0.058711163674420044
0.1381612964413745
0.09733688237468513
0.07544980183438
0.14010329847648512
0.08945354312216947
0.05860585461723781
0.1018914621369514
0.04639196565155533
0.07166897259518769
0.026012713298565367
0.0625894584769069
0.07973219291900493
0.061139405252345146
0.09251161244514575
0.11278023802626191
0.15941255090149542
0.04323140545553734
0.13113764590725052
0.08981606798928328
0.10881383196877903
0.1625365927529996
0.12280388782264143
0.12281761836520376
0.11106930400215753
0.09163133638207203
0.10744385051049189
0.07500839330195065
0.058904403917259686
0.0338818129764765
0.08869818435316007
0.12484105896964526
0.0528531322539603
0.09539126146896945
0.04570944487850821
0.1475175725344055
0.118820156678583
0.06418930392368932
0.04716918698122747
0.04924385199914842
0.058773034481778876
0.030048461002689854
0.08580797521577412
0.11160780483068447
0.08664307436105073
0.09830468243046177
0.07491328900192598
0.1572139202918488
0.07495771152743905
0.12586511187764993
0.08038810397515343
0.08118284284630782
0.13611750316440843
0.07945764829634767
0.14352819208442025
0.10153899466926122
0.09691667685550849
0.20487114812902524
0.08322268999426125
0.13119458503056633
0.11135434948743436
0.06740679385765729
0.07381867658698758
0.08873411447879238
0.1910452337179932
0.08759906558597433
0.09221188852973446
0.10266503409053246
0.14708732030129995
0.05617347451759591
0.06149607783245315
0.11789620236161108
0.13366646630089646
0.10877511811905773
0.05921594160368915
0.038526614895903255
0.11675386873491915
0.0893779386486361
0.09181690874202215
0.2697102776950924
0.061019718316633775
0.1588876949281627
0.1426417203128082
0.04516120367955732
0.12947835294801216
0.03613462381027198
0.10565051215913543
0.11403650899852241
0.07189524497951487
0.14055229419786863
0.10018089369370672
0.0794977058585875
0.09019794795188088
0.07908708176149969
0.10105295515480127
0.1718610731694981
0.15258635113518787
0.20043626342156484
0.058006049065503815
0.05829228828143989
0.08252634078334721
0.1597254508271632
0.10283418859226927
0.0839662891046563
0.13281608148281498
0.058785279883053015
0.07639966318640286
0.09535949163353111
0.0658664747689925
0.09177214100274438
0.11592806082416666
0.10543631158539629
0.1344651918692564
0.18293035322874363
0.1471301658921005
0.0729249539260595
0.11074700727610001
0.12826444715477853
0.09834189290212067
0.13871905755404315
0.16962576979805868
0.09699927286351775
0.06888388891783398
0.08748782460753564
0.1398758498381302
0.11915213475249735
0.18437080904447084
0.16482756514928337
0.06277296430860468
0.10517766801904789
0.05301383131720888
0.07712363245090335
0.04830136293798508
0.19185317382141512
0.019433669773448268
0.08865782751480658
0.13071155064699652
0.1299988322492379
0.11664875516421948
0.1056891607953385
0.0699671523933021
0.06824131699989819
0.08193763680498177
0.08715242857659322
0.10590288007218415
0.09089982133823314
0.08108165264644852
0.11843063955501107
0.08017860824043777
0.09338732545720735
0.087328507435222
0.1143334930422654
0.12421178799869075
0.05133502664216137
0.13282690772344974
0.12855877816439504
0.1289927331459825
0.13199697191756649
0.1754589675690928
0.10940249793133446
0.14020811169853611
0.06588405247658562
0.13315778898415584
0.08552005485304688
0.15751001093707864
0.22500580697769337
0.13953802098475454
0.12246275710594437
0.0893569967956024
0.16526481367316
0.05874598797107577
0.0799539798179442
0.20283581740652595
0.09033298534733787
0.08734031658047564
0.14819860255200074
0.12243164325909328
0.11538896655161617
0.1053433889208252
0.09885377024750913
0.06654072530052992
0.1249011663890527
0.08242510681717743
0.08697074352763608
0.06617320514878998
0.10475183747622999
0.09985616916371566
0.11779530891615275
0.04072169584516665
0.07821207731523125
0.1411888867556434
0.09924190716971955
0.08269292237330642
0.11405339065761762
0.13798668524411356
0.09227898404969032
0.127215114824646
0.062435954141224326
0.12001263639262445
0.0628696254950775
0.09906263307822172
0.14358698037035142
0.18099485255072054
0.08983082402499812
0.15773025633965534
0.15361371917813643
0.10312085148185356
0.07647304300138963
0.050665338707775016
0.13841725040916292
0.08160270755467754
0.10422594229714717
0.10573653225891576
0.11835808245515174
0.13511437787018166
0.0611905944493182
0.06374001192327637
0.06908444357333726
0.038338856601670156
0.07743236562049506
0.06639265060149457
0.04040958216640455
0.2108543719636958
0.14363438723918273
0.11879087802486127
0.0797594495547182
0.06464110158058782
0.03264314809383795
0.07963856163355776
0.10046086001853978
0.22494996634063996
0.1425279562710677
0.11517656644458824
0.17278973916474005
0.08003934621047482
0.04114918866135962
0.15097933473606118
0.18488012682022648
0.08351717389914388
0.10821027058756434
0.11246173123139429
0.06993461322972785
0.09939169140813428
0.10697047079310551
0.15066299146738693
0.13207654864021567
0.08315032850582577
0.10588075652635431
0.10163906036060812
0.060572146159322354
0.127499678728258
0.0985100753649093
0.07127814840741821
0.11081899570225297
0.121316550778652
0.10598661442250364
0.07738389186580585
0.0759717931356017
0.044498533713792934
0.14941233102899484
0.16565431984895287
0.08145047602333906
0.15297713492097403
0.10718981861199525
0.11490799597896546
0.07952249191689453
0.17479884556565473
0.06526730462559731
0.0997170084538209
0.09071427397072371
0.04689448367881369
0.052608647937485056
0.1974067484764689
0.09869686542363998
0.08939348762315602
0.12485740876694061
0.13932121371434947
0.09208532552026835
0.12487640423968362
0.05161112376662918
0.15940035795049604
0.11925130741567484
0.13845766078728958
0.10546276448744159
0.058756433166907436
0.06551935085912615
0.06369162553473447
0.10731386938519448
0.07797183738097703
0.05476094563071293
0.08763602332199358
0.0642650962695782
0.21248119630443033
0.09505064176314908
0.11517115621657584
0.17465020778716636
0.0909276998124777
0.0984524335281279
0.09581064650778424
0.16687332442578331
0.17461183531011024
0.1259801782264579
0.06612170232677954
0.06531422658119425
0.10113414972981752
0.1062942506804459
0.0942239845933073
0.1566178225803115
0.14247899727882182
0.09624514040122752
0.06364412112764696
0.0942855023294977
0.08294672997362432
0.10639249233496667
0.07278880245331687
0.11849653616817281
0.09226652630212842
0.09704358206459417
0.10155324296579087
0.14525612905593777
0.041982317581909685
0.14262912411935058
0.09189091620314692
0.11716210707184622
0.07558484588640066
0.05641203998802134
0.1258141752580923
0.10132471085215694
0.07507572967292402
0.10083722786490491
0.09757454360961922
0.12834706147888914
0.09526140397246495
0.051555783904579294
0.13817957597655403
0.03166084962613015
0.1075841447392465
0.13247733023588573
0.06076162413682241
0.05181189866650207
0.06283282243091512
0.09237204999078631
0.1164738926500286
0.05073257188721764
0.09879455640112937
0.03886093859546661
0.0719427763958886
0.12164651497468015
0.0738722279169355
0.04865421426812573
0.06467674090988579
0.07569729919891865
0.14736685852583536
0.13714576079461865
0.09794482725503426
0.12561827370160897
0.1133644688737897
0.16728490156719583
0.17053884248171094
0.08161138521975286
0.13137719323043318
0.08912079055216343
0.06855363914152252
0.07285241669225768
0.07979548820532055
0.07276894366068859
0.17144298045815573
0.059600708809040684
0.13368469583792014
0.044471523323568345
0.148712897716083
0.11561377493004137
0.12283625597805294
0.06407824716058422
0.060173851588919164
0.0559054621040617
0.11355052164408322
0.09002226865448495
0.06425886537467553
0.14956229651028022
0.08020400785323231
0.12046896340194438
0.1253170705356746
0.09271173704781684
0.1121705051254987
0.08200439361001918
0.13325281276865567
0.08239358929611157
0.08100737912650786
0.0440313601899684
0.08046977897280322
0.10902300424017841
0.12000965838224173
0.13604439842203678
0.0845235322114738
0.13306433502815265
0.13978925120253421
0.07270947287390202
0.08934085767171034
0.14128089095124508
0.09603454613121788
0.07154079389077579
0.10409580612916769
0.08175482101684578
0.07016449567195346
0.04382652354720707
0.07133988384830298
0.10119971660024728
0.09443193207444937
0.06149772686037496
0.11988689381789926
0.09026881803155334
0.14128947859251748
0.03322483363883745
0.12816434817865582
0.0394303862561005
0.1271386384739164
0.161159804109885
0.06648932358189082
0.05477046924244818
0.03965745146067215
0.12204535948436224
0.07208504523669361
0.1783365681877573
0.0977027948648499
0.04290104247945799
0.10689713266194573
0.1473966228654248
0.08396074145342472
0.0980757191502785
0.07675313987860147
0.05207869928354294
0.0629201823180476
0.0763782884168883
0.10187087456734824
0.09773102059634829
0.11629853017278124
0.13983011734856338
0.10554569440893499
0.041809542770554264
0.1283112256930465
0.0854149198556132
0.17371485291128697
0.03583406865156516
0.2470310270463931
0.07762025290930509
0.15763184572764016
0.11348800728928338
0.17525966203804175
0.10403573380271279
0.1751936204133834
0.08039451859587578
0.13297456730677323
0.036211419817645994
0.07282251628663367
0.06320642431152722
0.08415309535217248
0.08017178867780515
0.08065588304894976
0.10996212121147435
0.03667047781918138
0.08755139697539296
0.08024086637024153
0.15539014441539187
0.1649067761065124
0.06585166508797985
0.03691238070408678
0.136335836671374
0.10593442382353717
0.1895861785933118
0.0882582357401716
0.14906676265583957
0.07366990106040647
0.15303973611852315
0.12027167867149323
0.13865492848627445
0.12639043395529032
0.032311085097403394
0.09423318737687775
0.07638293455226715
0.11057916271274204
0.09918845200042178
0.10404009941621636
0.138362992847603
0.10646606861002156
0.15459906323692038
0.15754785624054837
0.10422877754349667
0.09113985449137672
0.12269616439838232
0.0332900120264372
0.06860112571523756
0.1868071927349334
0.05088985494699875
0.10187313742494164
0.0809041489017955
0.1737804801221176
0.07878635905649675
0.11241013269766216
0.07894905571248215
0.100139585478362
0.08755463285982339
0.06110633176372122
0.039800505214090565
0.07709987476706379
0.08047558241034344
0.16941968409584615
0.07438240409079921
0.06517253418135428
0.08932991894359685
0.08636059453810314
0.041412874550651665
0.07382485497007
0.06055225793413413
0.02990950042848674
0.08855803807154129
0.15614925133508661
0.10009091185015247
0.06744129268313744
0.17502231249348596
0.14769963565022157
0.06574749353106818
0.11167487522922506
0.09314997131813463
0.07156099772647667
0.16462099527908064
0.0841990155097543
0.1291222711363244
0.14894832695251436
0.0842897563280508
0.055627969753633336
0.056759256048153024
0.07637173460881166
0.043921079632618494
0.09392189850359199
0.04834756914119252
0.03772308550801006
0.11232412336485734
0.04765929086247911
0.14889725617580848
0.09802505261373523
0.14572430484350007
0.19797230730194196
0.13199416772902373
0.03254811564997293
0.13438335782380498
0.09233287039443121
0.1355178726677449
0.1559419918412376
0.11805080729320121
0.1281210219984651
0.14395005965943336
0.0625633549982638
0.12081516715789904
0.08212130019970948
0.06118952223183494
0.10465847093989471
0.0946649366853758
0.21070385356292798
0.015053749090778841
0.05480912673741267
0.09970017093715731
0.13303137028920475
0.07004228985119378
0.10572200600214714
0.17282237044990226
0.13826833324637697
0.21006452910086104
0.13125176971605249
0.12504372315587045
0.0337301507486008
0.22847258696446188
0.09082195916463465
0.0622162800555091
0.07009912540593694
0.05514496819005121
0.10841867943760221
0.07068295931108177
0.10941008208463804
0.10192674820726416
0.11702763298836456
0.22294724405102678
0.08017042033076366
0.10362388183091141
0.0675241082499718
0.10985213569832827
0.0665309541281275
0.1292493621553427
0.11301929023664321
0.12946708314233324
0.06768120192257861
0.07526402266197427
0.10942585907252997
0.14423632200644737
0.07195806331409461
0.10542434985742136
0.10027256231938865
0.0743803190701871
0.057035589176495295
0.13860570935373698
0.04839225795303418
0.06939099322396637
0.1449229682766115
0.10763250240691825
0.10913244729509189
0.05393214777907056
0.06780107194625147
0.0820391408038311
0.07181245184692639
0.2077351062515276
0.09759629344392934
0.13284724067255932
0.17090119264412718
0.11078573025199608
0.013468538838924224
0.1281658280419572
0.10197088914299261
0.12021716627247389
0.20193091556103568
0.104490580049627
0.057253716648017705
0.14728198843191714
0.08616002193180089
0.0875552213067796
0.11211645618327568
0.21786977119270803
0.15682623568155035
0.11200588534310063
0.032836839177939996
0.08310487653364433
0.10512300798008213
0.11139958301689955
0.06334574644106324
0.03277132237543745
0.07055773584750864
0.08934120104910087
0.09890841826350383
0.14738573276841296
0.10383137230807482
0.11312882503144393
0.11380155063311531
0.09677637178610204
0.0528310183288228
0.11926174579755684
0.03918704846249473
0.1147727609414501
0.15902017714405242
0.048274969426858785
0.11061496197164546
0.14476579265968165
0.14172932849233533
0.10224739540032594
0.10857237614814647
0.0958513099116939
0.04312095007331665
0.1149216355061513
0.13266944596134247
0.19612471420038669
0.14262388149945646
0.12687457421217516
0.033393974574199174
0.12465028572853915
0.10272669349680459
0.07050045926869475
0.08083305521103057
0.05363322391741594
0.13242999301950628
0.09528601069022795
0.0670244519184877
0.1860580858380067
0.09637648375105871
0.1799757556332625
0.06730984705673919
0.10540716577010666
0.06765102273045832
0.07182144149853277
0.051811057644862206
0.08589196033241875
0.08492307976830905
0.04618109481188018
0.10128917253446272
0.15160569635616583
0.16894646544523825
0.08263217629336765
0.12419008661730896
0.05075959319103997
0.13684011431494497
0.08216361413972999
0.0969833319146818
0.07633011012032688
0.11166935053740949
0.09990760454025463
0.10077852181000917
0.08663069515437156
0.11634317208823124
0.08080066753329063
0.10658847532732654
0.12077188906717189
0.16604046723076218
0.02691745221752088
0.05384048010385507
0.09149337761731355
0.18766557015499402
0.11665561523725113
0.046686082081036584
0.10120402931525047
0.09011370329496218
0.14931659599742964
0.1417317428913826
0.06178387525132497
0.1348379650406748
0.07921620266740592
0.09101392239543167
0.06601729804087197
0.13439098710761405
0.07902458088374784
0.1868578090382951
0.18093491366791573
0.138819550190016
0.06923328435472063
0.04350722448911802
0.1383133556648418
0.05817938472505404
0.02578753352073703
0.15920861669426672
0.10766988624926827
0.10546611947860395
0.03717230525503664
0.06703436148037009
0.12471272130901502
0.15411393224616185
0.09835714272914005
0.057810777662629674
0.10489800438978492
0.1103965838066766
0.0663303534610034
0.09163310216941228
0.12945953698791146
0.154622222969941
0.1387042563996575
0.09150024729243618
0.11430194328734351
0.0943272498168264
0.08166045921623107
0.07722306022789845
0.07224743290700823
0.19861028071735554
0.1347922301636856
0.07125954698438555
0.057450496375693515
0.1182374686579098
0.12585517302938756
0.07305991019528774
0.09683629342733875
0.09531204861394309
0.07607853584351809
0.12660973235614228
0.16190023212932814
0.16166016550307025
0.07210540553718994
0.1500574603708537
0.09872060700252432
0.13171489423001417
0.10760570736024527
0.0990513002775055
0.1428696972256569
0.16068134929987543
0.10112585453026417
0.17361035190165586
0.1445861390582202
0.16344696974611958
0.16531011320916353
0.22134680036307058
0.05298888705427893
0.191915850646116
0.02770525853195705
0.11738840046567911
0.036971390387143734
0.09264586899256323
0.0938380342494974
0.06686728931806725
0.12464536941527805
0.10838971827394504
0.10561616961066518
0.04251476892061217
0.10244354187411202
0.2695032080493572
0.16447332435762407
0.14423638361561003
0.08008505764245076
0.12609514261511337
0.09911442977461206
0.10539506917875181
0.1050020946831222
0.0714056604793103
0.05857803603318448
0.10345735860765252
0.15538529550260405
0.07010294010799255
0.13088008841901014
0.16746794553037694
0.11497500351031226
0.1009268792165665
0.13856202740121934
0.034641223621185546
0.15098145843051813
0.07594522616880192
0.1046898852537635
0.10989937976575061
0.09991499780046907
0.14105542754161374
0.10606530475653696
0.07197794811486598
0.1782716009068956
0.06839416598501943
0.15741259598926743
0.06199552519960766
0.05329668693487941
0.12660423729558642
0.06999893831421286
0.15309779570277468
0.08950681945632905
0.06596573578207822
0.19195273710017607
0.08893544066421542
0.10953461326469754
0.06284520406105765
0.07913636395656158
0.03558362983320356
0.1109840065511772
0.0951532927230722
0.07328554685898803
0.07220211822464283
0.1202667184934536
0.12844771371801922
0.06451401630420989
0.14513151701587818
0.13612886025916804
0.13920437032686758
0.1349520648669911
0.055740317685269894
0.07742770422623577
0.09959106026616549
0.16839783816205867
0.15575090376739456
0.13940670228130742
0.11925379794560895
0.11328236129194344
0.11038237380240486
0.225902719726212
0.027155470779972248
0.07331645817131628
0.12429197596398948
0.05140432089859715
0.13900121607370658
0.10265609272313472
0.1513480678753304
0.1319577785224163
0.1463873170744412
0.10511417006401488
0.1538684179666213
0.0579656636180249
0.11966682144472193
0.13589687849505397
0.05497961822317681
0.1299870840005462
0.10430142706482667
0.057183120009797084
0.1283984576784744
0.07287640017215799
0.08330995764487022
0.04284053949690554
0.08025461069034832
0.11178097504431848
0.06445689592048896
0.07849932073416355
0.11148132732945226
0.09975537676261309
0.05448776448420777
0.1991077577657762
0.13452902374096193
0.05070584153270155
0.1678299862168621
0.13571195575304615
0.11987148119088945
0.11980473818362973
0.17284832429004496
0.12639453059230285
0.12723479847061475
0.13632594480264557
0.05224313344379594
0.12201285506285718
0.03903722655263086
0.18433154127207355
0.04403880516207411
0.10434421377986626
0.08254289063442617
0.19443678676578052
0.11289434459542651
0.09249487656743278
0.12348383639554876
0.15954726048826412
0.1760181154229289
0.12495243253477921
0.09303934705093761
0.10675598350222479
0.13069126192844827
0.13953291137597457
0.20222068702826745
0.04964761041007391
0.11887405001217426
0.05470103358902896
0.08719048166443374
0.12721905618551593
0.13492700749418482
0.11353978014832698
0.1385796764354605
0.18620706583282012
0.09648213496408353
0.08452507574377831
0.2322577680542463
0.08875464876587752
0.11608993894880144
0.17343499785675853
0.12052086451170045
0.06618607426822055
0.05737657520480497
0.09250525239552006
0.07902200897561641
0.16615031873509042
0.14019309621668674
0.14613220403721083
0.12768331250167353
0.23867293285864238
0.02412259969531745
0.08823060018928336
0.15619696680746384
0.12589344039044506
0.10884083337820988
0.13709980247488843
0.10385209581439028
0.14804607643356435
0.15214083692887329
0.07471347837541756
0.083404457735786
0.20948529167109728
0.1550056638257626
0.11851465577321917
0.09797736601530853
0.0737783509325029
0.14041512407779436
0.16311170732853023
0.12207036460217616
0.10548985217251976
0.12038175541930009
0.11229812384505211
0.07229557485525284
0.11191124182782942
0.09400698705169612
0.11892011442706099
0.10829554374528212
0.04345722804185569
0.13729426998541092
0.07772210755446639
0.06896170555724548
0.18348628401623404
0.08240427602438569
0.06563749060163912
0.07003505510676342
0.17030283349236194
0.06752618234174729
0.17893258713559618
0.08923250100248958
0.16353919844306905
0.10634884663929604
0.1252459579290336
0.10951160423265102
0.14787163912656637
0.159589269638223
0.0862625077526366
0.09098985053733542
0.09511887880786805
0.11923144598814915
0.05667912066364759
0.08305660836176719
0.0886037518572401
0.15176122482547427
0.10924364098161209
0.05128297452234075
0.08150076364637515
0.10494334568323552
0.0618258383103339
0.12009144720079964
0.037638029637741044
0.23614346760184865
0.1469534037355966
0.1248220995499835
0.12840875977834498
0.12652869327150223
0.052231957969347216
0.05308085894569404
0.06942409482817614
0.11601884880940089
0.11443097287372565
0.13324762970741097
0.07077227346517616
0.089704351455321
0.04171897198021039
0.052539515527928175
0.11388390564535722
0.018920707307282666
0.09284901129278825
0.18003550612972596
0.052588840272410786
0.0675036725226661
0.041456138439693174
0.07074890445690815
0.088446515506264
0.12073140221888438
0.018360960215172452
0.1195881612595456
0.12234917028290261
0.08276410369404714
0.06599899846624502
0.06959763565669025
0.056001325984994105
0.11087682950871654
0.09272783500590166
0.12875374101593723
0.0975386706088718
0.06664645392732135
0.1308181971036456
0.11763374484655148
0.1535914878342655
0.10239947698759289
0.11026438567402322
0.12437540087924738
0.11869905862278694
0.10288611771398008
0.14509879116490487
0.08067132225296586
0.10902038320182952
0.0323605312282523
0.12196148404804985
0.10931072639554994
0.1114745426953796
0.1922248045927728
0.017623232869241952
0.11708188554277435
0.10807007631474938
0.11170185578935156
0.08882160589430337
0.13707995162990433
0.09036858211065557
0.03824772761926721
0.09859524881325324
0.1102585643632221
0.15719184201951653
0.1031272658453515
0.07496929267205246
0.11221404799488352
0.04671349239276241
0.052264318361143064
0.11001765018905423
0.10077309246122278
0.12204853268708361
0.13451390168991714
0.12111173071358283
0.11006677970326735
0.08889517574453688
0.1452793582087564
0.07374582323511672
0.05856579998400875
0.036564842164219416
0.08462025461307954
0.10052098742959202
0.04676957906535812
0.1424935779921529
0.20510936274410116
0.12269375912889323
0.08728206584231961
0.0885445874850728
0.10847926474131019
0.08288398446199641
0.05793706721184421
0.08149359070930198
0.09623700036681598
0.05362790639167661
0.09815457298521929
0.09363061501332275
0.08231766182063022
0.03955014165554186
0.0994919380663991
0.1479025659235325
0.1479444580949435
0.17652567186478907
0.13294395908415654
0.14804011334233022
0.04462660665881369
0.1319896356646798
0.06451393682875942
0.06421556611690009
0.11198895583778838
0.07044325415358056
0.12451993346592644
0.0466757281402217
0.12349739769569165
0.09506489432268073
0.07685445179956549
0.11521114589612017
0.11447998984995353
0.12529946265977027
0.1457697337951651
0.17502918413152402
0.09135691438035823
0.11009600470279055
0.10661817701987475
0.05393569373682818
0.11032263111148732
0.06624816731403035
0.11269882665751647
0.06698636213191256
0.10198379398379277
0.10544797301287298
0.047662536578795225
0.03791675868487315
0.05561514009332396
0.08146348844502145
0.07025445975541776
0.08749306379470652
0.10036211215145203
0.10013785609703749
0.08478031529734135
0.08257375151369634
0.051189245915824744
0.0572142214201502
0.05983121254240177
0.09117327904704088
0.07509318723228062
0.1653351873122415
0.10762143928230058
0.06754457714434031
0.11723716594791746
0.09067045459298223
0.055412324723085216
0.11890634766889711
0.09363657439226294
0.16631024478523512
0.12038049993394193
0.1482343244631813
0.06032518363413811
0.06568104198033309
0.1745634610260999
0.07851473331455557
0.1753464487594167
0.03518708090468505
0.1322870777021243
0.1903430850682187
0.11598299456553574
0.07174856083759838
0.17294892308896412
0.05189175344508984
0.11946192235711746
0.10808469922296235
0.15655121469628688
0.06590321472101597
0.11882140549387625
0.059379799344159816
0.07751719796811232
0.054989805733344686
0.07510413938271604
0.07123755208283568
0.042212481567778654
0.07508764361642001
0.08456407176414525
0.11371433341288027
0.08413398964268202
0.036398966041081074
0.1384377112452271
0.12413767388893723
0.15741904005781474
0.04488846112249991
0.1011140977750071
0.09474114028238399
0.12046021156748374
0.08783590693530288
0.022973083023830856
0.18029405191435544
0.08361131243651024
0.09455192985606106
0.0786131824833882
0.15519158180108408
0.0707145793974475
0.06923977395496472
0.08481397505890137
0.05776302577631816
0.07433592779951793
0.16740448927126786
0.0902090203753128
0.19962004243816825
0.15851429775498188
0.055812342188702305
0.12096570254309605
0.15897884961496814
0.06534516681436663
0.14860882800097552
0.08705435151583614
0.06088513941192558
0.13253595743417793
0.1626017213593399
0.14450751971756928
0.09689309835956984
0.07213571203783352
0.08807117682101229
0.10503686233144854
0.0637310838736827
0.09186799228138037
0.1191668580163003
0.04458011110703991
0.157345253263525
0.06552452279058904
0.0924193553644428
0.11611441257498126
0.09113407428833921
0.04628794261175126
0.08854956194483349
0.15045073249842644
0.08123184783443944
0.09322467187960651
0.05809795026903723
0.1325123839512269
