0.16438980500933106
0.0651110573416797
0.16260826239883913
0.10641038118647042
0.06522835416223453
0.1552031532680127
0.08774766158155971
0.16541921920143848
0.15552192100912166
0.1090192852543431
0.05227998578305214
0.11679583208127267
0.11183261846172661
0.04626220826859867
0.1486674145692314
0.15685068271567396
0.10052893073923139
0.08918536037673205
0.044876283109468625
0.0760779771576288
0.12668046567753224
0.0671929599843742
0.08048302414734948
0.08208669321540123
0.13249181570885832
0.10132006813794654
0.09336046912292949
0.053164569679416906
0.15055543698083712
0.06157790261363219
0.11032432398210734
0.07444530147087507
0.08508999840693464
0.1449643965846561
0.08064165088277399
0.06966411008664986
0.029822738304698438
0.20020807200551655
0.07862231223411573
0.1045258911908338
0.12822176579528172
0.07139940758196658
0.048893688055239824
0.1390861941871786
0.08196810283316193
0.06664712929907689
0.055271743215790876
0.1437691362928488
0.10540805338820347
0.22260718269432658
0.13506850374000617
0.10995305421571172
0.11846445121931828
0.11920079459338369
0.09094176402418129
0.09538229303537527
0.21067064145744382
0.14527196459777986
0.13278496903441833
0.10878249059112173
0.17234186877120888
0.10797518908664618
0.14258844059108639
0.12109359058677155
0.07235854169219272
0.1572562173996757
0.13318529612171304
0.052488400142492224
0.15069303306899584
0.12892047183540561
0.04108550633924045
0.08928289690439327
0.055606985458119366
0.1212236150059522
0.16726060165367354
0.15329676363070302
0.10546694920677531
0.15001619823481294
0.09803717997747674
0.12368349504199357
0.11459804501362282
0.0709937192517175
0.017408711837956208
0.07092516023121175
0.10877903869284926
0.13239389521152697
0.06857410152977268
0.11819821929364276
0.057041238167427594
0.12368660438893742
0.13191353953000823
0.10119539045896733
0.15438688590495778
0.0795154871648183
0.05445883652382528
0.06160273365539108
0.17469410187109707
0.08858778172872157
0.040166019927723305
0.1098528180886942
0.09717778494763761
0.13802330016475223
0.11400262599873708
0.1489641382897159
0.11593696604781159
0.11848515064096975
0.1353893114969878
0.11109677270972212
0.14093421770174921
0.05788073482143952
0.10410202194742697
0.033114707016502674
0.15359890509410745
0.1089992243432974
0.0900940550929507
0.1363539146735081
0.12350295575420996
0.06518892621519999
0.15843550564551026
0.16538112039586148
0.10705135287227853
0.08364131427415775
0.09843387852501906
0.09275373529447346
0.156774319992164
0.04252766107739668
0.07994995744836464
0.09909187461219873
0.13794115427922116
0.1742702863096123
0.05128843679146562
0.09159768472771258
0.09659434070937034
0.12418228063509663
0.014952319328326271
0.08627225830817277
0.12232072656980617
0.22834178780093595
0.06718716806010283
0.14318318357970822
0.1497249924102651
0.07509023740497345
0.12434495343674404
0.1159133161250265
0.1325786521445491
0.18162227456047736
0.09048625315588302
0.05839243654673495
0.12746845862119868
0.08377723971859236
0.13875072925452242
0.1258353244670157
0.059021353422575
0.0660789685682359
0.07657003914788862
0.09867283066031443
0.14593882626862464
0.05267208365739199
0.10699299959221786
0.06781753831086794
0.10140588618754164
0.10840063900083276
0.1020266516103704
0.08140369288193162
0.07695686453874553
0.05673093037558901
0.10201515798855658
0.0871871222663917
0.03833649733909408
0.09118369529734521
0.1195392983532432
0.14015937369311418
0.060274137523858115
0.11570933702425172
0.17560957728949095
0.03644228306241985
0.07998097687955205
0.07680136610471805
0.11359776001703838
0.07711587625891851
0.13021356996236758
0.08073754815938683
0.12925679998567216
0.14667369379440762
0.05287692306902976
0.08217379717681211
0.09927568557814397
0.13811074824094485
0.18980004253127902
0.10675039620902159
0.07177055627672296
0.14285455886125575
0.036526261991243425
0.18392464479282086
0.05155579007315502
0.03515180444932476
0.07994653056761822
0.10243989647284135
0.09354434048434107
0.12947191059763932
0.06254489477385752
0.05527241090129438
0.10621606217287316
0.10540822729717392
0.08949029577479865
0.15705077047593782
0.1746557942947202
0.10464750904971612
0.06536013959140403
0.07565504998552826
0.09311388106950025
0.1454814094790933
0.10289036390361558
0.12163594643563737
0.019316616488873686
0.10429510282864984
0.07505893825558055
0.1071422127536363
0.16990647975557097
0.06397888322903832
0.06959231475325009
0.16653392205426182
0.09892480216551106
0.18066825073866477
0.04174719247867638
0.15892710435729546
0.07180031869643172
0.09965284032128185
0.09644941326681579
0.14722563229787602
0.14093826123574466
0.07947070721558762
0.10603421963111152
0.056767349504918296
0.07666395507019608
0.18556042848552035
0.11465243301278218
0.14417452650490173
0.1718468292593316
0.046545612145037066
0.084972404533952
0.11435715343963017
0.09552215246710086
0.04580355171692045
0.1186282323021237
0.15063984986140463
0.08231243781442314
0.06400355864888492
0.11686463784446323
0.20232965009414683
0.13409068283531464
0.09312552203246666
0.051166626572423435
0.07030391624555868
0.07598834197406043
0.08625861992037456
0.11437826633785064
0.13389275774469359
0.06961981027228938
0.10215986469500339
0.07166120024541689
0.07115378287837996
0.0888456965786594
0.11789883900695527
0.06314650101665056
0.05274414757862465
0.10346277296625994
0.08021082554087144
0.12453381603285427
0.12860793240137172
0.10523926486438585
0.13810072479508415
0.032114558246694756
0.11991078949121955
0.06579266420382171
0.12462476905527815
0.13082450247752672
0.11932906752200087
0.10078301833665027
0.09250933321855974
0.15967399107718355
0.14693500436585244
0.10113792021655102
0.12473829475634768
0.15675500520911645
0.17319653384082512
0.06201901256268666
0.07077102139793197
0.07786701910893262
0.07116197009229092
0.018256148330501057
0.07828310071708405
0.07268375343787732
0.03923819787924805
0.058623584707329444
0.046760055617441704
0.07338536921561949
0.11024805648490205
0.09804470120540076
0.05994354639468089
0.19238803615558092
0.1857229034800964
0.12723392656751326
0.11476161989889516
0.18356916827760772
0.08288801904401534
0.1567427928585056
0.06541781745946525
0.1206878588425142
0.13868738307066367
0.0853894533430899
0.06572532573897633
0.1395323108745827
0.06432260071506891
0.15286025024297514
0.10058108008124213
0.04599528801021712
0.13786814875130726
0.15932067673201147
0.06408178629252755
0.09193852831862363
0.16147142070604126
0.1556506346911469
0.11387398063520765
0.12016840647598435
0.11786579211155475
0.031509966569464726
0.10677537156033981
0.12242249948530357
0.20746196785713492
0.10848373748400919
0.024104553613447693
0.11976047460117378
0.1277396019199907
0.06781152668875616
0.05869975399128274
0.045784375274776926
0.06724669156479386
0.0945213996531584
0.15267774220027577
0.034302905334566425
0.12215614429523608
0.17824310530329998
0.06601250600335606
0.17302182340478872
0.13431929082346813
0.10373316473806678
0.1951529792108616
0.03324870653012843
0.12574253769681332
0.06332142735679856
0.08905364665428919
0.058275149296353954
0.1584798055329723
0.08410587848473787
0.06459145956078532
0.08169214809974912
0.11269689458784085
0.1746812740694219
0.10488603950101831
0.04796590278575219
0.12677311146549003
0.13104036553135698
0.12705952115337096
0.07361411564932295
0.08909616901780917
0.09067902511236321
0.04069628842153501
0.15681620432433752
0.042524449854814766
0.07490670029574455
0.1385101907242988
0.09535913713437895
0.14918231884689762
0.13149512273813546
0.09737180777745841
0.12692692160065885
0.14055769201849144
0.1728018293559942
0.08385612381362942
0.14806940605289168
0.10854462125271575
0.08874884986914984
0.0719107532710265
0.10415179031509984
0.13421268990645807
0.09571110793965873
0.13960786106557305
0.0822424986384741
0.11148528489557198
0.06230323741662244
0.08416672967005272
0.09742298641819293
0.038538458137347735
0.11367113254932708
0.07026496169497093
0.0961646528724174
0.1528291951733692
0.15974449353675987
0.05456007079400354
0.1965489654194018
0.0518184057325497
0.15871332704603036
0.0580051484990618
0.11074775712802551
0.10342155698461049
0.17147734917365043
0.11188732570741926
0.044075646954567005
0.050405330061796205
0.11638781210896301
0.17419812965662895
0.06948200705755972
0.0627221334465715
0.18306963599655954
0.10906558576610732
0.07185665349191477
0.062408521049088235
0.07303563861956348
0.11745784939568099
0.0715387304559785
0.14466821791662607
0.0815661188931876
0.16900335065564986
0.04812932670903614
0.11189154552500394
0.12304810490319446
0.15362996151741745
0.10761122734250113
0.12783105961409844
0.11220354953242621
0.08722920480308978
0.21128819421929965
0.12908093580089705
0.14534849112967657
0.10013580331890627
0.14745448734819105
0.10005521592209789
0.043135975776216764
0.18638167108023904
0.03799065002470527
0.12243587019622008
0.08924476220166029
0.1071091886488424
0.1418972175186082
0.2049460984232411
0.1296846729717587
0.029640724048734468
0.08445159096909449
0.15715266560501906
0.04300734108150879
0.16230210745159596
0.118658661581873
0.07808731663542862
0.1445005123894632
0.16309104803868116
0.06395030370865996
0.14000102893009697
0.15355761591217737
0.04676509484943348
0.08754940528504976
0.1800176794104006
0.13218366643784718
0.03694798670154009
0.1323252045943166
0.04185558151994076
0.14116560676732892
0.05038083116339963
0.09118730813200886
0.1592293384970408
0.14765690433975642
0.10486796233547153
0.07929881138833864
0.13278842264550925
0.13051873950057036
0.05012005920224429
0.042354425649060855
0.08268819048668868
0.1724443422765768
0.07296809540642038
0.15721235017896484
0.03805937680384296
0.08998179381882719
0.06512013145742974
0.1383912623604208
0.14829516230632953
0.09629269657936397
0.21783786169843652
0.11672657830830803
0.11275495419259368
0.13823658067790676
0.15856760157244748
0.08753847276515972
0.0979618966379348
0.10080457176494735
0.17920073099764752
0.07612274937731557
0.08029364382973485
0.01890643845284503
0.1526576639473717
0.1384599244571748
0.08690714913311354
0.11571657345712316
0.0696479342767915
0.06563193144026759
0.053367229421458336
0.16785817568115932
0.10445838298731622
0.11052468338262197
0.12775579278441476
0.2242101579351597
0.05645272574487243
0.0947493336947541
0.07897422786654495
0.13816217579579051
0.1079459208188386
0.1036673246367857
0.09382998246418081
0.08348492331501123
0.20102312908200426
0.09461786235748512
0.11301000546562921
0.13503639990492472
0.08844491877692208
0.03745156625481859
0.0832691970332937
0.05619770630666798
0.05700329378218754
0.12691205366586597
0.0832731199910284
0.06586615109260932
0.13748973100509163
0.17498353616324142
0.2236996194780115
0.06273083028294753
0.0905028336709834
0.14722632353170065
0.12031340966605134
0.1738165317095822
0.11011881834110947
0.07548864446372404
0.05524241909804222
0.07956240636555532
0.05035315307662197
0.11201857897485129
0.06768734865533019
0.06625013972835109
0.08695442874152158
0.09127876549881765
0.12231509343177378
0.16156876370268428
0.08983659434182203
0.1205342028085579
0.08728232774996814
0.06339845194515448
0.06566382694293503
0.14412066823835784
0.1513473407645306
0.1587647988056893
0.09804313458733219
0.09161726909368431
0.10809501046276891
0.1357568767269378
0.10161270166759832
0.16507325914987794
0.14393862053609796
0.03323460177895683
0.11261058867629845
0.07990974447136666
0.03267684096961825
0.05451045675613688
0.11189167732672903
0.11601022116079925
0.06695618568249517
0.06178048049860516
0.10111917173648897
0.047152403330239054
0.08398309919368059
0.09968704814805034
0.11915345690878375
0.07428058786786147
0.08064232849658198
0.12523484420013276
0.09567715571209842
0.09190264190962533
0.1835882939253959
0.11266196106459118
0.06748463951410857
0.10792771008354346
0.10563245114715425
0.08067410306155048
0.07021334175691982
0.07175659755452551
0.08116108808517793
0.0993538767194133
0.06991571008818791
0.0560457149356921
0.17461897369553186
0.0949835725420217
0.048485126751286224
0.06586905812831724
0.10031925467059746
0.08386424382704476
0.061170632106688695
0.17776590737765582
0.1352015867123202
0.14392788095259357
0.09748632099637279
0.1640342052381552
0.20197716876458682
0.05338283782899491
0.11637660723283882
0.10949412056726895
0.1112804937122349
0.12429809891498944
0.10319702635482603
0.06577915239269937
0.043898023330035306
0.123979938434423
0.1974848574157515
0.044350358249925365
0.1328348269058601
0.14828343309712064
0.0968286585500048
0.07150908768732618
0.10361786122375032
0.1364495653314237
0.12002807800325656
0.10172398956997707
0.1327054649922027
0.08561950008620851
0.10892032769415116
0.06316781986334512
0.07915693726219973
0.0686847814927346
0.07366952837411762
0.0985114641490141
0.11276202159632367
0.09210562122784574
0.07581849342387183
0.12475544152520714
0.06834524614436863
0.10310919902629623
0.12354290330064223
0.10461451193116227
0.035797089340031236
0.09144262117603712
0.06356985223884576
0.09718086419550313
0.1365518633730504
0.06657003434763557
0.12404538125220187
0.07218846143371896
0.07668509788837626
0.08349318207269772
0.18659004308252589
0.10822431275476062
0.2037690143903599
0.13256212032536877
0.06093385038976306
0.08118624718978376
0.09759028592346694
0.06148818125209945
0.09209082984226931
0.07452600247757497
0.1418922618658326
0.10051665991200674
0.032309806579926485
0.12828800896735484
0.0577150932049529
0.11051169193454116
0.08479602521509737
0.13428478841944444
0.1145852288560925
0.07505751612924975
0.06648060069465887
0.06432977344279132
0.15956540592617852
0.09802003932626899
0.05858727072635742
0.0779474166329087
0.08684682580461785
0.1011286206982072
0.05261504337995917
0.09136343992831523
0.08280559018157599
0.09255608105904091
0.10684921622280322
0.02756628211383373
0.11241330855454078
0.10766942255962934
0.17961596848309194
0.0744697332510171
0.14156512159392642
0.1170604840847121
0.08867894493796609
0.18936145321133668
0.12970243866906378
0.10951458150207799
0.1088296035677942
0.11157224854058033
0.09188505513314496
0.12254390643300782
0.12563201496338183
0.0796157622833383
0.03578683967039743
0.09320653777897922
0.17481547748134504
0.03765192279893381
0.11570944368013648
0.0800395497351232
0.048023261197620445
0.10863689867603228
0.10488263104608371
0.10217567334617442
0.051150829228961664
0.041611178251002134
0.11476587545259105
0.06879827526615001
0.04233313262915082
0.042531810328300994
0.127577992455524
0.06610869551313489
0.09064401651307655
0.05930255388658065
0.06425082462195768
0.08193447210302858
0.13460213105908325
0.12789807378044218
0.09390765834682745
0.13209399088292323
0.11282233386478761
0.16836539984458354
0.13875963784229964
0.19172579186113078
0.09592364539796167
0.13627398366904803
0.057628211292568614
0.10829163729926408
0.06058102451317295
0.11819461765918496
0.10190666135942711
0.033454425423503624
0.10701422980344207
0.047973137218067806
0.026713203679665332
0.07414524997806192
0.1196654943635241
0.1215188554549048
0.13044949593090474
0.050394840425194015
0.07353586424119703
0.11048439796580631
0.05845134041002678
0.11047101484348645
0.09210384044952521
0.15569662912109647
0.1183927688752189
0.08200264457581825
0.16536153883288116
0.0752516412981577
0.07672599622249865
0.10603782589933601
0.06546169536558484
0.10684446304429858
0.10407873728031922
0.1302947482236036
0.0671819573972586
0.11096888137643364
0.13653690703776952
0.09025433659621067
0.09490848460419632
0.07932833139933086
0.1662645744041824
0.11498127984971732
0.08773091224628597
0.10818434913857217
0.0544862614890986
0.07463442206870181
0.05190096089494409
0.1038098983005963
0.1315479787280814
0.11364980665159247
0.17079167315178023
0.10627571818746172
0.09841687404009887
0.12671623130722495
0.11952392011954197
0.09120677098998524
0.0568519195209829
0.11697832752048187
0.10931092060321967
0.1051560189453512
0.036104226688735176
0.11977766475906416
0.08710230263937865
0.07226143964362794
0.19582819427996395
0.19764909083312818
0.056096173197878
0.13200660370819406
0.05497483569156652
0.043535496351891
0.05772532174601194
0.13385449196753796
0.09918227283208861
0.23578512493384984
0.07663143023246292
0.07418629291587006
0.08960814206987526
0.14760228220505253
0.07078581487599042
0.04471884105180535
0.14863921061382715
0.17028907301169638
0.08995605626312646
0.07370863571204432
0.11109013291310159
0.08726264059679005
0.07979121841413085
0.08840295339274049
0.146372128412138
0.0989807557187164
0.03670988899296194
0.10088703840265002
0.054161649591572235
0.08020203461491002
0.13799293241848906
0.13158326298341824
0.07483400601964829
0.09648101991316775
0.06075521550465604
0.14337565749212214
0.06081908111413977
0.12402082690034968
0.1254849859126954
0.10155897952349434
0.13813623273842116
0.07545564790812508
0.1406503108838914
0.1678552149897699
0.07031120096312543
0.1621890762290734
0.10993585399635465
0.05931618511019016
0.0872809172247865
0.060124208003055124
0.2097840378479763
0.15713259730665274
0.08148734101300664
0.12514096233464472
0.09432010877124593
0.14207912202012618
0.13955380311364296
0.15655454551774303
0.07698964042293295
0.1265787333438583
0.09001716317607078
0.1655167266397899
0.062241273638012844
0.07274948124871236
0.18726185879915566
0.14390189958752736
0.05164936206586648
0.26983673150987697
0.07997246585430762
0.03947612514129353
0.11821303032119818
0.041145396518985286
0.041234350671526886
0.1648696469240603
0.12607876894161735
0.1508044901333558
0.09732915700585223
0.06448870358844064
0.1259042406948856
0.10463165313867405
0.1047535832672676
0.10817196472932719
0.052344493167610355
0.08077699671850692
0.0983581313405819
0.08634240392753095
0.0999922819920078
0.10056934445070799
0.07260985479878376
0.04545482843388551
0.1036239206145101
0.10728885808136363
0.037619334736948895
0.08989167811234218
0.1023988109885654
0.07849099772040728
0.0506041458497856
0.15870910396947288
0.11158514800792554
0.11860837452435832
0.20416597930382885
0.22461781075734016
0.08062540157852723
0.06096577262054163
0.10295586133799478
0.04049804755930933
0.13411270657710866
0.11058456450429943
0.10118161802963697
0.06442048059456593
0.07345586036109007
0.16426759158303536
0.0687200892332623
0.08897222789387196
0.1009705216731958
0.12160301309940191
0.06244617404558455
0.03281888834235129
0.09227975586425755
0.0390080003574732
0.1465908782495407
0.07724611566957418
0.08666778753140725
0.07186172134367169
0.10567999442793699
0.23789005898133933
0.1516951450771959
0.16191404419561736
0.059679051429129014
0.1939271480766924
0.1418807602596769
0.0974907780715395
0.13237688022371888
0.08823316945815622
0.12011374542823193
0.1592451007665358
0.11812689473234712
0.12183492703876002
0.0945741573593205
0.1427574810970873
0.16540130103733733
0.10032580183949774
0.09742885033265493
0.07475700101563632
0.04897161471046885
0.09520817167382244
0.03241976972336887
0.11653632406977496
0.13200854367349538
0.13121805820617755
0.14724407183124488
0.043238013786169566
0.060632089154227166
0.07966856945547733
0.08765905893722618
0.07338225675667731
0.05426714311466092
0.09949994800998878
0.10428818044665472
0.08002160550715769
0.06720504697649977
0.08846959872990526
0.07329664980852868
0.13850506051488504
0.0761079054004473
0.06823690655994877
0.10508986059428901
0.06250364508192098
0.16095160383883017
0.1471288468199014
0.04291335206717646
0.10621100918064649
0.12446272182030567
0.1034389209157254
0.15437343328335398
0.0494402629336657
0.09981489601243389
0.16917814526491826
0.1202046376918078
0.10588154641741897
0.1722695766014632
0.05191676471055355
0.10235198217652447
0.098964442328973
0.05227847021967455
0.04436908177943874
0.07841326361976084
0.09187577254572474
0.1257388103971797
0.1187983173488383
0.08886608829673795
0.09800040850264316
0.03382333632844432
0.10589017790398067
0.10192050813791595
0.026007031915403406
0.0375232585199087
0.13871844367301997
0.08455614519119259
0.10971724311085015
0.09969278395874584
0.1500603324162834
0.1147782442787882
0.1376062238737952
0.04428847042778723
0.15567393065759552
0.11531577163910778
0.11122104438759815
0.1140934200582609
0.13566101744843315
0.07110813412492863
0.07144885655043594
0.10138071053422817
0.14857156075759387
0.12546156304527842
0.15255529941901905
0.11079030519980149
0.057237635023788924
0.09214658490215638
0.06432409423482752
0.11066750037145875
0.12876177838402017
0.0773742273209909
0.12065392694087125
0.1442747874976814
0.1764759186834165
0.14794572796049602
0.08529050901660051
0.23232577158811524
0.05459816955751009
0.10480097689400103
0.05196045740963822
0.19178397630242608
0.08815747792970324
0.1559221641441
0.12162392545298632
0.13793100204302863
0.10916818350399955
0.08783727146654348
0.0670839078295701
0.05783647553258854
0.06254052975946696
0.06924282745899782
0.08960995792805701
0.19866140558214904
0.09827967991686874
0.18907227342730692
0.04249489255599255
0.06953018127152144
0.13683140052785986
0.08744388630068446
0.05355076460032013
0.11849064091445285
0.06698918701785551
0.0907923318032063
0.05548420130873292
0.10522434239249331
0.10711118830577573
0.08678253401587464
0.09322894902995504
0.11031672939293992
0.11059145824591737
0.15279920140578962
0.04185814055992215
0.05854045834622182
0.06382543896507996
0.13812214931170738
0.15131151506546023
0.0871353892545787
0.20910028272839176
0.1360211149569299
0.06119325198504998
0.039532604550019626
0.1626892437190417
0.14350828561748916
0.10586524908864628
0.09563588065113156
0.09435332447304311
0.13977379463079434
0.0935568142427152
0.13926598794442197
0.05561533134756701
0.07875580727657712
0.10482336920650916
0.10018523400777432
0.08824148904986394
0.18018201540765105
0.04640735588260295
0.08240497166812416
0.12123539619140955
0.1140587351344874
0.07267548382577241
0.13131510698404347
0.11067695482653615
0.09537173112300533
0.0940982107508885
0.05106207033921165
0.17324697504758493
0.12469613768741354
0.1351204047217858
0.1255591654229555
0.10356724457953427
0.03849776611784807
0.0890838695316735
0.09719869728597086
0.07704502080827025
0.06981687447637787
0.10528277164498312
0.07218914379854487
0.07894838781727094
0.13170033217385177
0.09732511677677748
0.16035225804269806
0.18425359037029962
0.06732736069166109
0.035393041083109936
0.15447166196168488
0.08943441881780266
0.06377066119634818
0.08144575991972218
0.05829928258239028
0.12490730780805205
0.07429823654522902
0.05213045498888845
0.11168910064809628
0.11359462584913953
0.0825553226492647
0.126015535412523
0.10968926454675812
0.07095154087098052
0.10082535136843615
0.10528005984444856
0.11898114502985786
0.0996037490848222
0.12588683819475016
0.1304200279054644
0.07230626939153599
0.03691666010567206
0.26922740048079963
0.1341970919690272
0.08573602792405742
0.03605577521498011
0.17012269827827525
0.1053423897292098
0.05766633341707558
0.10524277046194346
0.0876733078177799
0.1156536744120953
0.11659817738426081
0.09494295741479114
0.12426850146751384
0.04372924848883225
0.04649125576532334
0.11975664781822803
0.14857263504232665
0.027087220549317493
0.12885677245454205
0.11730634098297028
0.09120406180999584
0.12782595646587339
0.0868284458319997
0.1649581698266307
0.08100842739129854
0.09173686975365145
0.10368111700267557
0.05709230208259581
0.10453257285682391
0.051432533194257786
0.20623080247999523
0.09106971327545638
0.0844079939022046
0.11815069668047615
0.06907587381151328
0.10793025180263625
0.05462899239303419
0.04638394578556927
0.04099408839721722
0.13108640832285795
0.1360614328898001
0.05084070219037504
0.13780881450345098
0.09875251850661954
0.0991749727759821
0.06241471085498929
0.0824898096756327
0.07297290273853858
0.06583628912011909
0.07457456753555748
0.11305557324190836
0.060643601736824086
0.06812355504045016
0.12850658108679996
0.05843147218603631
0.13951122682050174
0.1711322648841681
0.1659769553727932
0.14739020610245962
0.1084658426908287
0.12092607667829297
0.1169734287641411
0.09337262147461158
0.14261179803484839
0.118864362268354
0.12504190534080548
0.1467923064693604
0.05422380080795088
0.0648725383575389
0.1199165932365299
0.09507762155908173
0.11395407701982219
0.08825876256814226
0.04718919696387904
0.0661520280858014
0.07039299004008903
0.1347010690412909
0.09035409073662945
0.13538911254780878
0.17787139486336526
0.10311210939844023
0.07846257522235242
0.09308165755085135
0.1560525454221926
0.1470197570234818
0.0686538755359984
0.13192387785154722
0.09083904898610738
0.08126347013307621
0.07171121603879452
0.13301578224042332
0.11054156189325037
0.08132853437821809
0.09868612660722026
0.06625885023496772
0.0791332360848759
0.053353460545627826
0.04742747715699855
0.05866699323260275
0.07565399357105189
0.09838069788986771
0.09643534735052689
0.11969751151712604
0.11114149091682425
0.053455335534334424
0.124549806028183
0.08246791879113677
0.0908355378817886
0.09034356928786319
0.10493035281324749
0.08210111835038508
0.11142292330776252
0.08284022297154701
0.08892567144250314
0.125582487380499
0.09203603534366761
0.0859423542113899
0.03911522462771333
0.056961339303771806
0.22092003925137746
0.13237500884955375
0.04384481778025466
0.12988772326735645
0.1249520591854904
0.07884158506324881
0.1097981841027401
0.08581375184763662
0.025787669601271906
0.051057524541946
0.10562343111263736
0.09690555315513492
0.14759796161001423
0.09233791549703345
0.15519736457770286
0.05784482698475697
0.09085517343024571
0.09412316488200649
0.10836263973154138
0.09969255781713486
0.1267924880507538
0.11562865949514106
0.07124848199337813
0.11786401010269756
0.13877351565043097
0.07088945067726365
0.0668292005290805
0.19835597282237236
0.08176591156015042
0.11843405969441055
0.12793683880058018
0.1050285789213583
0.08111909819198633
0.08959601330876105
0.09105726177665853
0.10193691026870198
0.08223829835171771
0.06918726877683008
0.08147470807274737
0.11709673699087825
0.07146930124573238
0.07044598798742484
0.08994450378018488
0.05576816023327107
0.06614915124452446
0.060313843053571216
0.06561779870866093
0.10489742786077329
0.11291908265156314
0.14414985323540616
0.013352957009219443
0.11229788041107887
0.07980530236557372
0.17413907012346078
0.10872558856672145
0.15208363908862357
0.10493043757976314
0.1393588271796132
0.032343900642624615
0.07945112004565587
0.09739031058511077
0.11741024641967722
0.03511984813693913
0.09723430870613363
0.14028652348516324
0.11161632135181536
0.08905254590676523
0.08228636529517878
0.12625856955319134
0.08313209247321453
0.05408946085766684
0.07502637016779286
0.1445488875627068
0.24607199252847578
0.08388584843518396
0.07061535929845436
0.1909232973642507
0.09901851624933589
0.08838951299892754
0.08376019363071054
0.022851616033554206
0.052587038125978564
0.16660506090362956
0.12297249440641508
