0.16032855487423117
0.11900803085542788
0.08245832060903786
0.14835248350424413
0.09424704497194013
0.08340572221961387
0.10776615106746189
0.09219368152993346
0.08964171144105948
0.10425449757885226
0.10453403354274647
0.15739614399307866
0.1428030024252525
0.0989537452271552
0.10262069504923658
0.14276959992261554
0.09591339741061011
0.13659672115728785
0.18660191540167748
0.06755562673134574
0.14859424059725063
0.09875688781713378
0.08389412606302594
0.13953957760757732
0.10421637866241598
0.10689831549816246
0.16513103252731112
0.03926235248523831
0.10341192647248987
0.12059696908697753
0.07978727730782131
0.14587691123179905
0.07486046838905386
0.1326264145195833
0.1324146044016784
0.23642805941234432
0.13462026250447656
0.047879027944629636
0.11193217698400078
0.10318072149438219
0.04841875875104305
0.06086837210333497
0.15090144440335526
0.11194300559220045
0.15427525791019586
0.13281905707484942
0.10949739061117135
0.05718868793450532
0.2084186616518431
0.11028770586634062
0.11465036350308741
0.08272213065560656
0.04338132637522021
0.11379734969458118
0.10151708701702646
0.14077712000943268
0.07957064371202671
0.07227321140402969
0.09251577034753874
0.08103495838830363
0.173529948376319
0.08060725333977085
0.05869435553614788
0.08824202861864908
0.17592752178734594
0.15942219303995137
0.13878556121025123
0.2024829835173363
0.14125222622518802
0.1246606162192332
0.09160019529470614
0.12416766935556087
0.05755746297120893
0.09790743699088726
0.06596370850109008
0.10094151289198143
0.07094201076244533
0.0664546088950019
0.061347410827239685
0.13467791522246023
0.13711698760742966
0.054901336917911624
0.06171283898617446
0.13513185894401492
0.07540191758704158
0.06857815821010778
0.19264344648194204
0.06617863542068286
0.09129988683220795
0.08335860008319326
0.05585685685391459
0.09769775457478228
0.10583171806481798
0.14413656505404313
0.12237028306590876
0.04688746787118627
0.24739879218916705
0.08201934015587847
0.17643689192917542
0.09387734758610058
0.06669731026381727
0.06561454495749772
0.1481270320957586
0.08643815624575359
0.09166249021376825
0.05158859993493918
0.2111326848990753
0.05198965759606546
0.07937178410848005
0.052695870493702925
0.07746877042210856
0.08023390605535545
0.1079847018809686
0.11095158971176523
0.09829374488794651
0.07061870007225095
0.07371059673894234
0.138073017550869
0.037738428135725983
0.1454714206026159
0.22313457189325578
0.05077974004335282
0.056452296705161005
0.1323778815815519
0.06293651082832968
0.07208001096718092
0.12800478327136314
0.09620740835105115
0.09921429943157706
0.08432940648996587
0.13830960048027077
0.10552620881636778
0.05908619785178228
0.05684128146816252
0.12780700816987242
0.14865340016783127
0.1679974332149388
0.16336666014733814
0.037281963338760285
0.18638328996423806
0.1396735028442522
0.13516677760503681
0.10119647445387513
0.09291048692210072
0.12657593107328008
0.06209561995331207
0.10934857091968608
0.13228079066164386
0.09190936297636054
0.18788405685410461
0.17541469186577996
0.11870726289446767
0.12450140481471658
0.12558737434751824
0.13617532115916275
0.1364813352352254
0.07769288152354885
0.05098851450810822
0.07787935901636621
0.10438837717527512
0.07384603242122327
0.049376485067206585
0.08610145377470055
0.09548307622247364
0.08454618497294158
0.18735749019760348
0.1812344212615639
0.12840241411915979
0.11757781408068069
0.12297064601691425
0.09588403626983276
0.11826921642759136
0.05734392461639495
0.09005184229424955
0.18396713586000996
0.05882030405737712
0.12503869472014814
0.18227649564479637
0.13017605276986657
0.04679337265501313
0.0635717536220732
0.08034647814241073
0.06480228116783637
0.14778883256232092
0.15896581227930268
0.15089845470952032
0.08917373073148092
0.09240675682110004
0.12713616133223601
0.08193011914189664
0.22681754640248708
0.10590770154165698
0.0677094562347335
0.11472319650137584
0.06672254316776838
0.17210488908043148
0.1511632849727712
0.11200716096097033
0.09746973958116989
0.15258657516233287
0.13106936051867973
0.14493334303839092
0.08768457049501434
0.09990282226642902
0.059817060962961195
0.11259481601160128
0.07148505895824082
0.04974874802051789
0.125527846266899
0.04176499586467325
0.13344706380430416
0.09103643376697243
0.10686491908023267
0.0680825097038877
0.12914549409474887
0.10498372184730809
0.0995354091755876
0.10400371269306273
0.14143186380519993
0.09721543346201125
0.09139355146836127
0.07402771379250035
0.06948388548180974
0.03282005339265694
0.0766935732904517
0.10590114573458649
0.09913128150555778
0.21133502490918052
0.1739754416851844
0.14934507436828776
0.13664754420862982
0.10609594453048023
0.0825062191236585
0.13849203253683975
0.11037213340726953
0.1529006584429691
0.2113218336713357
0.10644711545955597
0.07065455667697851
0.03846947091510663
0.05894595836742208
0.13848969576021836
0.112110024067584
0.12880010749170942
0.1167620492007287
0.11560570228513165
0.03630977560242572
0.08894741163845901
0.05813931866580434
0.10581203385830595
0.11941146560861626
0.0927280794900704
0.13863965123750746
0.10125041838618463
0.10609262750662503
0.11381896359823132
0.1084915959326203
0.07619603506257208
0.08251421467089046
0.15530021816150233
0.10378615703833044
0.09058850149732246
0.06593235674955915
0.08131306558993588
0.12019978772012654
0.13277779935201883
0.054764318905143106
0.1332561305512026
0.12129023880160633
0.06375376573063948
0.07982300112519167
0.09866101075903698
0.08173342064868908
0.11651974347697443
0.0812228236083768
0.20071422720638832
0.11094733919134679
0.1153569171747715
0.08927645730177322
0.10850551971155079
0.10619208319853904
0.04201167376281978
0.06857236234853682
0.07514660831096451
0.0715596914065288
0.10573722503628975
0.09783655066537422
0.16532471026053716
0.06070857089027002
0.1482360413612839
0.06604164883097834
0.0798061934143592
0.14593931523324788
0.045791128923507896
0.1276738801688479
0.06912748016342092
0.08847410016054981
0.10976810812511335
0.04493014967830206
0.15400421442916942
0.07663064948071698
0.11951444409022918
0.06487616728486442
0.16720735291764888
0.08745590728864613
0.12934331466789498
0.08772284844738759
0.1321654818977555
0.09610120554456579
0.14928280338362557
0.05466135697870309
0.10167627441462931
0.12278439019187289
0.08748532941979524
0.05716874824958913
0.08487235350474495
0.1250448505804118
0.14496718448331128
0.08980583565106261
0.09098359593097524
0.09298869610707247
0.11378041050447582
0.13841498260689022
0.036638380194198426
0.1389222058819539
0.1005239055593151
0.04050794662594297
0.08163964872787875
0.17014065668279024
0.0412076794434226
0.08160130629835413
0.03524985984169585
0.09357819270758463
0.10796250434565224
0.12060391720143548
0.054837507840401034
0.06555899859685217
0.07638383159520405
0.12492434710705122
0.18470718705199007
0.11111862925181883
0.1508209969242489
0.13942457216360954
0.11823570410829866
0.06602857251676596
0.1103269564790005
0.053296492565884895
0.08275302394518791
0.09022425222428129
0.14448257018060046
0.16297268422954425
0.11026793790577497
0.15576350882242335
0.14024353153160973
0.044855295892586286
0.04874648760396104
0.08852842426899722
0.1031559263300552
0.08763362471089828
0.055052884485217626
0.09316462320047882
0.07516791482480212
0.12000486357847595
0.15702042510382463
0.07715820282381372
0.17311263751784817
0.16576783877539594
0.06725448293725714
0.10598645705239636
0.20307916432545603
0.10036680573590334
0.1513444935480508
0.120668700089831
0.12969380455808135
0.066378647441318
0.05739524640749961
0.07781254896714583
0.06780882167859129
0.10854214904506332
0.04320419956003025
0.126191406374313
0.11497016513407009
0.07962874319651406
0.05277613360243056
0.05827012940132058
0.032672597481321945
0.07980613640294691
0.11794244549201909
0.10651690561986617
0.05831948612320876
0.15607956068556236
0.07313807387432691
0.10111502808231687
0.16526167928214927
0.05301916743554055
0.08873133957762193
0.06392511475958707
0.07360731788815396
0.09052807201008975
0.22847457865738582
0.09434264167423037
0.08161992585880891
0.05403843127584753
0.09136155937002349
0.09444889736749418
0.11234755590601984
0.09114637518606011
0.15895890124940823
0.09272489667442374
0.037008471911474806
0.09707307167922578
0.13128326917994768
0.12422105477557377
0.035696017885446345
0.05908907786065272
0.06952207330860023
0.09038210948616256
0.08170686203412414
0.1653887677815783
0.07391443485704695
0.07111779864971021
0.06416699930065023
0.1345853230853019
0.07684931089242811
0.09538231213774113
0.10651443644234071
0.21784007817996368
0.1083172526804516
0.14568680959469424
0.08134805593927379
0.14535069529984193
0.15725977996728352
0.11751511671116478
0.12456186536327579
0.11251818147395028
0.11031617268056935
0.21299739349980482
0.08032786654456639
0.07231842453266563
0.06714290530172566
0.05611127358133331
0.0873476965250089
0.12865672167372402
0.062199707637888915
0.18517296667112473
0.20001134268033946
0.10108987635743082
0.1500116261746255
0.08662700285866279
0.15775000420307808
0.10750925824008004
0.0984709802023157
0.09953893286367008
0.10221706983668441
0.07593869238537897
0.047305214171323
0.10081651195442722
0.07516878424803768
0.12033441196658468
0.12629862354830623
0.10206018354607836
0.08604270666253773
0.10534729265797908
0.1716996694627955
0.04181435315089663
0.09738589614278072
0.057184256445314066
0.09045947685180966
0.03789080864674558
0.0868388255533799
0.17302264822965477
0.0613210155392387
0.09025295057693149
0.06590505418158799
0.09410196380140873
0.11318195844067977
0.12926127197818438
0.09321112323677708
0.10193284957862946
0.1708896494278129
0.1393216089121099
0.09745163046972471
0.0335022595078236
0.03970307612442307
0.0717039524675047
0.11441577113995653
0.036666985216953885
0.08685903966070167
0.1794799385031998
0.1437939025350714
0.06368539411442281
0.15799633408729194
0.0760564890784886
0.10506852316389369
0.12444576654883348
0.13018911325836177
0.08946476124992853
0.08021580452874845
0.07635461436692492
0.1257469754445449
0.12085421247794728
0.15915041987457532
0.11069820775588111
0.116420880934283
0.11671311244025834
0.06255413777154854
0.14293131900469738
0.0770198050463475
0.18126107091649937
0.10352227467337138
0.12049984385358331
0.0871080263997535
0.11330245848040331
0.10965027564029264
0.05877467566189652
0.07525645629186313
0.11361515891223711
0.1749311587176817
0.1531715772311301
0.10364054907928132
0.0530612859877568
0.0807120227541464
0.015096679440883234
0.10444994490346621
0.1340491497788819
0.19083422823630006
0.07335597512604082
0.12039172491152483
0.13923054684431577
0.11735656792605909
0.08844788310243556
0.22560191187245035
0.09203959562282217
0.14764286614459404
0.20960416612206648
0.15649717545880665
0.10823555137748628
0.16632433304309377
0.16400076165903257
0.10910805964422644
0.04476027733169887
0.15003745521183198
0.20466444076317075
0.08645057948233488
0.04392032318338875
0.08153107242637099
0.13643574883536508
0.15331572874193586
0.11889389515229333
0.11010511219822683
0.078615156419582
0.06656955641508051
0.0802476157582913
0.12214178080800508
0.12593924708942228
0.09271723521641222
0.13607716402620257
0.07780065313511102
0.09169722355466635
0.07243684104913728
0.055818752451838705
0.07027566744831211
0.16709985707388259
0.12215908810819234
0.09284911868318525
0.11254091266896836
0.09061530949445415
0.09250392318237957
0.0792030145913944
0.08785877839450017
0.13735531860896394
0.12964304413533956
0.0972809791591497
0.07590295294948306
0.11198718579852733
0.07771091862913422
0.1117710314462154
0.1155746321656032
0.13341189227722533
0.08975807559437546
0.08566982628250323
0.05689248402161734
0.1753125111755228
0.15941488999901152
0.11683075663285483
0.12756757976193475
0.09787183854328292
0.19159945977705783
0.0994447861217953
0.12485336462476763
0.07223945739302765
0.1394580521849697
0.10823911723713474
0.0780663018186956
0.06134322074175077
0.06597811800466803
0.051426177702508645
0.07814670632201595
0.11241843343721532
0.1210128343934945
0.10591156965165176
0.12308118744964835
0.09672449287700206
0.16229618865025056
0.04358182213895295
0.09272487655896883
0.13133118007026032
0.0702742543170488
0.11530544066569172
0.07237324618900273
0.11207845486163749
0.06392794173807634
0.09259066566497737
0.061994579352183644
0.06444490269077868
0.12591315834259104
0.0894809912799638
0.05236621370456983
0.10166756891479128
0.04752122817677687
0.09267142769684121
0.06948846891259924
0.13773132716244949
0.10573046425209327
0.10969693385298913
0.07896503917071869
0.023031483184000705
0.26990865385399493
0.06929896808147075
0.02701730088990663
0.038073395010025435
0.11662677858850534
0.09668937783846952
0.06457194595827033
0.1237749645530417
0.1472571939939577
0.09875903181112242
0.15365983326040625
0.06123968241761826
0.05235212900218697
0.054695913269212144
0.05945523309976775
0.14911745169444146
0.16099120569694483
0.05370151755124654
0.07198275729458724
0.09910073684710796
0.10535710954272214
0.08852243616394025
0.11915109422999992
0.07171193527165864
0.08428611304302275
0.09515955183197644
0.10374908981937511
0.08016869849046808
0.16470784473060165
0.1602315047339678
0.10297120894917566
0.13984630558126485
0.13468802685326198
0.09966229989194636
0.07727433788731174
0.09173850824585139
0.04652826701449857
0.07017261335174045
0.149856369293193
0.06296406347765206
0.10996110766055654
0.06809017655559632
0.22512725744005993
0.04776987583227743
0.1206163906281648
0.09894278099989376
0.19847772811696718
0.03616236847456442
0.05378716130237776
0.10038990207518461
0.10715554821572196
0.11390927341205634
0.13280175005131403
0.1869906943646547
0.15479592348755752
0.14819632699955151
0.11893143990034
0.07065628063997555
0.12931457819326633
0.15554579248472852
0.07928430517609468
0.11256243245947942
0.16739619172273992
0.06773174101188911
0.11949861931358564
0.11610616615169272
0.09214475603031085
0.11079698577622699
0.09144570756724658
0.058102453256240354
0.047057058602988464
0.11675989191456283
0.11599421779572636
0.09995462085241928
0.11306779885848159
0.1386515084940518
0.06722599042297615
0.06681396682176526
0.08752492467975692
0.07189747712317787
0.14351825166314092
0.1395592380375227
0.08326352182815637
0.1748632090028348
0.06787149809067075
0.11849426708672567
0.07056498567336338
0.062306496522040324
0.1560448982030933
0.13221268296132727
0.0892529835771681
0.05102118425818978
0.10529867112132758
0.08224222628381839
0.15476516873738577
0.07651866165949008
0.13550399412801373
0.11476701205994784
0.08494809812457858
0.11607028010421261
0.11104905841740088
0.1285064290158959
0.1419917976314727
0.19980170258438384
0.0944074594002991
0.10873969934596675
0.06546260144708752
0.05891945987714535
0.08599354813534024
0.1567721693032922
0.1223454079818563
0.10566866972821527
0.15326403438024475
0.14475332947729821
0.08834370091901084
0.11906772313546671
0.03960692907146314
0.1226212143714712
0.039018853302542296
0.1021467623483066
0.16238564837231653
0.14443737460437953
0.12139343779533492
0.11412475524445966
0.05299836478046078
0.050992467056053765
0.10014898401637153
0.119636036552711
0.07574772796632052
0.11206106321914722
0.15508727318813084
0.07049503701543733
0.0857139784976559
0.14747432201860605
0.05788678155684709
0.07891383853087842
0.10487561568689495
0.11166919892134722
0.061368714193023116
0.15766683997746891
0.05893563832718713
0.05138751645090697
0.07741307188220506
0.08090761947205731
0.11560344573935419
0.15398165678898898
0.08574223459482398
0.07565744276171311
0.14361590989926562
0.046886151463450695
0.08720113570274228
0.05482416906158265
0.10212440908034358
0.035207290404050004
0.10589527270517861
0.2697826375460884
0.11032832395030208
0.1143809914754462
0.06738888069491376
0.0631188468770231
0.10924312778934207
0.14737138298894373
0.08802782560407964
0.11712663771222512
0.07914188494136125
0.07875923162116295
0.06276855723718748
0.10002259556501984
0.07020512302545376
0.13215768594358526
0.0378333237512416
0.14712077948318245
0.10721035532215206
0.09358800568834007
0.13879665132581123
0.11955380012375559
0.0719703665832476
0.14669550719904237
0.03860232812735408
0.12762320122129342
0.045978529669361064
0.10156087232235761
0.07037920463255054
0.18071525663009416
0.07862435391353265
0.06765935685531753
0.13833122139640794
0.10118836934366222
0.13739353688289474
0.07045195624543704
0.17418622453500626
0.07183796977137467
0.058381149496587965
0.11928190278815123
0.12414637669534431
0.14488832393927725
0.10836297114136278
0.04459996488301725
0.0720499048753702
0.13315052043590034
0.13211263143086693
0.03588045564908937
0.1332189843519788
0.05887300994104187
0.10091273801598431
0.10253806304839524
0.12066405630417301
0.11279699355200237
0.16153304433309373
0.1596345421282675
0.14009536124089503
0.06263355580619552
0.049110333916210155
0.0634932231534078
0.13388025160536143
0.03382007656928482
0.14510147924581124
0.09905320443195256
0.07161740596908996
0.1261003858113808
0.07301062585255488
0.1488167014904139
0.052653968385884015
0.05520023558562324
0.1478213382016293
0.11055578255551964
0.07526473005797886
0.07670204140782998
0.14154293929181927
0.04083113399458283
0.10487429186307888
0.13058076196982082
0.0894858384547048
0.03991447521501181
0.12939636797962667
0.15966224117689062
0.1754212068398021
0.14257543156517205
0.05129184470586391
0.09884750010323191
0.10301809041255632
0.04305953076082206
0.047017794034034804
0.11463548186948494
0.08888591371503887
0.046394720379766496
0.12319819063195936
0.10475072291406323
0.17358519643352693
0.12612316404445978
0.06546184626951092
0.11229787784755198
0.13905850794695448
0.05191247274557846
0.09853192940517203
0.09982757787548667
0.027762315192191852
0.1103531292834052
0.08015691663738429
0.0968964486004725
0.1290879890351866
0.14762549330229263
0.10590909971256232
0.09839459832424365
0.13094596289916977
0.06977098218018174
0.13892798044936114
0.20220491631900805
0.058088316376246396
0.1516263920827156
0.10247636821023073
0.12285313182700451
0.19920599244340043
0.044026000102594304
0.17304847192496667
0.0415190448236919
0.11744750687535806
0.05620952732686978
0.14153286773250276
0.13128623031404296
0.17316457688155798
0.11946617519496636
0.1062410799635982
0.06566872999052328
0.09868705306245043
0.032365220438205285
0.07605530446522979
0.05537625167618463
0.08966496935638589
0.16260336437257208
0.08882358185679193
0.07344701227328884
0.09573185990425102
0.1359300048519726
0.07515141888788804
0.10227884906277669
0.07140516404678203
0.10542991007907626
0.15766665707884103
0.15761851887989045
0.09181356938383119
0.043005459553027696
0.17906350963684536
0.14933267890798896
0.1602977300233646
0.04306284735280129
0.027265222088502374
0.10145985221671402
0.12546726760922394
0.03327100382227577
0.07311774502507326
0.03283912230243156
0.07456005784948883
0.07540395699035593
0.04407555919751409
0.06178300862269978
0.11339520887823736
0.06762427748693607
0.058008550006276006
0.07425133342585233
0.15980137681691248
0.13202361764052883
0.09390497960077775
0.10736421567728381
0.08217517790044163
0.08950123516082609
0.13898076969077006
0.09909350571636956
0.07026585325630533
0.017697832580540054
0.06926177244869097
0.10396234057368434
0.125003879856169
0.1073328108785178
0.11854465676112232
0.17397168743750727
0.11068160531608887
0.10555295507770597
0.13900389715632985
0.06028757496355476
0.04359705606866572
0.11238942279628979
0.052366092290031294
0.07298785238688207
0.08344096430259824
0.10219497572773455
0.12359996581716075
0.15549891337895563
0.08353814118744718
0.14001275544430783
0.11804313133071691
0.10435669172242804
0.17132788741365154
0.1251127317757995
0.05312116913924444
0.09518503503578407
0.12977176634796683
0.06840930032743046
0.11111744838896007
0.06424647412859917
0.12736200891895216
0.07024261194690987
0.11994809465547397
0.10910145452589926
0.06660389569268649
0.09404649365689957
0.11544004073927931
0.1260457287737978
0.16985235708400026
0.0598885932717503
0.06296974643174827
0.08407757852520448
0.057493505327263515
0.14051827140570458
0.09641046931628851
0.15157536736417485
0.051682833868741895
0.08107823872800408
0.09504967331045816
0.11404010740046674
0.1078452925951335
0.06431604104951158
0.0838446309768018
0.19812769465562
0.08263811035652835
0.16192922106728436
0.13478406327980683
0.13567804685185522
0.103123026446197
0.034791273188867725
0.08313227880120862
0.07404331717488946
0.06550869240790014
0.19208373226387335
0.0827542014947388
0.1516772475949542
0.12838836722230404
0.15122734714557026
0.1265414741872329
0.1113344281143747
0.18465198184422518
0.16279492358456527
0.05089601939567961
0.09538734422945883
0.12511025726298913
0.12291337397899023
0.06559082440638261
0.044128626275988764
0.16877128709547684
0.07447829064089297
0.058669033336401985
0.1359110630884517
0.10480708622353273
0.07392601721920211
0.12702027484549422
0.1696686338564582
0.1266131780637293
0.04847801990848871
0.1204324941843958
0.11472577983469087
0.10553056304425622
0.1561220920198446
0.050839785108972045
0.13143444554160694
0.10915677901432559
0.06083749003187955
0.08301760179714565
0.10784024780111724
0.09024321196336983
0.10499362928149639
0.12464429003784963
0.1423769771574036
0.15756532966444964
0.09342469060693
0.08553924555451807
0.1483811509291206
0.19957042278649242
0.14545897779852263
0.08886200769313239
0.055533317317456525
0.055889602627149995
0.11931955178431025
0.0805521183707302
0.04092254640603663
0.1333160607457684
0.0878075092944526
0.10078187108115938
0.13851550998399695
0.20460403213421177
0.041533892542900464
0.10561741485358607
0.1646088441193718
0.12186631732190577
0.07538454582515886
0.12843065113877014
0.06325958537970942
0.03972876547142441
0.07224617111319453
0.12248180440767303
0.11381085461794077
0.09465551228675947
0.029940172732651905
0.1448445660705878
0.01355642372138152
0.11084441932753836
0.13477569608865494
0.13585670667317445
0.07408179394390815
0.08263227828465196
0.1266626407654537
0.0845295824079668
0.10964763031728601
0.16547395919893285
0.12103824902861521
0.12852276135011623
0.11167755975003746
0.05525873080339665
0.13559269773385327
0.09541346288460964
0.1686731564882262
0.06855950521512703
0.08530968128528028
0.08251495438889954
0.03270715990864171
0.13317131571180393
0.08056837508759966
0.13093505289609544
0.0834951081470541
0.19271479985401085
0.1277685893013905
0.03680218909895154
0.1132490175429656
0.09345322731935084
0.08512211737875156
0.1580275015764022
0.07927902755052132
0.19479291365791107
0.046277508922959947
0.08163622360723143
0.08735005197356316
0.10012016006975434
0.07298538021061886
0.09864747972105109
0.0765729551530992
0.0534196179701378
0.08779593987121345
0.14057342731841221
0.09669286937074664
0.090983599341737
0.061954578250211806
0.14670886522403545
0.22156072685942882
0.048478858942628794
0.06640100749072099
0.17582925320489642
0.14017567401016962
0.10685215925958189
0.11151591021570643
0.09237738027878134
0.10593431050587912
0.08387716390646988
0.0847667764147371
0.14820511873662584
0.08105986144285285
0.10809692023615859
0.07219504996297157
0.08510692767732242
0.1350524133648131
0.12864580117972402
0.07281497123690742
0.09946767719277509
0.10789300404947559
0.06473500174714132
0.06641683681659251
0.0645554300725218
0.09638123640539775
0.12622349476337721
0.10417251957187111
0.06096285351635851
0.06610538938607671
0.14917654578781975
0.06763455127693101
0.08385128034334242
0.10086466855248856
0.04154489714661275
0.11428116515691347
0.16380083635016443
0.09842852108440452
0.08956061447576248
0.17678041010730566
0.09768644010119475
0.10900075842273922
0.10316687873773386
0.08901067167844716
0.08905691894648761
0.04526757806112856
0.1332560965677011
0.08871698048676786
0.11195063223704807
0.03703517050828431
0.08761970287665813
0.11717358616949625
0.05410438249987976
0.16456759873380913
0.19115239005629403
0.07242978622383447
0.10763251569764498
0.06604780478830577
0.07093701532315966
0.12016127780659557
0.10056000611169952
0.10585981602289268
0.03171738533385897
0.1015816425045803
0.12656157793844452
0.032450467161652084
0.10076913716499411
0.033348938232148545
0.08485399493598147
0.05167659094724738
0.08022733635226545
0.052429996069760884
0.14294881656175584
0.09785855317795801
0.08000181445684706
0.12882762407160822
0.23913903196196595
0.09554361407813843
0.04458834056404191
0.08317645536182854
0.08956690903524206
0.019500138907180723
0.024145856688641883
0.11984827293593274
0.12006959699030412
0.08063577114289992
0.13661412370244233
0.05606116645629568
0.05425013614902248
0.13967648956990067
0.09824203792854562
0.14180749639156126
0.09124755838939341
0.05931388337672158
0.17495254906104893
0.132933822441557
0.08048991715357945
0.06389785709529418
0.13865927105417492
0.030229979606931967
0.01893652439407341
0.10172802771238187
0.11961144699106756
0.12139110519673987
0.18296143549070534
0.07120159437460598
0.1477301973409246
0.06451965196930659
0.17534531280911222
0.11459197283609425
0.0822654846305064
0.1785784446100718
0.12710936400243944
0.1584800660999871
0.18953303362366078
0.06465200156245283
0.10842666404048024
0.19636829573352754
0.048701102324134604
0.08885840849398229
0.05844024321706156
0.07320151828028228
0.0531632708145704
0.14054954847643303
0.02578739744163833
0.09198034673107322
0.018469137605721664
0.14279850745806183
0.16631049044286897
0.08946105391416509
0.07016260017668054
0.11585843812734352
0.11513039501009026
0.06607111893757839
0.12479073645447847
0.12131423676736922
0.10967206825385395
0.10000392315035064
0.10424275615390297
0.08133698986185578
0.09456662878381115
0.09472615348245618
0.06945578418080048
0.08944112260631887
0.07438570178033105
0.03830463913812255
0.08275984219670297
0.10798742574041022
0.17454651034983326
0.15400321091035243
0.05209222826125166
0.06050849257290752
0.11956681915837974
0.10873650581959425
0.10155043882228591
0.042649660034074076
0.133572448303267
0.13169800288381703
0.04273585380029617
0.10088684841064376
0.05607103945395056
0.05512213944386337
0.09475398704359074
0.02601589706302028
0.16657724569648052
0.10906819956830527
0.042290958869284315
0.18014350853895889
0.06676099554614659
0.16792395512187985
0.12299407423617234
0.042785248027340524
0.18070650579425357
0.052108117003645975
0.11082453451049537
0.1271952691996103
0.06696731555014959
0.1094034023397927
0.09933227739259833
0.1162564841291543
0.10468117014881222
0.03391856727089385
0.09109161346165473
0.10555273375264025
0.13736983092532856
0.13104823355000203
0.10004088250333597
0.07235974609156583
0.0807302783195992
0.11865945197314343
0.09203327906849017
0.08883571292449727
0.15647951078259192
0.09134463148666773
0.09505209463342397
0.039263690545335884
0.20524008139569516
0.23229457429334627
0.10189799935945515
0.11265530412125135
0.07311740087624319
