0.12874551265621556
0.1972149772980456
0.09955965702868193
0.20453827220384213
0.09796112733639355
0.08747533323538988
0.0712177521521776
0.17620956225986936
0.066218276380788
0.03529400276913889
0.10255571483958396
0.09187994988422456
0.12185019524857572
0.11124057893990583
0.08166749781770101
0.09775713396221941
0.14254378405543316
0.18026688832635276
0.09172747900282606
0.11075837998448433
0.09417319096354808
0.08992360795679062
0.09089654865925303
0.07075920542058611
0.03507613393894827
0.1088013866911171
0.17441027414057253
0.12571312667809656
0.1583031169412786
0.06892236737938381
0.07536025841093118
0.09863180912530378
0.1092686806610881
0.11581344259605163
0.14636876546372424
0.1070884059982358
0.1812899220864659
0.11382746377093055
0.10140928738561045
0.027253677980705417
0.13329146203239683
0.14772336275942557
0.12655139819428304
0.05789860263604207
0.06860599544662684
0.10660832467551293
0.1246502799189763
0.09164424779564417
0.10201198941379251
0.08065210046753175
0.051305895807845336
0.05879068114656394
0.06317852028414649
0.07636647903740179
0.059519028567096385
0.19090372777734746
0.056567448452791456
0.11193761362401826
0.121272199386409
0.12470941758857668
0.05930786898497103
0.062413943091777495
0.10671159226031048
0.13337261738197997
0.092024587706836
0.09191561891348805
0.08994264771879364
0.06877476747479246
0.10603704255484424
0.17372719128591213
0.059615951548857425
0.08971730876922247
0.19531285020591285
0.13234103837898245
0.13232841667518336
0.10621158125437043
0.06968207370098042
0.07715946335238281
0.0784766888249389
0.10743308384744375
0.10008235744437918
0.08579243682686258
0.16990658946894488
0.09341913310870532
0.10879811882184584
0.14363498646733197
0.13139133757880148
0.16385421060556488
0.0969892108668796
0.07822498931491317
0.10136512550964115
0.1464188294193996
0.09314738229437729
0.062144876524911574
0.041798347397010785
0.07112176766810077
0.07355024922055557
0.1337837320983165
0.037213911919817697
0.044017877994270614
0.14391349478671434
0.10060257116119886
0.06768165296766968
0.07167170973630345
0.06585356097692197
0.136648679101399
0.15433220758197116
0.08654397726830095
0.1395969252750294
0.05198561761476256
0.07619369285837893
0.05260267247381359
0.13687344685844566
0.10581180407223159
0.16456033586173352
0.0825244583541831
0.04144627214327212
0.13293946761851844
0.05517613023278903
0.08145717413002701
0.06678074460982668
0.07702540757779103
0.10661307055484512
0.09838415269638116
0.08554100280179876
0.08699262462456404
0.07458638717774929
0.09035053462783896
0.07889946613216939
0.09378861684461083
0.11932407524427682
0.1253392768648679
0.05861161338106697
0.08368466081286033
0.11327785088974689
0.09000942527811315
0.08117238844700134
0.07683007884532199
0.126931574864907
0.09485431131951592
0.15839538012914606
0.05321139336005347
0.04759851703712285
0.1160480893912228
0.09966359862877712
0.10828800438079098
0.05619944352990841
0.18672213255931494
0.04708032728578983
0.045513011281307476
0.05531290374012845
0.14999886737173934
0.11056835242797296
0.10256171673983035
0.057362431784149126
0.11740179186445861
0.11212954873318151
0.10375608300981073
0.09877512821188063
0.07917925230303663
0.10663054290915376
0.06578803230398324
0.11015752541082534
0.08050547795021916
0.12779667956149626
0.07318039273143064
0.055418867261935956
0.03621923891819607
0.03366743808780998
0.10846685281200327
0.09326667908025164
0.2061942895292827
0.017842372230633487
0.058571816017304386
0.10921428614071182
0.09295169013808564
0.11963402832562525
0.14205899053721557
0.11106813692106972
0.08412387255455395
0.12344968203934711
0.22869355471666145
0.10837617351570648
0.1953565214467966
0.1129756812379591
0.12866802689036205
0.12612299645563885
0.0881691068748664
0.12739773012997851
0.13480634227617772
0.09448164886670055
0.1062731361251102
0.0835376814638916
0.14839015871776734
0.11531853406734226
0.11192487964910161
0.07713500520688528
0.03601775643838604
0.11009436136710768
0.08000200614598603
0.11274697112328298
0.17029143396623864
0.13000117793087987
0.15906152082005537
0.07222388821746385
0.07593209964907777
0.06143462162290374
0.09304265265198104
0.16193406244528855
0.14197571359701042
0.053393974339590755
0.15332643859592188
0.07351220509460553
0.08096715657066708
0.17269564594257558
0.08872872677236705
0.07968750832473186
0.13143767211768803
0.11344104184838874
0.06709605774936962
0.11845596987585949
0.11086481059164072
0.12028673147479278
0.11209340199408148
0.09168501471304548
0.11871553798348597
0.06802701766443564
0.12958381899446472
0.1206009457286288
0.17447538598241727
0.15812268150630146
0.11724376918423679
0.10202925059961628
0.146219404920889
0.11469881504321448
0.03689107134502811
0.04873338910862812
0.1395278910225702
0.14097086147348106
0.03396861267107154
0.14596708097725486
0.12004970423994424
0.16172332988460988
0.0682979801889095
0.10579962650311238
0.12344187845684612
0.2220590386644976
0.12741994655369157
0.05151243547332597
0.0828788759104743
0.03745268968149086
0.08449778703869074
0.07231054400931028
0.10532254372780056
0.11952652490777031
0.16103469894523448
0.08179434245162376
0.10038607868649224
0.05745183457011059
0.12114769719326915
0.13371808708535862
0.11353219431208651
0.17567247640890457
0.09549268395716018
0.12712755518920366
0.11214998114176712
0.10109618734591184
0.11052329715355406
0.11579007992841522
0.07206753203110113
0.08046355470731245
0.08107067231900444
0.041811098896142124
0.07203685006658304
0.08161233056617435
0.0891832031177386
0.06614420997165997
0.1441106044250765
0.04421526476503295
0.07542544176674001
0.09656669761823318
0.08203377854791036
0.13289630246654194
0.10133506189064327
0.1112797884259413
0.10361755896430784
0.07833775393079404
0.059435741284772775
0.16882923842637992
0.173848499230287
0.069347822906543
0.11444454845232793
0.03798900597721388
0.1733186124590238
0.07214263271138019
0.06318305899779597
0.10773690556529537
0.08166739248137075
0.05385948519448191
0.16394921274034466
0.15798977993670887
0.1263482336289442
0.15766030529208774
0.15844103108791738
0.088660029108905
0.12146579261543151
0.06796104703856677
0.08372579727429574
0.15670380790022284
0.04516321020993273
0.18443955432688067
0.048617841419533556
0.11913166188110072
0.051593513534722704
0.17539792548549932
0.08526710900242959
0.09217128366047964
0.13462024331469133
0.0755627059925038
0.1111989789073495
0.1402299669960697
0.21035650122679084
0.11594635025650211
0.10250516119157048
0.13571914656969664
0.12246651455780963
0.1545767818670583
0.06355105198993045
0.056350152338804936
0.07832479512234031
0.05104195125592177
0.0952438175419853
0.07289162310963664
0.13376790540235564
0.04476183454964694
0.12042982237716861
0.11620010100083344
0.08396088850441119
0.16742896171311972
0.05858622490653082
0.20020706791409182
0.10377697150964593
0.05280919844100782
0.10138413316983128
0.12364633282709735
0.12126475884956826
0.10883758351484314
0.06998168829118198
0.10629507599612789
0.1394699308953161
0.1818483211023684
0.047217554461192655
0.11114143851569262
0.13879424771597687
0.08993225202560214
0.15863523188604006
0.12486378105796143
0.14065448754613388
0.1451997395184949
0.08051563599974962
0.1044138848267873
0.10897754573151983
0.14099443266869582
0.08801362357200176
0.16150188130972615
0.08289611614233527
0.05126453017117253
0.06533798340696637
0.1450799512286973
0.09162566129286437
0.09404652508818426
0.09218012824746348
0.08815544122641578
0.13356451278529158
0.13916040163935045
0.12017211314469495
0.1152822505806764
0.09470047218344656
0.058072999338704086
0.1293371067466753
0.12155987507534231
0.08284190467248806
0.08806256170514812
0.1803653580856766
0.059990978654213344
0.09912988500808907
0.08993485040381465
0.11108194678686442
0.07235180967954297
0.06706656694490885
0.09523019712310693
0.04470208295190521
0.15663641453146962
0.162275175668966
0.06452841732891525
0.0808246931021607
0.12356606539917621
0.06631116345125773
0.0874952889108337
0.09974890996830485
0.08917123393160938
0.11514102292750811
0.0893498212638926
0.040733271082710215
0.14013856038777345
0.1402738026124642
0.1600249721850327
0.14838041185262704
0.15527184057114635
0.14880292876381376
0.08005826301859076
0.07814163882374164
0.09354581202290617
0.04520602925130519
0.16309751924963434
0.10917900267567099
0.11169960967768348
0.14118441611666832
0.160178650140273
0.058846177093245466
0.13782159778519545
0.15015963767334223
0.13695784521772866
0.08144816122544415
0.09426763170038156
0.15566017340063285
0.18025645076925845
0.09303040547572997
0.11953419964596464
0.06382585137465495
0.10490691105232253
0.09734642853889719
0.1766591797580766
0.06974105306256505
0.040118651948275484
0.13964146232474572
0.14472819027698872
0.056825911350785276
0.16762618171047078
0.13482875989972468
0.058914777217604214
0.08280988765701808
0.06525176039696681
0.10991645870918794
0.175963424389401
0.051881322071032486
0.07795214974413273
0.06727934593333873
0.05900552809204577
0.13847809988468227
0.19248566723516503
0.1018889485864878
0.13917339097161568
0.08037375875052179
0.13735114192507394
0.1087113853222972
0.09099109167785809
0.0780818784437574
0.09096459450320155
0.09430470367662105
0.08416888228229696
0.13905559495125633
0.06825308647101838
0.12774801097456712
0.08911221450996755
0.09134493348041979
0.10966130915869542
0.07236053882358244
0.12164242021210378
0.15962719016764843
0.03947897235195538
0.07335907483446964
0.10855802176662921
0.14376413039027586
0.08720054417930273
0.11268300660847837
0.14719917198733753
0.11512443364266711
0.11255661215600896
0.143193313630056
0.07460201478857167
0.10106535064430316
0.05785950860573561
0.20184909375958376
0.1401858442620785
0.057289292156289445
0.10690548919306149
0.12151060449770622
0.04617531909190415
0.08250545346981485
0.12540699009425788
0.13124784024342537
0.08910744193772117
0.11606556978311898
0.1447045633035703
0.13176156717737042
0.11577810461481856
0.07954201933743635
0.14192416696352614
0.08262085992544305
0.08504315903289127
0.10602483494088526
0.032680170665980265
0.1687341994634814
0.12630735075767788
0.06458227451554367
0.08154349411177764
0.03531971018856713
0.05787748109299695
0.1373235942806508
0.10529518340164593
0.08801602252514124
0.057381537515125015
0.07587448991685677
0.058365984592979425
0.0669154809684168
0.10072255701839411
0.04433948582772659
0.09968036394782419
0.0893443671410731
0.06173777658704014
0.07645109133418895
0.04287594504943596
0.1402817328012407
0.1168686890627287
0.07341179229380042
0.09862375419041941
0.07058753645784441
0.10630458816728676
0.14949447488080275
0.0857173359169004
0.053011571129857125
0.07476977942699711
0.1002616030219861
0.1012965803202917
0.06223317649927193
0.10876052415517416
0.06977304171416396
0.1655096092227853
0.06458495079948884
0.12264112892492478
0.18770559037254958
0.15697672358095577
0.12698421848118727
0.12323347949061508
0.11551332014189819
0.13047676133572697
0.16689335549421944
0.21416880687633136
0.13014612129728356
0.07458939802888459
0.154168027518774
0.13531859945097807
0.1204444760040622
0.11087557481630138
0.08944954513528154
0.061203821407974666
0.08952101664935568
0.02313815773712711
0.06394609636806416
0.12522412140396078
0.1350290786625911
0.12055084867001323
0.13927765054882585
0.043317001943454544
0.14767405599292527
0.16415889224374064
0.18142119641790228
0.11239923648674051
0.16467647772317742
0.10298257622013683
0.15622985027731473
0.04891692357371409
0.15457630783303766
0.13787056218134036
0.06637904588301405
0.15082183490421397
0.09740654177755559
0.12867010638226492
0.08215188757905555
0.1001071017937991
0.10427798761629715
0.13975076312580775
0.07331922736599134
0.06625112393569496
0.07202008850735622
0.11747480267799909
0.05826600073142212
0.039940123239045465
0.10616047858593593
0.15652653620777512
0.07283008601750961
0.0848900813235692
0.12079265757817934
0.12787014573195385
0.0491122241679512
0.05408121567373797
0.032893261772342794
0.10637721822532263
0.09104494950534918
0.10705696274101999
0.09886267792117383
0.10084788962685305
0.09845611236349186
0.14798391268691283
0.10459908247267387
0.12326496389728843
0.10230421604914908
0.06411296907189337
0.051112724829763416
0.08861756054181034
0.0664007546004901
0.14617614610683763
0.11011270219914698
0.07997667280230186
0.10303836980570243
0.09449788918112102
0.09251806625444992
0.013704511852868955
0.1115310207504084
0.09597084489311757
0.11800774421962729
0.1407041564687699
0.07539316186004723
0.15476606728920453
0.17605023603610165
0.12075033706038171
0.12089353927864877
0.10798420849779879
0.07453307250940992
0.11926400851249291
0.20506822969918231
0.1221455663746442
0.13146927741818942
0.07061819750379907
0.1714053424820056
0.09286265652543776
0.1931822439888449
0.10333315609828754
0.13703201439136362
0.08157341669465433
0.07201550806430719
0.10069400452939174
0.10859765450550961
0.09306774883257816
0.10409959800329971
0.041048862373689765
0.06822557390817795
0.10728698538548427
0.053280622648669444
0.10604956042898575
0.06046510870926203
0.15787203074428796
0.1075946198354668
0.098168483357626
0.05718617762573752
0.0642270028326959
0.02602185206782255
0.0928628079953205
0.10629737109960971
0.2688606261694842
0.059413643430792654
0.06984936403698551
0.08841299644598939
0.1651003550629861
0.15162791383353946
0.09531512497522841
0.09468890443419767
0.04301752437779135
0.08528681707621238
0.10864733001910441
0.08785355956899932
0.09938245170023642
0.09584458328989748
0.10587040746537842
0.12657950966144377
0.09485250552918344
0.053601852272303185
0.12259518156108501
0.08366053271890361
0.07592246371052705
0.10617234845574985
0.11865567699445276
0.06422388201277945
0.07688418760183861
0.08375681903404915
0.10258944361061138
0.06074756217544697
0.14882245956011314
0.06615083021325564
0.09072306481789755
0.067123012072544
0.08266190454487829
0.10194913781354488
0.058451037724415365
0.14215388611422425
0.0980771127310616
0.13631037409893026
0.13361340367773772
0.20052593691330498
0.12127181824140633
0.22538945749976375
0.0432699301450219
0.06631828845044196
0.10061636437033543
0.1522284113975969
0.1356521786650429
0.10743783864800004
0.14345779700909259
0.04610902924891864
0.09065277328252075
0.13921792976507544
0.1104939655954193
0.03653313211217596
0.05566910701728437
0.0675904462965467
0.07516491285678954
0.09265408666021832
0.09917076261488528
0.13274697761927512
0.04307042857985722
0.14736880747113834
0.08551832996337476
0.17479743091824687
0.07682128968464676
0.0889678673680163
0.09510787748265309
0.1260179902247184
0.12491948093507238
0.05297967976084865
0.07065764321596209
0.10774072331432348
0.07722462712412645
0.13883597323648433
0.13691231583782015
0.09614320590202952
0.09389346940680349
0.1323728442672656
0.03704154352822842
0.08177723995542346
0.13255071947644204
0.05289960894978247
0.11357440345552804
0.07127013964743935
0.1422991875624715
0.05876239982267609
0.17898857434698126
0.1039760396183646
0.10522228826629801
0.1041991873909301
0.07626483076886006
0.11482059427590903
0.13370759965176698
0.07973127559173804
0.08327402781837863
0.06498550295686029
0.12073618283933836
0.17694313570302264
0.10105283111781363
0.05146526753656539
0.09168172825983358
0.17367180046881456
0.1313224237905788
0.1423531555247648
0.05599762683477782
0.056343009362379605
0.08882377786151824
0.1255740522078385
0.1630958121883693
0.12007538876691176
0.06151751624646915
0.1166359967064756
0.08909679106555309
0.09591353412873165
0.12633556839801385
0.1499986833762568
0.05629392783588674
0.04383679460174553
0.08830860446545306
0.04498568624450683
0.19893830356022218
0.12405670068499314
0.13901918647108125
0.1252738997331959
0.07440635509340028
0.12464992535413941
0.07979173780181352
0.16471654682085357
0.10754291210240587
0.07931241442874327
0.09369232014619307
0.13154096118423778
0.08367601029753097
0.2009981475844226
0.05944829188604643
0.08413889366505926
0.04724605795638726
0.1810422999920931
0.124621433848841
0.10124792107250026
0.08220139780734464
0.11349659733040804
0.06300930410838436
0.05887694724453964
0.2137891757064718
0.13893159982459985
0.12805691263868613
0.07742914335674564
0.1854599882102131
0.11381270217073643
0.07084169618102719
0.0543080770919173
0.1135440500981229
0.13633844714004942
0.05360193096417169
0.0687916117310547
0.12008912747563408
0.0961107731372144
0.07650771621144074
0.0549222761406885
0.12832989370726536
0.03843125798964869
0.10837430850174103
0.143390617403976
0.09487615860284423
0.19083415227217315
0.1123607373083785
0.15569109626707586
0.04177810309195841
0.08319289082699462
0.14631886520575155
0.08015520587902708
0.08268352068889685
0.120703512168375
0.11455244209742882
0.07393690394924454
0.08436589379270401
0.08360788438268903
0.10592401378313879
0.16007449394694057
0.07212696389163126
0.1278312662892986
0.11628225709442418
0.055685493685827835
0.17716752750517747
0.14790106248486276
0.08069807517360884
0.027924418688532657
0.1291005205043325
0.06413122478195706
0.03342519921665335
0.10968396270605647
0.04348204127801227
0.02578739744163833
0.19202143605431965
0.13601364361416962
0.15354198013939224
0.11420262448853975
0.1331738649670209
0.07238783709964572
0.07256211453743204
0.08625393444983184
0.2286222714179145
0.0680449487131461
0.1047270797576281
0.09268734669319803
0.10609090991020544
0.12363880723731131
0.14141567575224212
0.08743517792603253
0.15608961677717792
0.1206265388975903
0.12468839036151444
0.047530723934602
0.12974208578928242
0.06625956770321752
0.1053171257169591
0.09158731643474548
0.18266361129195538
0.11631670371256403
0.047008826677068453
0.09950793808557613
0.05240096716778557
0.061606208145736224
0.1024367900035496
0.15927154518275322
0.1454363685768986
0.03793869519943564
0.21219504231151662
0.10263223194604029
0.10033465876072079
0.11264904431234128
0.1483653298707271
0.13532808376220853
0.08785521996169675
0.10287303911336587
0.07093747353738579
0.05374022276113066
0.20999290716726202
0.09153737357182633
0.16971093962914335
0.06806231497767576
0.1325177287742895
0.052243903547377166
0.14384926902671985
0.08717208129877163
0.14901877208806955
0.08776220742296224
0.11429179226171864
0.11345297759943898
0.08284424653268903
0.1564624439323413
0.052478288426097745
0.10594740608449074
0.21201359100903186
0.05332622059328093
0.06175097465774866
0.0633007012589139
0.11959342768742119
0.07019650220480675
0.10341186067147298
0.01961933692233498
0.10890309339441624
0.06994457115156084
0.03300555872059648
0.08299285145156353
0.1557132248187653
0.07886421748143742
0.06805296011419502
0.06198182202908798
0.11102497413778473
0.07417984058827166
0.08079176441699513
0.0778375995467277
0.07362158835083464
0.12235999072135155
0.1295007941014034
0.15049702828343414
0.1126236477860515
0.07716356779541411
0.03594545745651088
0.12981105543885801
0.10464559425613056
0.042486231771490114
0.06701758318890089
0.11813541129876436
0.07419474709778175
0.07276116239932502
0.09344661550504992
0.08921723729564951
0.09758861914752531
0.039353422521010796
0.10211334005677719
0.11518526060043886
0.08102743052077896
0.17464128725110148
0.03704181173162372
0.07051450414218034
0.05909972999707125
0.09709229472142368
0.13593305898095348
0.09467855233777037
0.05462868438994642
0.11472099294631571
0.18565132895758232
0.11698674938106564
0.0555274190521673
0.06481332454918041
0.04106869243482836
0.0671398450098613
0.03980903567328093
0.09052236248592835
0.10113192635509236
0.06682279580432474
0.03886168472014111
0.139755397852315
0.041721359362118036
0.0992684707574905
0.07383467626997944
0.10204413970445567
0.03290087243228535
0.13951104674059847
0.06835489395263733
0.11020493179363058
0.1874173681343588
0.22641290397120195
0.12108979832213279
0.0756733941333379
0.07973664991901079
0.033450863778085586
0.11392082864177326
0.06441836226844846
0.10957944993429146
0.030652451354867737
0.06100287396125761
0.06636745839612303
0.08676459110340444
0.23983502888475175
0.10666337492251747
0.15808001223518808
0.030028617854069056
0.1012434730476079
0.04416061001210957
0.14777338874183168
0.09955055849000553
0.07388326606926893
0.1632283968740859
0.1054715981412933
0.06312982978482093
0.08567134994066952
0.149664932746898
0.12874933604719735
0.14985153423831235
0.12662433641993132
0.16219771274039635
0.09296044118747501
0.044134242085934625
0.12430482209638283
0.13738219452897557
0.15083804031656972
0.15337146327170634
0.17539270232902363
0.16712989669988657
0.13995677705603277
0.06432443930988777
0.09922001117907582
0.06468242004361067
0.14045432575752942
0.12917008826621276
0.13860661816806474
0.1565921826835835
0.10092937071705327
0.23228263563494847
0.15091553516519182
0.08975576907690667
0.11236786143670836
0.048346738596015286
0.07264446901276474
0.11240905466746247
0.06491337610562954
0.15345826965153436
0.12471575895535103
0.16594419392905496
0.1026640074957489
0.08015866932359997
0.09356928763606448
0.2370257192083416
0.11627075622361924
0.05262585953327294
0.04921987331827429
0.0921806039453046
0.09945254176607932
0.08418006873587133
0.1434456684610602
0.08729587752095716
0.07090186991846158
0.17466095193557735
0.08949684466692312
0.1146542857561348
0.07693355178258858
0.11296531185462647
0.0905326689631112
0.10005502462867039
0.04212779120520374
0.12984902978505905
0.07602504451555331
0.09051209754488786
0.09048211052258785
0.09761900516475798
0.13136860501157727
0.09902251894894763
0.0713753994377814
0.20067681709701882
0.12638976845996783
0.04966009757039232
0.1595405076282759
0.16571107413726943
0.015182688622976837
0.037167894662336484
0.17613127615377547
0.11986602198935971
0.13588265089787183
0.14511923272365193
0.10577620516005616
0.06409176684468572
0.18287100614548768
0.032358813522539276
0.13676797661517537
0.10205397987395702
0.2244448127295886
0.16919458104379226
0.09505790044051955
0.09020592187197614
0.12902049057553835
0.08088771059996747
0.13797891399722673
0.11320167680116729
0.08522549864001307
0.13283266543282843
0.05498701620472354
0.13904793331113066
0.05512280289276801
0.10933247696569645
0.10944655383391969
0.127980935142362
0.12234379658753035
0.10915429409520017
0.12311280280959006
0.08582331304448879
0.09589756354903481
0.13984966970924909
0.11741391701513276
0.1354290258537451
0.11119246436790306
0.08753685210725559
0.11133554215433138
0.1020530775697338
0.12053503027098124
0.11893592255358455
0.13932949379485304
0.0656794887161023
0.1650215774741626
0.0648347049311592
0.09412705741500327
0.16900313812981616
0.0907042324932475
0.07907118197233674
0.09936729421194114
0.09973410203972286
0.11893787217704052
0.10182322180309708
0.11263459950040189
0.10491714545263886
0.09710909069591603
0.07208372356592414
0.26989438010590194
0.14873639927491064
0.06607105431428234
0.11442121778244825
0.07062127857494804
0.06735076724963286
0.10220503983531068
0.11033602298422959
0.12313206522564224
0.13014334285615783
0.04993153533929941
0.07379174423523072
0.1252482605724064
0.061202708892650906
0.0700388184169767
0.07816110697825214
0.03874939198853913
0.06661985980583884
0.11257592926539396
0.11645525518099087
0.03992353676719064
0.0986937820460744
0.1997904580814656
0.10697591244045543
0.11718521132440736
0.11945391024809719
0.027369133939041446
0.09586011652486405
0.07100156637459865
0.0920317941503247
0.07137868955020613
0.07057345917389166
0.13200010647109314
0.13423259633860687
0.12477996101833856
0.09718564413640621
0.04362900002469688
0.18915639122327185
0.03284814781112517
0.11120958085813129
0.11005168484042237
0.10516251541197892
0.10472605810521082
0.10455883349466856
0.10839060550546062
0.0189757657439249
0.055339104166678754
0.06691020202517474
0.08975121489592693
0.1210904551521251
0.09994576505427566
0.1483632755502883
0.13372746589162074
0.1317942201024447
0.06540079595661283
0.15938772299058715
0.06693573782620982
0.13050143296113004
0.08468755103596655
0.07685447992275653
0.07936620006377682
0.03812005543115135
0.1097458379020199
0.14108942166501068
0.0914554511944746
0.12858976809028141
0.08906558782281429
0.08980315847285067
0.10600338069683009
0.05166399055642665
0.051653928491536154
0.0481027598503279
0.08995589488610367
0.043271659860049314
0.047126051012298276
0.14801304715476962
0.05611128246888181
0.06275731750242933
0.07268859918491082
0.17245575587814027
0.1281124172975038
0.14624237022222136
0.08528964543567791
0.09643459180889002
0.04653084650975638
0.18749108209680784
0.07543428639097045
0.09768294265626555
0.08172965652003485
0.1171328118753176
0.12696286595941156
0.04188232803042379
0.07407172380833497
0.07703045201068232
0.11026340703855873
0.08453143225871836
0.14644681403385743
0.16664448640087082
0.2035880839507575
0.13411927934562312
0.0997463256887474
0.15158928637348104
0.12934674261650675
0.14832830436147473
0.1755238456467965
0.11507629104943039
0.14855096630190479
0.10188243116633633
0.09815110623809578
0.2031837050921371
0.05201419892209109
0.08641420587445293
0.12135759476303142
0.20225757618336726
0.13247743445947247
0.17214889426609797
0.11116048034360233
0.05498274051543657
0.11991726257501566
0.04774084466074868
0.13652845859837523
0.06239127636224414
0.11717741936319452
0.09236103250577322
0.07428382408741656
0.08048407327708347
0.09597386976989954
0.0627059135527945
0.1515219644796568
0.13297449933558875
0.031894472531019215
0.1669549057659802
0.10517844697745171
0.10260510002408123
0.09885379954592857
0.061126694377558265
0.06830931127186643
0.0899039331900863
0.1743046413087638
0.05757987984651737
0.08039497386088473
0.12643691839776364
0.08061090610382146
0.10880065063838487
0.07441637558399018
0.06689285585628373
0.18833912449481807
0.05617470227458112
0.11813781746581781
0.04641118853351868
0.10417496365371584
0.034047027349889264
0.16048912445487
0.13024602489985285
0.10579440470023116
0.12838218893920253
0.1535925460332426
0.01871126972275411
0.08343119840923095
0.15844208672633842
0.1657278253373477
0.0735741944746119
0.1492347206377536
0.1854749566029722
0.1261288928313505
0.150714075529995
0.148662638288851
0.06646480527920093
0.1538061204678865
0.08798227560705511
0.15164557147412638
0.0726021795448542
0.024185346107817942
0.08181098363042186
0.09733291812051045
0.13505769095747222
0.24835139658776945
0.16603983484783436
0.10073114930006258
0.06224022716359675
0.2179605898731961
0.05476244945442142
0.08234875226869975
0.040100930963074884
0.08102755920325527
0.09330686065264639
0.10481860739871661
0.11698568079358362
0.11459736061209425
0.10798949417343777
0.06006651361135956
0.15164386125515514
0.0871684284427642
0.03851243507998768
0.07050173097429552
0.12549713620511305
0.1578851213467651
0.059027295027454255
0.13767989037393066
0.048690134807235066
0.05209990727413061
0.05279288070802253
0.10015503848009649
