0.09068351288293476
0.1739646848157332
0.07753842345638844
0.17356266409368565
0.13780578361866894
0.07622159772396585
0.08810562452447551
0.08431859442243571
0.08987256615336327
0.08975628006305514
0.110939415030448
0.10799075776154018
0.12714467036114158
0.05963843623137563
0.11119163941272911
0.09088146533396363
0.03863473231039188
0.20383308265105085
0.05156941712020793
0.053989406356506835
0.06698946855453289
0.11624583543452281
0.08973862893001726
0.0852831176185156
0.13541923462625094
0.07833417099169171
0.048851931305098094
0.13609486012231395
0.11130754959147213
0.10002615603145765
0.1422484880206886
0.08892825088004844
0.03946783765560011
0.14909660309749195
0.17567197996722367
0.06481361401151316
0.06424366024207102
0.05922546137242207
0.1426733158357276
0.06505245061713318
0.18274975657723633
0.037369213486964294
0.14026953117194013
0.09964343080509273
0.1437032943123808
0.027401853401014028
0.10306369363321397
0.056474085484474926
0.12673772527056415
0.040141184708397296
0.10263824693598804
0.1394922086705886
0.08384627384036625
0.09272741835277148
0.11944170188393127
0.15954873531821093
0.07727292086873046
0.03908087577890254
0.1652262690272973
0.11447953429536115
0.14371893012169248
0.06826020404487625
0.08946709592247297
0.08929879273371502
0.05897772446497216
0.1320624839829999
0.12349825040165123
0.18756161908051325
0.15928304595263817
0.0708916652791433
0.15452158154639398
0.07251074277288147
0.1061453211535566
0.1161804907199642
0.04661198989207101
0.06676611224971422
0.1023341016494412
0.10538987914456754
0.06739377056958766
0.1119765605520217
0.09976968206882512
0.15685980078724254
0.01376221851526246
0.02801079923004142
0.12116850806264229
0.04478962438794077
0.08030369990950251
0.1479118412873041
0.14358272178346368
0.05561225946244624
0.08989128374704711
0.07679667806666132
0.0910057806537123
0.15708159475501723
0.15889919677204373
0.061735715476559684
0.06341226543618693
0.08814140956950749
0.07237636503675689
0.06587340703489805
0.1819927529576026
0.08100635738705517
0.07072040671458943
0.03376519108027286
0.13158325666079748
0.17394352093169493
0.14059347698853455
0.03195781859920099
0.14030848748962374
0.15713844022794363
0.08045039087000452
0.10824061230709564
0.10280440944697608
0.13695692386253505
0.07430083540987127
0.09783832314802066
0.06666206998004094
0.09257334949673496
0.10815482602642686
0.0633317255954562
0.1762683649749234
0.17505134795722777
0.08541973598953678
0.09121950063253291
0.08173831485908105
0.14922907984380374
0.07058899933619102
0.08995445151406775
0.1339478935189878
0.06189546397051139
0.09886627209673646
0.09677416756880722
0.09632273987110461
0.03292393429180171
0.09760649907807949
0.04423517948916241
0.06374257775055413
0.09958733447450198
0.19068286352807087
0.12970561630118374
0.07731989548611709
0.07327585811992204
0.1811536625698332
0.09440178415654427
0.09595076306891594
0.16919818136778417
0.14814310129277625
0.06636119727665214
0.1022001772725085
0.0939371159087197
0.07112362975817119
0.12704149955949026
0.07255893141952575
0.04000244571523575
0.0762377719651093
0.07731328623494538
0.10647381299901718
0.06410920471098686
0.13274970791263557
0.07681032127904988
0.08383328206725821
0.10686953692547725
0.06475230839798694
0.14131724039003998
0.175520080555355
0.11764507918120747
0.05730239308764486
0.060275326620701314
0.11399379526031103
0.15866745930781723
0.07023541156450494
0.10956502940744571
0.0544693974186021
0.11520538363008548
0.09888480660469397
0.05569957743229743
0.08559903639562202
0.08470957582581573
0.08540077435292254
0.1298875038898667
0.10790606137180907
0.05237671869182828
0.13785404992440425
0.1055505856955267
0.16707633007084213
0.08747749611456863
0.07277768438633354
0.08292049067370823
0.06426893856936972
0.16228855967751288
0.10653733441780282
0.11239278476728431
0.1566104107674658
0.09011383639223473
0.15157837753322748
0.10788036883567298
0.1202408736252925
0.17574009462641293
0.10569577520501712
0.06814064624514693
0.1668576411379541
0.12092223022440728
0.15867807224797004
0.12887118594424365
0.11968954676951998
0.14143301480627857
0.10039336108265297
0.09290673331421787
0.1270538036941496
0.15003745658746795
0.08403340452479717
0.09800254085161132
0.13806907697997745
0.1253325200405233
0.16555224756366202
0.03298034706004672
0.12631148732335862
0.18924051016824475
0.08597074152101743
0.018782120874881066
0.16402845419966083
0.07210013123537513
0.10232111910297943
0.09553583814849617
0.10581214586996772
0.09511818906771992
0.04859092231026598
0.08066049104184111
0.1323380670144414
0.06621650171732256
0.14089063550767697
0.11654638226261191
0.11934918758752737
0.11065761239617834
0.12438166034552738
0.1338849355082676
0.09692719804657246
0.06431831191909326
0.08107877829667397
0.09189327035445129
0.11163779114975055
0.14404712101601716
0.05917259972853061
0.11897610214793902
0.08820377399066594
0.12187898005222352
0.13044544015419568
0.01796377701146915
0.20054022515100256
0.09539201590989023
0.08371602243060322
0.1324243757217922
0.12069392806822185
0.0861676517443921
0.11535856128429371
0.15359985152646208
0.058362371051431786
0.04486734258891691
0.07558287540715292
0.08291385040565591
0.07225837789491452
0.054987534737752405
0.05796130118521794
0.1909374334239451
0.10168815758535658
0.0789170780478129
0.11901669512421012
0.08823495411377533
0.10657475905768843
0.11514889682698748
0.13419046825990572
0.12127946774059621
0.10134633024890967
0.04343430434455371
0.1094437336014935
0.05621977545157692
0.09789352908709872
0.07533913626593411
0.2404049180020471
0.06597839338572674
0.16736553288173386
0.08266689010364507
0.1808839073049129
0.1293373406943829
0.17252350077696255
0.06499635435591154
0.07856139438754947
0.07960768379887236
0.13954814821148048
0.056441754215947715
0.1091102297639429
0.057329730640074746
0.13982448470740802
0.16478044515800616
0.12918909921840613
0.1457379548482553
0.16352018535647805
0.09561440924515964
0.1073153170373945
0.09095973735258407
0.06766496040973391
0.08077887908021035
0.1296153630335786
0.03802894355642869
0.13030338232120692
0.12383234839053411
0.1504090186318056
0.13172963585411832
0.08161398670937767
0.15635361889243438
0.04194414614771828
0.11455221179342388
0.12168591604441097
0.0768955298904054
0.14660895462253654
0.15441695129319435
0.05871990360076035
0.13656555886822397
0.16041374114031265
0.09115144565613455
0.11592648953195837
0.062333752259120405
0.11733858340759427
0.10224922897358245
0.1338841086503564
0.11557486861452808
0.1393448253018826
0.1291420392032279
0.08248935200947448
0.0611440533333447
0.13897840266414213
0.13379051714886503
0.1038910044048751
0.15376531145602074
0.06896971716332624
0.07670243346369086
0.15341438178102243
0.05276470909801393
0.06336186791797883
0.19722706124410758
0.0864313228944914
0.16250499656456227
0.20115073282232218
0.11288910381671254
0.1299652017113747
0.0850132584561144
0.12104443122699199
0.06420319797423452
0.09061574158093347
0.14825609585833854
0.06162631585931765
0.1770526523564988
0.10070002954770123
0.10330688044035656
0.11360918912096235
0.2295644979931255
0.041112903162480244
0.11712656926115204
0.1063275887094611
0.09827301591839546
0.20227844410763818
0.08729734738178146
0.07986286114866593
0.13535472627661058
0.062179944556683166
0.09156330573943294
0.08684423291826389
0.1012985970779281
0.11575330073539856
0.13234016053841594
0.1484114462923858
0.13244776164686897
0.06731101399304493
0.026024623237816912
0.14532868207525207
0.07117057643814448
0.1001721599240127
0.12472546551743466
0.11019863378745376
0.07917940597357799
0.10007202984801496
0.08795836400904682
0.1330053868165204
0.15493138109404536
0.0656126497898154
0.13286298488669296
0.06725376999576402
0.14768587815639592
0.2255141954017844
0.04353713009779885
0.09043083400115703
0.16015487204992496
0.14945508787827133
0.07001767239758727
0.12458141222032823
0.042940831288665944
0.06514585315371493
0.10286755183545601
0.14207745318908158
0.10757482239452971
0.08052332548660752
0.11145244035376457
0.13172313265316335
0.07334108741111871
0.10911777525291103
0.15203534343327588
0.10149780348170742
0.1657713241612967
0.12455233301168643
0.1066006555035842
0.1114392565323649
0.06634480871689713
0.1401004095189876
0.13059494777351133
0.13116398742074784
0.12980888701895107
0.10407568611058239
0.17660692447715742
0.08575097662652062
0.10975630236455068
0.07705965659306462
0.08398035229315584
0.11151588634015903
0.1775367605276326
0.10490696727559848
0.08575420739971222
0.16335441417088506
0.15382340096656127
0.2011773372548701
0.13932419473221982
0.14155058476829038
0.07406050630775145
0.03536853205327243
0.17643797679463835
0.09594228392765218
0.09937035630113472
0.05539811639501935
0.0574539387621168
0.13537907587596953
0.15355132447754313
0.09785358634670564
0.12798164547236782
0.08897443233433931
0.06724450416503833
0.12052038568652562
0.1694834581575985
0.11145073469376443
0.07469716529713293
0.10174528813078856
0.048230239722230596
0.05219370181431662
0.03311649958626553
0.034161347994799356
0.05251880026263419
0.09247362151453305
0.08301528383446236
0.06130492769895054
0.20375296147773284
0.1793116404613093
0.10857536817935684
0.1406708524495345
0.1086730015392567
0.12346064709805148
0.0730063119568643
0.11981330656413791
0.13680498046499648
0.056471201224766725
0.10261827811136306
0.052920824208280474
0.14279027534862362
0.11377818725645261
0.06235635766931808
0.0624828845489341
0.049990694498265625
0.07284630702721558
0.041798586046132485
0.07365838328092868
0.1450100573389292
0.08018941308676622
0.18294920726749825
0.10136467660090727
0.13560702788817117
0.08522227505557797
0.13183920416837905
0.1016667705376679
0.1462225953369031
0.10324690711632885
0.10281216090651987
0.07464423313826321
0.09384531600927204
0.18069002866187606
0.05879681050526251
0.14226728175371944
0.09071304721246225
0.10086323491880277
0.2692423787629778
0.10107010740398391
0.07057691019842488
0.060211747806437885
0.0939712317957462
0.12147544609995131
0.036635658929276844
0.12053894288316681
0.10246830999257792
0.045659255553993645
0.09331746534880968
0.05171841053158882
0.08236010346644373
0.0884801297071229
0.17034246887271476
0.09497181206944993
0.14693897437279865
0.09372329093368141
0.13230958833247097
0.10884729453929379
0.11610929002838064
0.12490484013407478
0.17177843760640726
0.09832753989118999
0.10425194835274615
0.10912234604454163
0.14893134688038373
0.15873944460312758
0.023196784452196882
0.17337176790955497
0.06286894846537605
0.11659044393044946
0.10670958196338637
0.015204301689149836
0.05851900964231335
0.08179227924459598
0.06808256687456075
0.027411829173743567
0.07437300777618679
0.05860144738061705
0.12977522519306905
0.12767703460685936
0.0525126379872013
0.17286841729885039
0.23234649674533547
0.12393120833663937
0.09758739865076764
0.024192715562407353
0.05114065496222043
0.2247216903370634
0.08759790531649629
0.03400309682670093
0.08955240411179918
0.17557237159644104
0.2110154755769569
0.08490344248284014
0.12477906052992066
0.14025273147712275
0.09318379209372418
0.174967083440584
0.08679385619963552
0.06630117418931737
0.10191611496058343
0.04393384565916461
0.059048041514905475
0.08745673887996845
0.16508243111384435
0.09905227451469238
0.10649871510454592
0.08667986908786984
0.0553778638005653
0.06086609678400124
0.13978232393590734
0.11854703493950927
0.12050224546418783
0.15846403767213355
0.11643765311642919
0.12168101836574446
0.05671236008686982
0.05643976693595741
0.05630095663076056
0.10031408789411402
0.09618797437419384
0.10226817926699738
0.1436718625731279
0.11966251736756732
0.06326222342292444
0.1121593948844541
0.099257762073104
0.08009575494543798
0.1701809673561753
0.0830878219337725
0.12249258720584254
0.0437309841800198
0.07632866416348845
0.15071663805340016
0.11353708093853902
0.01970185838805299
0.11629760271952659
0.21514410034246823
0.08100172753185543
0.09745802510809021
0.1315483067216679
0.09033787183281923
0.16072803544813527
0.07285369019174363
0.041149540174825076
0.06887945095609142
0.03519907935370278
0.08369487137579368
0.06697537939710306
0.08591302490751596
0.05152314611179834
0.15507104513271974
0.08709827989688657
0.056885322686504675
0.03699261696072942
0.09063554502929408
0.10537965604896585
0.0402714181390356
0.0327562250836505
0.05901260855380163
0.08417845310513336
0.09098579018685718
0.037087608043911396
0.04733394646746611
0.06867678421218232
0.07422507063308746
0.10093698096604482
0.13977883177462297
0.1127578007446975
0.07109781495279724
0.11475061249194454
0.02578739744163833
0.1488720873932975
0.12554534024956948
0.1560583776202925
0.09452396866161841
0.04523068034372544
0.06641121983921434
0.06813999435016518
0.10240733143156544
0.08113852591704779
0.18785919807885473
0.12099468034199276
0.08873268209758745
0.1210419832601052
0.15569618553056086
0.03754502987718014
0.10878565864408424
0.16953057810859617
0.10618764444964443
0.09455901891973498
0.10986312030863139
0.1398726384908189
0.07547463480756576
0.11719748968454334
0.04735313991090639
0.15125690725217958
0.09612061719679138
0.09487605723513927
0.15621763059813326
0.045289471163566415
0.09318755788191403
0.05129296973781025
0.12834948448460953
0.1581722749298199
0.19640140977169207
0.11958660848748094
0.24864728500681688
0.1110567028590111
0.07177258248355965
0.09738926123712362
0.18697152121095378
0.053717429004671205
0.09602273942653583
0.087697975767683
0.05503765093819099
0.040207836678337695
0.07121662759675726
0.1419871984323907
0.047165434496155983
0.1088955766657439
0.12474299147205652
0.07084344155751829
0.22246512609508223
0.1282269679057642
0.08241808312894915
0.1669318393107469
0.061690147431299094
0.10637868506543044
0.07347178358569978
0.13847769325772596
0.10869079560095518
0.07455063561873512
0.14713444745871096
0.1340415493564199
0.146653520059302
0.15775904737932003
0.10501261481808216
0.1114160059616592
0.09289598832294796
0.07257861101085074
0.07958617749541949
0.07360791223665768
0.09969919906218304
0.09138766256955248
0.11150185110571609
0.1491541775880218
0.06663416604670168
0.030904425424642182
0.1209264458186669
0.13221695760593108
0.10752229251101315
0.11659523911942453
0.14799614953576162
0.09982272792599856
0.039538748696985385
0.09565643180959804
0.22866969723312286
0.05562738915932234
0.033513849641140514
0.13048596292573872
0.08308810220388374
0.06669455187205936
0.1335645200106783
0.05602065014822979
0.04194849683671095
0.13084228432822106
0.045471338447568975
0.08965106505318658
0.11371076090069795
0.06507168955727743
0.05196636630569247
0.13595875672005367
0.06845727500028194
0.09168744277866066
0.04336078815997414
0.10780862673939293
0.08959470216723844
0.10507140739646241
0.1263677551148096
0.12226125690558422
0.09235584551717033
0.1926640432919368
0.052770170046760344
0.10619357005750085
0.16626050502648354
0.04642416577901349
0.19284512126889916
0.07822079573958314
0.07246499811485797
0.07089650735233495
0.10475945112843345
0.12190781380888345
0.08345888141252558
0.11980109013042618
0.08067400489835178
0.03535439071193703
0.10258839053019946
0.08858584132589929
0.05146406363443086
0.1487250284184225
0.049320019052801006
0.12177172741895563
0.15055987868290832
0.1041667719358466
0.07253170018685183
0.12645078612153782
0.0644887821400053
0.0426080388539646
0.03753043557626941
0.11630580555946611
0.10516835880256693
0.032363867091342674
0.07044250327921636
0.15267992745204612
0.037094373590715844
0.07444278855175336
0.07744242638932626
0.08413596221516366
0.13390488878380852
0.12650098760529602
0.04780383721583675
0.048997865514478794
0.08121918113704768
0.21011733931895135
0.07571413875554249
0.0851327606440902
0.12615917331874868
0.053138150932475765
0.09952098374299755
0.20468055438277463
0.13586401467792644
0.1256146763726155
0.12493422957568999
0.04321152564823584
0.16814329544122086
0.17491776006212365
0.10465702354616616
0.15183727313392448
0.10865994367172563
0.057783053007557
0.09441416084144622
0.13739674265173205
0.11138860276727723
0.05335528245709216
0.14977495680864872
0.14224031376481638
0.06291425106883293
0.12896149017991237
0.1549541389412714
0.1005708951473846
0.11520254505835849
0.11277235241671664
0.08020939020190518
0.10360558971140184
0.07731414700773864
0.09492607306573794
0.07378811779158372
0.11220079122097115
0.14379646372939306
0.03624076909706379
0.10058556754675231
0.07352569836476086
0.14840604016115472
0.06850395554387094
0.13732301143993123
0.09019703195239898
0.14394540409918566
0.08050808874204898
0.0657415721376935
0.053865346279560786
0.05297512131936329
0.05648723315464443
0.05958495333419106
0.13777196145787624
0.12898892708305934
0.17404073520466073
0.19341696326887753
0.10496259998648823
0.06199856043345021
0.04994202075645252
0.07556601215772625
0.11257964721935049
0.09904120371551145
0.06235413327259944
0.04150684233118661
0.09220056986425396
0.08929937241935651
0.13576643167493369
0.1417404770563445
0.06468517590099068
0.06704718285777268
0.09881854771831168
0.06453890813307767
0.0818681793854553
0.09002542365923671
0.10219250380121836
0.03884810243489125
0.1411770033219805
0.07931378464752788
0.13533514067185223
0.19924032851382312
0.2124687145861826
0.11474177652734521
0.09511484167235122
0.15798413210334322
0.08279752304451676
0.1027778296008283
0.12859839387816596
0.11254975127189487
0.11289178399486582
0.10889608166914683
0.13628768600149885
0.08128929998597866
0.08914133692597782
0.08363828004068623
0.08188236423806598
0.08291863228333408
0.059109057291371676
0.09342602549355938
0.09948127219536994
0.04867318117881472
0.07163579270716185
0.11135525361238205
0.08256541057239816
0.06897797140313522
0.07081576105728841
0.14796652291317552
0.060561321491822404
0.13600140215035805
0.15727832296517538
0.10928897455038265
0.12146611253012184
0.09608972556768763
0.15887805285332135
0.1175264649084538
0.09003177034025517
0.11088857843943455
0.1602897176389911
0.13970502306764793
0.14496407975472692
0.15007729200352252
0.18195907398611483
0.04311931430579613
0.07459312052477969
0.1022269708151437
0.08330610403902147
0.20299567490442724
0.10650194714355042
0.12836603455625786
0.18173305123953326
0.13917422239670324
0.1135887429292939
0.12292432500083808
0.1266297459222015
0.0741147831545279
0.058228360527265946
0.07225620617013281
0.1341571323462242
0.1269449344031243
0.11373790498010646
0.05874449534214241
0.1069350064067667
0.14685423309813983
0.07976087921340211
0.12595948646072336
0.160028645020351
0.0921229129237386
0.11873539333069492
0.13949585810525822
0.13307666951829683
0.09732854548381414
0.0818586329139028
0.1677137551490711
0.13998368594918276
0.12568559159027837
0.08193439880469491
0.04422162719054281
0.10915825396929622
0.06256985560711732
0.08169964529676786
0.042187424307089584
0.08993027826380176
0.05430332079395474
0.10640565771852589
0.1099304324727873
0.04193547333635909
0.06819991687322201
0.17579534777292458
0.12589012295757934
0.08904928189867582
0.15178567760144787
0.05965243182772144
0.07578132627394996
0.07888705639914172
0.10590868848938927
0.059812482767385974
0.055408681466338046
0.12750385361758462
0.0462249025868506
0.12128863078576314
0.10843701295428908
0.09801072692520249
0.20706375841994323
0.06577888320922425
0.1000622803565869
0.10799495034932596
0.049253822153872855
0.05334840077596518
0.05187783100125562
0.14046303146125802
0.10951598227391068
0.185763594510867
0.07213749623453156
0.09202567531801076
0.11126958529490129
0.11448491299381625
0.06977377585174796
0.12076085941497343
0.13806665388462222
0.11239855469304302
0.08067488461164639
0.12884065008730541
0.12147118971832244
0.12411597247385431
0.106128221278183
0.12711807564602307
0.03821255646634273
0.12278905193028748
0.1382596103866858
0.07224004550334825
0.10533343844450889
0.1282469179799818
0.06657594809698239
0.07463828135543732
0.08014369907524622
0.09211390330574008
0.06949714244189331
0.09626992884837156
0.04775905499986992
0.07033755564514214
0.08928135858464809
0.08023914315400216
0.09939729185180382
0.1218674359746199
0.06482250150751735
0.1204054973434078
0.10935501438351158
0.05820179801886956
0.07396339234388402
0.052123421586280416
0.11415119510398172
0.07472542078984344
0.05947422155175517
0.15079488594470525
0.21261821477595724
0.04443054915328853
0.11822677694405323
0.12578615825814535
0.13319648894619765
0.07750073836946474
0.10132939399837938
0.04007141533732427
0.09859772113707518
0.17714518432509938
0.1014987247545069
0.0936415295421688
0.06443717228832017
0.11488316063299082
0.1465739991804998
0.0888904015619376
0.09177842058928809
0.05578214840934608
0.10432123821684115
0.09987422483837796
0.09449874662073197
0.046208346430555054
0.10634561845824486
0.08566461364385802
0.08131082429375702
0.10997704786311638
0.1172554608046528
0.07399760921923028
0.07095917772901499
0.15011975112710405
0.1694112485592073
0.05396416189385702
0.11300251617919435
0.06720100524349207
0.07169316873556
0.04733026718717423
0.10099630136090047
0.1263753022043019
0.10554092675244128
0.1763601686586396
0.1329943121017196
0.07804790653116117
0.11496405176698528
0.09493096785040264
0.12404996311606317
0.07618115268819085
0.16614058676365084
0.13762719508241206
0.16489803009496187
0.11602292258231005
0.11024046260218935
0.10283028620516597
0.05218170824759561
0.15616501636853405
0.09988328946393568
0.06908567491587582
0.12378213418871958
0.07547010231394591
0.018980126583524232
0.07836910633888941
0.14681924268210603
0.048862625359979865
0.20523107046368794
0.09217996361189276
0.05519513621188694
0.06744351807356838
0.1396123719201548
0.12530259633918633
0.12146930706722989
0.04183339336684453
0.17480341557643028
0.09864500895390904
0.09368413320132397
0.04358544325661652
0.18605658551805992
0.1279955122008323
0.11270247422159604
0.0947599820451527
0.07878641768079898
0.08448179348922479
0.05343974332287523
0.1235468501834624
0.18758699725376063
0.13032071499154022
0.07360587819358262
0.06492725704105716
0.0807098455967291
0.053145247004106
0.08747570739401084
0.054710239077113754
0.13336676311445003
0.1638542647830918
0.09303884094369791
0.10276586826909997
0.11539872847126208
0.23722314146637763
0.11537733260226227
0.1391926977226146
0.1099425779206742
0.12019829349865141
0.10209764300132534
0.20144537123783496
0.07234680670252097
0.09028411039477005
0.12451806044502113
0.03612005819826387
0.05810663152641849
0.20065165036466379
0.0726465995162583
0.27102009981839037
0.08204830627730371
0.10897186500349539
0.10734706444225262
0.10946716148628269
0.09825097020918871
0.030074019014167935
0.05174715120231145
0.03800781451184937
0.09222473636781997
0.10505935751596551
0.04426689920306023
0.09176552911944032
0.06636947573934518
0.16431972499420305
0.07831489970591601
0.14395024565087192
0.08233257230115386
0.061428753440564525
0.10581459499568087
0.09404149041198422
0.07428242142179511
0.09305388806856983
0.15813377281871865
0.0930583047998631
0.06135401584163479
0.05774393250325255
0.08095821781406855
0.08423893397542784
0.13911304379570993
0.08766004253971553
0.10619429532049815
0.053229178663516785
0.05895665351647404
0.13922624966247674
0.10497944647403115
0.06661536101658945
0.11162477828763413
0.06673619370648429
0.10633706455239687
0.0550918600542417
0.07592392984117544
0.11292498030423333
0.10121929210371443
0.08187066972814834
0.15945328665398337
0.1584661681732719
0.13702184713313348
0.148644556899296
0.08037666498543802
0.11653422563147985
0.21817020108995036
0.11320635824786245
0.18562916982584907
0.1442469299098269
0.1380750414044466
0.11022019730626348
0.11100249388493674
0.11741447161640858
0.06994210997937057
0.03347105026638786
0.10744625563975767
0.15186258837303884
0.18445032241098142
0.12847950673115005
0.10932949413261378
0.08076012839505643
0.10693526413652883
0.06703697623883295
0.06985608312669336
0.16518756377923935
0.21478502467951657
0.05970645782645151
0.04443190893109913
0.0837193496862529
0.1203207095939076
0.1339083182975488
0.17507634233746364
0.12261490955127091
0.11493210425966341
0.09236003850732302
0.12965896093692794
0.146255850909853
0.12338484837031898
0.07715780440429447
0.13249111298851934
0.09372827288862863
0.06838843698221857
0.12064122386172954
0.1689006121434057
0.12005652539541752
0.09871394231491609
0.13508785195344852
0.06732190293712031
0.12301314649178725
0.08851703120189797
0.07156114320047548
0.1622006959421191
0.11045719431284658
0.10143653132399946
0.0872106381910777
0.10444209001042196
0.038631565198856826
0.16157656654218724
0.12496209923871089
0.18057639133769496
0.1391868138332038
0.07834254021732887
0.053457954951980094
0.1255181309126245
0.1349842339826605
0.13708088362107762
0.11685217898168598
0.06332477842647564
0.07757166612089414
0.1015655901017622
0.08860477928505792
0.12056550037750842
0.07947821577663164
0.11322951724882623
0.11747727716250916
0.11991368536153468
0.1103432922281572
0.10684750083140603
0.08966506822546082
0.05169888424395089
0.09742864868130316
0.22686132350574414
0.10431881498095216
0.09176063697536241
0.07147844851800289
0.05752187976092244
0.11377957284403753
0.08802509030065744
0.10474564546360603
0.0970850533935426
0.0933732814185626
0.1330215939424129
0.09006778335263776
0.047838216302262544
0.10029140993790013
0.1175397930667493
0.03286549643821398
0.10619601652281799
0.06998088264655336
0.15851980985839967
0.1558751004216289
0.1125907962903867
0.10726119633429773
0.09577811418645399
0.1345644672332498
0.11482635976572769
0.08173592994021285
0.16212796199670293
0.14103404286986093
0.09005589138440975
0.07846428499961226
0.11850229551354462
0.04728956526219548
0.07306076120114997
0.1188964072218295
0.1000537657636047
0.09156829346987179
0.06692143680871167
0.14000096629259534
0.15356037354428062
0.09446508805693
0.11315619808625418
0.11049710866931928
0.16235258457611373
0.08344436815608688
0.14946713750212715
0.11355941839158018
0.11235000024238681
0.10238459575649102
0.11068098100036418
0.1634591246754771
0.1659854547981282
0.07499763491566387
0.11039074634530352
0.1369964430151104
0.12721722457325826
0.0644519415645682
0.10094689991261631
0.0409070372340273
0.03596204568032883
0.08926634714908964
0.15542373882870225
0.12887879419100307
0.12245187794671294
0.07611927917511323
0.08258417977342812
0.08455831301154058
0.1886372709362958
0.07069429473632884
0.15123066047822423
0.14565686017786228
0.08806651866042242
0.148573379359763
0.10009365606141803
0.10608219559057462
0.11759244836816708
0.0680965280688987
0.09356645851359556
0.14502033762812871
0.0683828288198653
0.13042316929198305
0.14893700691698278
0.09438037273100755
0.07701403926801359
0.10046058887621241
0.14056655278926466
0.06726711629354856
0.1284271524119144
0.14836363204301092
0.05897938371378993
0.1958610826880305
