0.07445433860401855
0.1035711949924625
0.13893609795301423
0.10643179765040703
0.12227334799342549
0.16580471601639968
0.08791879869447752
0.11299201278333024
0.1401968984468837
0.1591294323736419
0.11663212452939996
0.09627449656009317
0.0536048972277422
0.07836940437897412
0.11794137052298996
0.10735071759574558
0.2277067621921624
0.14079366365949675
0.17037452029116512
0.07869676890013601
0.07560496020761348
0.07332119303047033
0.15024268835904267
0.07380809600835055
0.0905434987041258
0.06260105352996803
0.08063847994236342
0.08280774767187318
0.12097849467774585
0.07200108212794565
0.12379752235682252
0.10876400964035243
0.06192038289903535
0.06177475454641837
0.10841479208281368
0.1667552224854969
0.11012715435048172
0.07615448522393534
0.10261348077443956
0.07509268677809317
0.08526362496149172
0.1359518753875704
0.1428339664931154
0.17443186999023966
0.054032354237645755
0.045927366889502684
0.09557561877178258
0.10256092654747863
0.07232282379309514
0.08072230742993267
0.14375305299420463
0.07096270125905303
0.15578295418621016
0.0646413261908087
0.033396493177678406
0.14452035700963725
0.13574379929399066
0.14744055687145302
0.07571790282665865
0.14982496338792647
0.13735163503476197
0.1131147275390678
0.1441617358197194
0.13087384531141857
0.0576883255401749
0.058540104768154036
0.08276471318049254
0.11157899004369948
0.0917789183126257
0.13370463670195462
0.03717962813604525
0.08490853753097627
0.1522276876745258
0.07377030669768837
0.10196382780398425
0.12516492227995316
0.1741604764404385
0.14404190972712066
0.07079358630655541
0.0641722036317264
0.11610421724766806
0.0785827761282681
0.11627511211190382
0.06703278607661335
0.05581572591917507
0.14413910339178376
0.10072327933965818
0.15523584856670106
0.05426373241700561
0.12612983232565314
0.129103057457019
0.1354850108961571
0.08433331023010641
0.06596339615209966
0.13812625774443024
0.08748206742775347
0.1383512062774203
0.06989896105248591
0.10297954985830823
0.08569338259956155
0.09214428676988981
0.13440694603981448
0.12326358275084436
0.06899528147372325
0.0521762297113197
0.10705419329612316
0.1090322961161759
0.1694941101958928
0.17555754567390144
0.11698087180917321
0.03630868381504556
0.17790535183143324
0.09450290537619377
0.04080078958925866
0.11301040528559175
0.13088969983474202
0.11317328377358925
0.06748356700033624
0.1117098880650546
0.15932232542692631
0.038372129101997846
0.02578739744163833
0.16856086537751291
0.09724910320932208
0.06724481997025304
0.09544003303702216
0.22859977896534242
0.19886211105404794
0.11275873909137381
0.06269211318262838
0.1160879002993494
0.10581178314778195
0.13277136079488416
0.0643043321455703
0.18949390237642508
0.09199107010604486
0.06616168980849679
0.07089093355308948
0.1379872520014022
0.10993959464618563
0.04421120879323303
0.1302823679012712
0.11837293120893781
0.12477234175758518
0.11399931630639439
0.16752361770342428
0.0446139501745861
0.1285969660822823
0.015324786718236182
0.08308337043864612
0.04287388530323188
0.10164721879048413
0.06845004032618052
0.18841542430211694
0.0677940339257011
0.084907388978021
0.14009049331116763
0.03408669177020195
0.07051010069604827
0.09424189161487155
0.127110566593513
0.08258461200234495
0.16567866143162163
0.08056981869361436
0.12983672480360697
0.08170908309262193
0.16613605285839547
0.11765200309053982
0.09748281173972229
0.23167901407719368
0.10753011864209536
0.06278072056709015
0.11216022837518377
0.1613683104624738
0.0834876349644441
0.13373358479071246
0.07832574984416965
0.0375869776057547
0.06757917577144273
0.05566009358054247
0.053664248641238026
0.05458581254528659
0.13029710480994255
0.07293622454744382
0.160922880715853
0.11607336696959054
0.09699838423803882
0.12924932482123455
0.05780124652003457
0.1472441917218309
0.08141158640226173
0.1296135350858564
0.08593274768879809
0.07273106172770381
0.06962642959337831
0.06680658780337245
0.11253818458392917
0.060793833633042416
0.0590573530615301
0.07484497179897932
0.14022102065196196
0.14005308030836602
0.14948561969961024
0.14016484579998145
0.019009107692402934
0.2022026548791797
0.0538100301348467
0.17536257630439492
0.10073582789657982
0.10030310211182814
0.0800185620060862
0.059751666207634405
0.1108024219247083
0.0769016492776757
0.04204513838813173
0.13475829846092846
0.09641432203766807
0.0962297299797993
0.12068235240144562
0.12264345846426244
0.0536638055808659
0.11740927138627627
0.060613156114518195
0.09615148568438782
0.08179032027039741
0.11081205010429186
0.06203495786884672
0.10662426661049047
0.10678688600032245
0.046429815545857574
0.10023554203606495
0.04191347214708272
0.1251111815675863
0.07291644793519032
0.06271969278123336
0.05901352829109822
0.06519264345776163
0.11561692932664651
0.11791959257152212
0.12068040083176146
0.1301954864705145
0.1321468635233466
0.18915379526704648
0.08915863204066826
0.08633784895697637
0.08131047596986211
0.13911733187072028
0.07040823825763112
0.1481585881561886
0.052833262450265844
0.06499725570721344
0.13900649240522642
0.08823742251936309
0.14749273689040698
0.15918196015582126
0.0890765802939913
0.12850672366040522
0.17818329333829952
0.12300830148581814
0.1880589329738385
0.13387463792784124
0.09279259034753305
0.12955254117191528
0.12274351862928037
0.08701711377252348
0.05276437064220553
0.06806204476552025
0.08953075329049391
0.0836145244919227
0.06700894390090466
0.12912315167477517
0.06834819269737805
0.052297998730858906
0.11274954289745172
0.21265137361240305
0.05507358495594109
0.033074382842157544
0.059480386791882084
0.08481075250354264
0.1760755794455796
0.12522443553529727
0.0820100863119682
0.08944445299703006
0.15659019237359917
0.15938737218705096
0.17626924599614505
0.0768569075955941
0.08133180987681334
0.1418347458622758
0.07241264433804848
0.14151127457296503
0.10617789292892414
0.09941706824054869
0.09367876760659057
0.10484084117330021
0.09255249824890362
0.1586223785806504
0.1273317724884483
0.07057272497290802
0.1482184905749282
0.17013872038287267
0.15871062832870295
0.12192957957786452
0.05249779939452483
0.115161415098548
0.10881408765963373
0.13007667276938362
0.0920654460915866
0.08202001743364583
0.0976020633072729
0.12525982546145883
0.1813626982566605
0.08387062553705953
0.110958084267923
0.03015331908562619
0.11094923428793976
0.08968270281154252
0.1895458968227749
0.1012649575345631
0.1345223534900015
0.09426251473438656
0.1357999783664533
0.12106438732154969
0.0911859088579484
0.06786183412308541
0.11194354697227606
0.048504922567669986
0.11359367615644715
0.10593832449405036
0.05266094964902789
0.1763988793915866
0.07153182478118446
0.10249848707286417
0.15822178434868153
0.07809314053066202
0.121945819719125
0.1219978246093395
0.05811150485087553
0.03295645346639474
0.15242140060672374
0.10889244820382249
0.14729809894261423
0.05917176967033124
0.06836526504921057
0.06864295728730196
0.1665705250424944
0.13282115652306004
0.08118003682380696
0.16873091906545556
0.13240020307795938
0.10863886039417092
0.09155597657549301
0.18333607955532158
0.06936493175380223
0.04943698654532357
0.06708063337271038
0.09152141065454847
0.14064133336449716
0.14213038142525455
0.051803363175060305
0.14050123492223468
0.033559358047954846
0.20205470631625982
0.061503904771799525
0.1259348492615022
0.05692388462126302
0.15162259436153466
0.12122136900631474
0.0931995509873561
0.0758741643571082
0.19415508720729044
0.08318338606362466
0.12434156526299361
0.08519584048774681
0.10570534636720663
0.15961376750560335
0.15646797457048525
0.14209620987826824
0.06425006121886018
0.11034121163724717
0.10327947880623754
0.1293677712451434
0.04805825314664308
0.09536352965892667
0.12861049266507338
0.05334136617606922
0.08019404813522367
0.10456139214218382
0.1269029756105122
0.1746417313301406
0.10380176553866619
0.10199626235461093
0.08288315583646715
0.05876450774005062
0.10642298809365312
0.14046396503285669
0.03768987324972796
0.17647278487384274
0.059201784528897
0.10310195936729645
0.10919526241461133
0.08174771045475193
0.17358284472247057
0.1312243764322225
0.12459080334929418
0.07297250341551995
0.07878919050483552
0.08967335802405244
0.15286630354982184
0.06870119347955678
0.10538499423663644
0.08713954692126842
0.08978062233681224
0.10956121040408011
0.04971664895116183
0.14185398616141429
0.12375650360489589
0.10191404336072794
0.09809839100030425
0.10158285743827355
0.07322922133012943
0.04592824704089512
0.07724874198570317
0.06263379465035061
0.10787811791630753
0.07283012395939395
0.04464349138909438
0.1342150518265221
0.07493421421260141
0.17607939476295556
0.08629804608035796
0.10911016509726822
0.14291260555723379
0.16226365220311434
0.08103927309120257
0.13203881575934448
0.15794454078386796
0.1481585943346231
0.02419854973834664
0.07861976451270841
0.06020773169211776
0.05684156743452777
0.042230192818132
0.12596205474890837
0.14020811368394262
0.12878857481106804
0.05713954944353126
0.13355161990986167
0.11457278845770934
0.1023859853863888
0.06798124390638347
0.08276297799980895
0.09809617293617524
0.11263693566085811
0.08218891859759275
0.1493114753682961
0.033908961879485444
0.06730020505115203
0.11654508079185132
0.09112283775297256
0.13286800265747387
0.056953054482173936
0.16324258622676385
0.14854948365005322
0.11952654375845605
0.079335192697319
0.11418461204486094
0.11357840058910595
0.15030925356519168
0.06243177578987228
0.17733991672629665
0.10474594890776188
0.12100327080909401
0.1633048983201769
0.1168533571508699
0.049174288726614876
0.0829094106637317
0.13292658787791545
0.1398543027220848
0.20143815514320268
0.06524091701188156
0.08683486343155654
0.18778273155996164
0.1520228000670169
0.10658047118327149
0.10794634870605137
0.10642622001808723
0.11203703689123111
0.1473360717347595
0.07772701835075453
0.09900831824149477
0.08321324248618756
0.033569746620367984
0.1346155898082774
0.10252451071273887
0.12947411125581432
0.11059416943248292
0.11666455015146554
0.10274616659355658
0.22561754689632363
0.08899344445581239
0.10263809002224149
0.12319297550935449
0.06116347603504782
0.14805071449635854
0.18243452643783706
0.06358942126097997
0.04364921456101887
0.12103311659477278
0.1509969275505891
0.07080300323763936
0.1069255521171858
0.11170965197337208
0.15989623569208572
0.040488037898224756
0.07734181314011596
0.12629496807130458
0.11052580942271258
0.05585555667495343
0.21826616096766463
0.08573486635896493
0.06859773891476927
0.20445064208481914
0.08539970430621528
0.15168163135418936
0.05523702887032147
0.12698396866851316
0.11485764701571247
0.10525206952162404
0.10849743097458732
0.11739889385938243
0.14940940289639412
0.04557716961050999
0.07743699809519057
0.05247382020145661
0.07228960275414051
0.08881976720534522
0.08084207004944487
0.06503246992381424
0.12051588952389249
0.05552761415114191
0.07919794437189116
0.08712469493914379
0.0733719334308331
0.16987262178859044
0.11554509811683435
0.18659590074972612
0.06258038456180165
0.06658141768777515
0.10080446804411601
0.09222777571566139
0.08094035340275628
0.15427672999714906
0.16607344822553843
0.09807153272475486
0.06613709859364816
0.13583728316494015
0.11557267050659593
0.10536872901296174
0.18252782430960918
0.06749371095129421
0.15631360418135268
0.17643073754355185
0.18741394850217535
0.14178802984531622
0.08308557442854568
0.09265304858510084
0.13952410210712
0.16561776471518144
0.03540510679362306
0.14599745618043242
0.09677586396747571
0.04047699840837603
0.07382538414594289
0.10152960828186589
0.09261804312813093
0.1139963277077208
0.04002611231691583
0.099105747894924
0.17446174482857682
0.03821181884320243
0.06445705586800046
0.07137378674630403
0.12391344372103733
0.09005790932698671
0.1405787720771361
0.05611947484865108
0.12528880368936335
0.02816873846920589
0.08818814625944196
0.22294200717024829
0.09916859229213065
0.10796558022522754
0.09070313018040986
0.0989660330671927
0.06522701842492255
0.11779462165705894
0.09041914135372477
0.014010982962103284
0.03546423369956509
0.10662726725841261
0.16402134671500865
0.08115464769810221
0.13599179672829478
0.09589018942559643
0.09865181262654604
0.09383697463926764
0.07633049515744264
0.12584799455066495
0.14114756397465986
0.04219353129427631
0.11756154506153017
0.1026211016466584
0.20026580279677358
0.04751803531257128
0.09339944362266109
0.06152645890750968
0.09981633225115465
0.08524493189655816
0.08121760873326346
0.06763259505602322
0.10526053819417784
0.1338437219009778
0.11216931346516636
0.09018333056647454
0.06154627824805083
0.11925218832064473
0.06034006172140619
0.09299124667997091
0.08849149784497672
0.09335329359578909
0.08604543527858789
0.06671281774988523
0.10057827893725779
0.10030265701943313
0.08411504201634802
0.04394655214746165
0.15954596424240752
0.05489072274607322
0.11969140393601146
0.06656333339144532
0.10464876375658767
0.06512254796578387
0.10108703010453644
0.14951575160144093
0.06882641044587237
0.0797634295719288
0.09021285373824123
0.1368253753834986
0.12830953264118244
0.10732497025226913
0.11984774295793908
0.14419194691211001
0.07315780595992645
0.2416494016811901
0.10554475388735948
0.06476312474350486
0.09027749427232103
0.140119386556795
0.18649544243696983
0.08414365703187257
0.15813098974069212
0.09080107609656006
0.18445918392275415
0.0594980483165705
0.04117118678034161
0.08063918029042805
0.11303723612466571
0.1027086544427838
0.1319525957345789
0.07119552061145862
0.06641033013625786
0.12113106878206692
0.08770858428035873
0.12161097135062628
0.099656345741441
0.06800585828657149
0.10028200911550693
0.049149889493332106
0.04017147235963326
0.12769913760021925
0.14357455266274727
0.09170590064276644
0.1172961670791012
0.10317072980883502
0.13946623819841653
0.06002152023665854
0.07149944666050036
0.0942134758306877
0.041407249327847125
0.05529302169750326
0.10299499008914474
0.1212399386242058
0.10836378596415468
0.08065206388387348
0.10339991785171487
0.10069391936991683
0.2023271704639632
0.07719775913389851
0.05599907178440316
0.12788255052270983
0.16388105449171086
0.08391143178701357
0.01985044969001504
0.1052317807103436
0.08248903430320285
0.046399809645515364
0.1419452006307097
0.08031242941451018
0.09527802678255101
0.06462959847186314
0.10707394914951615
0.10946358822869588
0.04347465582682787
0.08965629219046231
0.12138661141395568
0.0572249614070688
0.13042682418138857
0.15377817394649151
0.06320829244572951
0.07558355120844358
0.14479625705293298
0.07611532262230575
0.05990249786596024
0.10857884709194375
0.11184496898607693
0.16461357615566513
0.22568726500993772
0.051482867466916424
0.11506114996819826
0.15538954627533624
0.08085045082080694
0.1371715159607823
0.04439388532752135
0.05922705422802841
0.05588506460529099
0.14767679162793115
0.12188681482895714
0.11215738631697945
0.12637128927492328
0.1344308078311692
0.06538432288636213
0.11188823587318424
0.09476080149945286
0.10619654036220744
0.1009169649153214
0.09131564525213264
0.09508879905014749
0.05166013594102315
0.13608081886384996
0.2055722815351266
0.08969108268641483
0.14070523896962292
0.12107869097674767
0.0565025526302043
0.13747312849746401
0.10109503483257151
0.1269261268493189
0.0763656183017835
0.037120837450339554
0.10511883107044886
0.03833106497027298
0.11187639540373846
0.14135536015436612
0.12768195311768543
0.11725548145820322
0.10006105168323254
0.03300858210176105
0.10678184304111052
0.08209001474936764
0.08168090009230856
0.09281004425578976
0.08756829343618237
0.15392127590760396
0.12248539056323937
0.142351557742969
0.13051664337166793
0.11065854549172552
0.12081111515416479
0.10742441445661562
0.12505607582310022
0.06786380055574424
0.09976249151927163
0.2705793577137228
0.02771903387652621
0.026041087423270215
0.032144163881564956
0.10985245994175524
0.08406072281631878
0.08993571501758515
0.1259041155440097
0.21620560016127185
0.12977962310736996
0.08415328425253973
0.10907810681492257
0.043614441533608835
0.15481219247507225
0.08593811467513873
0.054171649086533206
0.139354382260061
0.17722217179404265
0.09029749993578084
0.1097731459539289
0.1328734739654059
0.09260408175992103
0.1442989123691853
0.16728949979091157
0.10688182925663371
0.11265715563134941
0.09915893879079823
0.12453912247560248
0.09018640165166095
0.12448064716271227
0.06774553495598286
0.1498071472156529
0.04814946411802627
0.16320256906560873
0.13816279310741933
0.10451122683684098
0.10548709788301577
0.052477599791749235
0.11044811450078079
0.07423711552268544
0.10381800079075286
0.07437255882859006
0.12988396472626895
0.044503542619711116
0.07367476304255234
0.18185285100611198
0.05344818989647415
0.10328795221411602
0.1809174106819635
0.06299445800541476
0.08430756999324401
0.0740357035198757
0.08111696556173509
0.05175109071620841
0.14890526392987763
0.04213533914822402
0.08897331977587554
0.15575524194257523
0.12507969625746346
0.1014888492566396
0.05737453882595625
0.0954202728714058
0.13072616679559868
0.10699997338004806
0.07755372726841825
0.0405068570663583
0.12802913798421742
0.09898579225826286
0.15055582534201534
0.07757316455620039
0.19091927184247373
0.1225869575332812
0.17071955124442906
0.16864708299929757
0.10999645792693792
0.1494176716492287
0.146315986818515
0.06505382386916236
0.15239736018630098
0.16501196750459746
0.07518091022209726
0.10664509005012345
0.19285178555007604
0.1314882945110316
0.1495560579916433
0.04123824967171678
0.055900043712527374
0.10646273882481719
0.17515140689684824
0.06033173690659099
0.20229455980927524
0.08706023195043675
0.14018688347216518
0.15928641660447157
0.120296577588147
0.09640444166738334
0.11169517591621829
0.08459976892702656
0.03236478921362992
0.07686607632912416
0.15425984768536757
0.06842161485831336
0.09998851770575064
0.18145278959430525
0.06694179890034349
0.1130098896640234
0.1221375605283689
0.1027208026748507
0.10478881709307226
0.10246117701769875
0.20725884670981246
0.07490643384850805
0.11981219643939706
0.09314161600375989
0.11366420333620562
0.10802130432828427
0.02330895364251066
0.06655019233702876
0.08440220033039583
0.09648057304937133
0.08650226367648334
0.11523382977356035
0.13641079213955631
0.07877861273623465
0.04336899963692371
0.05851998951583941
0.14499389140028737
0.1659871221095829
0.08475807695614336
0.04813286889475532
0.11718718016847476
0.09957361561072466
0.07222230781715332
0.09491037077887222
0.1468534439983232
0.11658545220254479
0.1964927062401788
0.10243303001564051
0.14101071348902836
0.08147251970210348
0.07935702501633017
0.07078954468784213
0.10513431478662978
0.13635471324121856
0.13658464070800375
0.13110439628616175
0.12445415438382745
0.08825194587725622
0.09872199268697245
0.08790617001123756
0.045517038115200074
0.12697367233758652
0.0806787336029019
0.06356069886687694
0.0984309008172923
0.09913259660192013
0.05995276923204167
0.08278879590544873
0.11082166274869942
0.1220495572918713
0.04750308373700374
0.09048858430441928
0.03814777830352798
0.11088389684985041
0.08011538911012092
0.09264204862105349
0.05895552934184748
0.232661241204684
0.15829418013885643
0.17759990862043523
0.09329139938579119
0.12352713100794505
0.1604819477016668
0.20492271113091182
0.1116039490007282
0.07945323811634755
0.11579640488414235
0.11734531936199498
0.08378938654639036
0.09040018298954029
0.05023478397240006
0.15428510205318297
0.059131585993580656
0.09651638335591096
0.09214383332506476
0.11507683981399065
0.11431225410880398
0.13730631569955465
0.12070857035223724
0.11944789767813865
0.08818867598025967
0.10195469040394786
0.10215867400460109
0.16317373708575933
0.07393373696035901
0.13478206655511385
0.1326218751446274
0.14025502735044326
0.12177579934521449
0.10975908523063425
0.13322364270652692
0.047398806086527585
0.12674919411429536
0.13740512506568922
0.07490846493507744
0.054669483298687455
0.0964167797932558
0.08760049185865856
0.1419293841164127
0.12171749048450792
0.07233319500392188
0.07118871014600582
0.04226589764076166
0.05318465608112728
0.10285591142415731
0.053453768857635274
0.15666005886015363
0.204536492146289
0.1153051158962513
0.18259742340845567
0.06344726560906495
0.1341676332513709
0.11068980672789085
0.11397469330696997
0.09049370841089938
0.17415692612590905
0.11315077061221107
0.06974313121851229
0.13461824619175772
0.08803576870326425
0.15578590720634944
0.11863450358214313
0.07291700618255013
0.08458766438706396
0.12172167372501738
0.07657849923790712
0.14614450387106645
0.12008333854700014
0.16484837214501466
0.10949240136727527
0.1298182616821272
0.11268974947799572
0.07117043307171096
0.07755674398162575
0.2134829280369211
0.10277282025003126
0.06477589182658858
0.02751963873571556
0.12530833837843086
0.1397088972930627
0.03729881967121965
0.08921387068869299
0.06936782179485251
0.03450480488113263
0.15906124997929602
0.07569531878095209
0.10289929041103872
0.10888104632960356
0.05202682746972932
0.1681985683126897
0.10044045140837203
0.09038311086689556
0.038801132111873984
0.1508000582656843
0.09385251809997994
0.06552143462171042
0.10638032267679993
0.10095223351870798
0.07892121697669642
0.09194853263538666
0.14526262552763075
0.07489591889828234
0.19789068264278048
0.05662179763456161
0.10028529020769793
0.1559915752893494
0.13407906331184088
0.14560823007235482
0.11186723091313
0.06672396752423985
0.05561058673656566
0.09038978307266858
0.06914453323099323
0.15013104272060196
0.1284414623016707
0.10156648558353144
0.11689478126870666
0.126949739543712
0.0398185367362803
0.049145135842578846
0.07242637991074692
0.05318726488275248
0.15694805798110747
0.13617931798660157
0.10810812072060065
0.09473185261147934
0.08161680250386967
0.186500859117055
0.09396865545954029
0.036318460659595674
0.13174563703067307
0.0694875606753053
0.13100848023061018
0.10966892934653974
0.10285897870905505
0.07364184804899475
0.13623636786965387
0.04505238515758488
0.09573775560355917
0.10049233313573065
0.038970785959051485
0.03599883373062249
0.08230172901321549
0.03559894621490004
0.08075023893524585
0.10254198725229742
0.13697409919119832
0.07632015554026368
0.12039067536289703
0.09069913747096349
0.15734870759899477
0.043263536014585845
0.049213940046735474
0.09748077104279403
0.04394064550716864
0.04696936715080947
0.07247694619021042
0.10601018725700885
0.12235995721476331
0.14456541558184394
0.062365765336215
0.14865015519899538
0.06621392230763125
0.05953669612828438
0.1491655862349012
0.08214389399727229
0.059243112963300405
0.07013489299614926
0.05217995796626462
0.05298046380404173
0.10081912393809626
0.1154051247782635
0.04642593875738663
0.1255639108900764
0.11786799076218409
0.10644067829630534
0.09809948751520306
0.21073432783206333
0.13949906019130892
0.11896402520982408
0.0945028145673659
0.056772040674477345
0.06662459748671881
0.05247297591031522
0.10562096035584795
0.1041478393806689
0.17233388386390344
0.16075263705266254
0.07181357680695513
0.10171015146410463
0.08961939587848296
0.12199122171162369
0.09357066297932895
0.12994315997986217
0.07306096140188112
0.043794954884454645
0.057986069316644746
0.04880680200271533
0.0651369735445552
0.20522217921835212
0.12615762312138873
0.07525330527874173
0.17352659582908347
0.1325737291782569
0.09479974809907898
0.15027323917864685
0.04766081001880781
0.07476958274162639
0.07172598914721338
0.09007721779709452
0.05020113032790012
0.11338354469274928
0.0329454410561463
0.06360927602064032
0.2711045788347626
0.21862589162600837
0.10978000238558441
0.0447857506485188
0.09100484865475693
0.06930535095506801
0.10331402196793522
0.08849068442376122
0.15580001375175032
0.07339643533095053
0.09386285488314307
0.0914771673531317
0.09439366949598868
0.12173889389834644
0.14878750951341663
0.10028725479045143
0.019000641942250453
0.04494218288250014
0.05190582169935429
0.12669944478471934
0.06773188958819597
0.1117116086426231
0.11681633576413178
0.06491316226716311
0.13346893472376867
0.08346051396036554
0.07853515050563376
0.09345484997918536
0.06733941738585732
0.11085668107607212
0.09262343777475517
0.20187628714791508
0.14069263628480433
0.08395320435955649
0.12760568897760025
0.13968917888405882
0.0905559744806775
0.1602091821294882
0.08774877570561551
0.09821647043347718
0.10880883772779733
0.10687197530815971
0.03681388797480142
0.13108691292791838
0.15758672479593316
0.07910421477497373
0.11645583558218511
0.10695425389381519
0.109646549895154
0.1231566290744741
0.07425337254015114
0.24951117292935926
0.15295007895132873
0.09901930616018483
0.1386998659326852
0.04166005876032969
0.06710304000548023
0.08880707284747175
0.09274639430285654
0.057105120795310174
0.03140157457499406
0.12080341713421162
0.08581152585982374
0.11182609319521299
0.059409247492993915
0.09475285062709561
0.1510357915991576
0.03901822077786024
0.14217925461593886
0.1942220361594391
0.09149412819898459
0.07176059268594308
0.12515251371012376
0.05331162373749693
0.11807614369542978
0.1773604367973474
0.09357540679288442
0.08199795727233228
0.1666488025655035
0.133650293311241
0.11245929519341591
0.07495821832487665
0.13991986474305948
0.10602301425449802
0.11511763744892428
0.05769715265824391
0.23790899178807662
0.1397573831380755
0.12232430298507757
0.10754136718499571
0.1017716135052357
0.09443562362253399
0.10572642805750014
0.13821504776876506
0.1644700492727947
0.1764593564282481
0.110090558745688
0.08093268766511902
0.16496278021760752
0.11423632201970764
0.0710932450256395
0.09801322621494789
0.08310465273037405
0.14620172809364956
0.09820091063125651
0.09105419776722906
0.15240472909334069
0.1702026625908022
0.018160704238825844
0.13327394070830484
0.11349705840846112
0.10720651198634752
0.08779755497574246
0.0951441254939697
0.1761612931966375
0.09920135965618758
0.09553373914919133
0.07595580928975407
0.05875746929674845
0.14823583795196008
0.1161123407917271
0.03942277521930514
0.068537611025531
0.1198525022796082
0.058666202253775265
0.10125250659098173
0.18260032601563617
0.07745979987272883
0.07117587994838274
0.09474689849531034
0.07461374226798592
0.08003586607270978
0.14359846681342928
0.18007688533385233
0.08626138455278666
0.11465344894468048
0.10997257601907381
0.1313989252443576
0.1629614783208612
0.11525410681194105
0.1178357444692004
0.159322595139769
0.10917128114345222
0.05843541107546089
0.06191642764015245
0.11406474410593875
0.12442580111279544
0.056680374530834035
0.13568706180714404
0.1586609700072453
0.09645429839213826
0.16238858537808357
0.0780067068153345
0.1534803835858799
0.0478451783753522
0.09781543982299537
0.1242862378960627
0.11040883576627931
0.13878390805715937
0.09466025115593199
0.07819033980748119
0.14824688770332847
0.07499493510384321
0.21295955733077512
0.0780780147821643
0.09057365694224757
0.12882316411973435
0.07381515083437674
0.1492668065833287
0.07138465486457603
0.06440356989450338
