0.05293196409924043
0.18808316379444906
0.11749461619084638
0.12171443393672676
0.04890722209795408
0.13272809632334187
0.09238598139250996
0.1257732637610733
0.10771704189795071
0.1166895132531324
0.09932592892484296
0.13216041202276657
0.11746287788538692
0.13120122121736733
0.01898438578057497
0.05569324281308223
0.11181778396394253
0.14756629995410872
0.14017530553184235
0.10720462044064112
0.11574708602936222
0.08416439532812373
0.08144550271846861
0.12828019278226374
0.06920432106033174
0.11080920459484467
0.12504960364424514
0.04495672287279909
0.10673069832679069
0.04793213902890072
0.15621149834749468
0.18215744157890504
0.1488742135031027
0.12158575023976453
0.10268616446508716
0.07222424042356212
0.07497130733281784
0.07855922202046794
0.16897668066260957
0.17557037153004054
0.13353254588937793
0.1279491445117383
0.15798128598027983
0.07063480368421488
0.07335368291361911
0.16560182116969172
0.042067717122628794
0.11132007222407429
0.07468312191475156
0.07478826484283409
0.08560120549061866
0.11331064080437903
0.06401295439072056
0.23055398704385482
0.03708000462488426
0.1478819888077039
0.1287939528945513
0.10829994185484716
0.2407778074263366
0.08804488542201869
0.14521218697627783
0.12736853936488632
0.09011016920012825
0.1562481332401941
0.08838685240450322
0.09500582655453478
0.08584336718398769
0.10250001997939816
0.09080232100255428
0.09180629759013945
0.09848315137223261
0.10689176555698722
0.09027604304183243
0.05959672733700954
0.13865222907703878
0.18637491340789256
0.15879462182806456
0.1203530976690005
0.09735398101684914
0.12123139407703867
0.13843247329124844
0.1521964737041185
0.1063350640574395
0.043821246034447224
0.13957564135074702
0.0684220356849742
0.11125345751010268
0.16953792381978736
0.1066068633009626
0.10889899288501535
0.16111293748554245
0.11518268744000328
0.06655036985025337
0.08560210002603875
0.1590746972623949
0.07445113160556915
0.1595562565761622
0.14191580703485746
0.13654843239929287
0.09088019251589607
0.13963097266648417
0.05906936038455987
0.08947995818956175
0.15857277433241737
0.13940359833379756
0.08960489859646216
0.10004357952975736
0.0392624403436977
0.11240011211206849
0.06758754121635711
0.07580064558441714
0.13341504613735772
0.0985089123690353
0.13977441406013855
0.07444433100840069
0.09652869787434189
0.0888571790921537
0.1649499008033555
0.07654182717902579
0.1178573795285635
0.06498760651172683
0.12451383721986463
0.10628971216779066
0.04432595092804309
0.10656007389035425
0.0516269766837598
0.0793880486245207
0.12137886279951665
0.15385633808394789
0.1472043856745229
0.13399653115797636
0.17727787934381029
0.07836602118266986
0.07103004609983404
0.12197852747845155
0.20699784884294917
0.041160647568246285
0.07581024523320291
0.10144152436492641
0.13446591053649148
0.1517771242703975
0.11880624714732312
0.08279088292945083
0.06749894962629589
0.15460880041787176
0.17416936940730596
0.13986840352188668
0.047590122528188415
0.11062953704631621
0.10305438381240009
0.09137500411070727
0.10600639175418548
0.12084509808403324
0.09888252742533937
0.06459246046495856
0.1284506720461578
0.10298907733314622
0.07637316167085005
0.15559107997270422
0.07557836000877578
0.11014016364241642
0.05467484327213392
0.057358164530346985
0.11469370713778768
0.21561154228674043
0.09413894860079244
0.11163568558056354
0.10853086182627864
0.05530119190584249
0.09952206942600084
0.07414935936657786
0.12024371711355364
0.13078535761238397
0.1307910757258309
0.1010893479312987
0.1811685708274395
0.11636750443975409
0.11033243293282616
0.24903490099852002
0.11498795942489676
0.08520368141832466
0.09124536371563866
0.06250197338756187
0.14219099627125403
0.09004479779117722
0.0522784091080804
0.03975376347840911
0.18455156143601256
0.09261483062125993
0.043120770784107844
0.10285671783351204
0.05349419807393248
0.22710415667130196
0.15407321192703585
0.08051600733852929
0.07440431131644383
0.04190195117360159
0.14076010157223962
0.12348792369769639
0.04739263967039537
0.056852996177076724
0.12537559197869558
0.10125410949741252
0.0796818331133791
0.07402901567006856
0.08934949483001897
0.11508489209504515
0.1141923134476028
0.06263286758972596
0.17321549555913984
0.06765278303429496
0.12052121175699898
0.08643304120345287
0.06892453743204674
0.06898307348065588
0.05176038749157426
0.10057120192202032
0.07276131219640619
0.07034013582118198
0.11641937362548817
0.06289374190182476
0.10193527907826556
0.10210903668733455
0.09493213521499158
0.17408863970484173
0.07474594412239122
0.08900311964228251
0.04486593922242117
0.09395540759201236
0.11061569870979393
0.05666742864929799
0.06700138197358835
0.03807335696658132
0.11140040570242934
0.10147783552449761
0.07714371600588418
0.10435440980225356
0.08085337521406277
0.107226577555129
0.09127398735825391
0.16370362856686035
0.08204146347067397
0.11606176983591365
0.12922889127763681
0.10950692469096311
0.04036429032833654
0.08829803174780235
0.15644673468750445
0.08094689848558756
0.15256982107466108
0.06616904355315842
0.05980850899949123
0.21673315418718106
0.1306673612761737
0.043690391642115134
0.17511581768160905
0.17026024112751753
0.15765230258834087
0.05336197157331211
0.11236305999415007
0.1393553357218019
0.03405742592897666
0.12304053649037296
0.13916072623913736
0.16047819274375397
0.141510270375293
0.13417927067528007
0.10577106422798377
0.1588002641327027
0.13334360191977623
0.10987266388703172
0.1125366645689179
0.1595422835459527
0.08946213442162128
0.15889251754555128
0.08603003127509473
0.06755327259390805
0.14007467156719847
0.11543496565575982
0.19750796516428323
0.06179602501178996
0.0672450112745694
0.04222060255173369
0.06753711633232584
0.07852873490498807
0.17497984932246807
0.1276380115868031
0.06158138706345434
0.14921694725354345
0.07604409624059447
0.04332169306648914
0.11685529837667505
0.10618853062548772
0.0833168899728726
0.0593822175026969
0.16654994432906284
0.08402740131419496
0.21847620251069838
0.10774289504276838
0.08053629158016304
0.0646721613596206
0.06642503134854762
0.14804138885952922
0.1078185447606643
0.0671634196383542
0.11384052393296945
0.04537013561547811
0.05127236479644407
0.11141021992488688
0.09598403998118163
0.10246276507417557
0.04408856322051111
0.0706647833808865
0.06129557160338413
0.08772924840088761
0.10046888263867082
0.11699034858084625
0.03623056712829502
0.13255005330295438
0.04275697316529172
0.12904139052612804
0.11653140869498348
0.1492563297837049
0.038716681918316544
0.11402345921160552
0.01807022792361791
0.10573825708190615
0.1677088524777918
0.13523954011382538
0.06728442797124637
0.059203381853698216
0.05909065273214245
0.11254032688914097
0.16186121611021292
0.07820979835957886
0.09886928708566278
0.1560035333983903
0.10422168993342101
0.1480896417054611
0.14721105407000348
0.10103904665606415
0.0676314049395804
0.059789921364441195
0.11077273836027185
0.0735972934820188
0.1480644822679145
0.0652067585102997
0.09849819764162376
0.17703746385670047
0.055469279231958046
0.16292900635882906
0.12651100626839365
0.16036127752465604
0.07199416320050556
0.05355243797370872
0.055003499899114086
0.1663183009296813
0.08945291313323556
0.041943203023856714
0.14077077731225784
0.0755036417058355
0.04126836050656109
0.049097415455652334
0.10977974111822153
0.08981185698821821
0.12730467650810898
0.09305453217357947
0.12484836172289016
0.018898718632465696
0.054439233472191706
0.08406470190847523
0.04874129150824636
0.099109009827625
0.09458851770781337
0.04007952698706628
0.12371883740733339
0.07909443716528482
0.11154051038292201
0.11152733733543538
0.08038315688691546
0.03431194802761686
0.06687380051189395
0.11038394480840102
0.09364177966694516
0.05180275556725506
0.13990795814398116
0.18894511313510745
0.07238445600565858
0.023253137796867034
0.033528344260400356
0.05575226259446992
0.12085538134229032
0.14326059259573207
0.13255783842495325
0.11576637589576813
0.08876344823723854
0.10239168909137485
0.08175686296954263
0.10673079925639836
0.1759127252755185
0.15655644429215376
0.057821489635065726
0.18156807505503358
0.12044232940276359
0.09188837404013132
0.06762833953860117
0.16463882117304254
0.10525257711239112
0.10267684824500989
0.19343013367858772
0.07602614386215115
0.0682815034386145
0.04348467831678568
0.16410169258362267
0.1298954242283179
0.07302632752347256
0.0821825810740414
0.09595606391010573
0.09937593737910927
0.0890410128198296
0.1627376167439928
0.07926368637046222
0.11046324746924828
0.03751264591906251
0.09232568279571907
0.1487250830900485
0.08422104741044541
0.0982546735704694
0.11711216455180527
0.14889232134022354
0.11485388055371047
0.11037973602079407
0.10021089692758024
0.1756196169550368
0.15401401560418626
0.06629803006710047
0.17607825893797302
0.06255668283945329
0.18561447291103636
0.10242080280732763
0.05872147275578522
0.13439912120925976
0.04450445388820375
0.23747522691375203
0.10053901974014175
0.12563858096146374
0.16382978393283748
0.06438560569117825
0.14418393776113386
0.1152168636157962
0.09631537064902752
0.10961961253086497
0.06982259677869486
0.09026494849273928
0.1327294750857323
0.07273043373332849
0.11318010888346679
0.11666834567784488
0.13226431947146894
0.12634997332988654
0.04936990480607731
0.10884071249935123
0.13074635376839747
0.07691452179219214
0.14621043501376912
0.10811280410056992
0.1387590175317215
0.14880091374840948
0.09871783835155017
0.08115526911494983
0.06705862579027884
0.0818460483858934
0.21041078484739512
0.040576838862405464
0.08376510091920458
0.07465106725880134
0.05642876428848431
0.05920204618547362
0.03891030854694377
0.15164530716032806
0.013885264432356543
0.15539992004288083
0.04738793128103538
0.07071163277820353
0.01523792288337265
0.10236852533031483
0.13603057814066044
0.09237822587563344
0.10637233018459342
0.1355827784732143
0.1268651575273829
0.06349573205283565
0.09020528548139237
0.12066400976995957
0.0874361911441331
0.12207605111258278
0.046790296513113394
0.06377821788751396
0.047505667298352025
0.12103964624126096
0.05407237544386574
0.035428638390962754
0.04203049412407401
0.1393852506818132
0.06822804041104952
0.2252389232443405
0.08357961377144087
0.09620782120852338
0.060985910219448373
0.056348081010010286
0.08683066338617276
0.052694953068369146
0.09455690421980317
0.11355170067109001
0.0789447390388793
0.061775248578231155
0.027465888079475833
0.10008274913578252
0.05863885301991255
0.08182661652481887
0.23255691323575822
0.09409016661820332
0.14392214033791473
0.12414766307517305
0.07762917775668429
0.055857604613834426
0.14130049753126595
0.08608561514141895
0.13994399582617964
0.07980029423259065
0.08749796921212225
0.08130729355571571
0.10055831124574129
0.10479660329176797
0.035411830539341195
0.14926498419945353
0.12204165757932565
0.10204807674436542
0.15205351664510727
0.039681355718636506
0.11581737087346888
0.14852452044978065
0.083868345068418
0.11173273773573786
0.1300584675792401
0.11166386133684474
0.0962330525809142
0.059004710233780816
0.14607982202628136
0.10973459531549017
0.15529250883767484
0.08772149289416933
0.05981532184650411
0.09957887385070396
0.10658322349919734
0.13307585318833776
0.03626937588813676
0.1385447880416603
0.12106722099331876
0.10243153047787928
0.06497368250242294
0.05200134103233191
0.08583098386346208
0.13926933906010172
0.10520329549617678
0.16727099231558784
0.12841914086536543
0.10936659104673649
0.07885346383096836
0.13544958787185465
0.06844231953092628
0.12954253636247787
0.10869495353682124
0.10059990760375025
0.03716651041658305
0.12482338322887204
0.09461648775073843
0.031167470495666
0.13599189951977225
0.15832599236344827
0.20130764392899514
0.13031443439314205
0.07736928708119165
0.11662982481986067
0.12329734421774863
0.1479877532769219
0.10703516848574329
0.0970130100188856
0.06650972480566893
0.10781290885082011
0.09121702005336953
0.08775016463280712
0.07724626124831266
0.139519832325195
0.0747397734583349
0.17528884296275202
0.13443327671719235
0.14254439634883453
0.10169488631394076
0.04461420910688628
0.06687997379454715
0.08299322502197472
0.06659762181224527
0.08228986157944809
0.08195118690403307
0.05835606446971482
0.08062903859178819
0.055829683723128284
0.10122475313075364
0.038282371813127
0.05012546992292714
0.09254145025881813
0.13791051514449668
0.11291374810910572
0.14048669652878407
0.11746762820170843
0.07549801371370082
0.0737575148956101
0.07785209518129545
0.0728449051341877
0.055185980067322504
0.12432376089095332
0.07760928086193813
0.06747067203990495
0.1806992746598102
0.17582890797823086
0.11933610361468355
0.09699695303892418
0.0658236288406979
0.07693897950429428
0.15936356689217004
0.02578739744163833
0.14698757066932852
0.06469441142690013
0.08425387198791884
0.07657120209092903
0.12976551958330057
0.12078834298114817
0.0941959958756925
0.07362281054584703
0.15486559893229457
0.06026527683255092
0.13333440073004876
0.0522049029233017
0.0979729411747748
0.20415551993945635
0.11691130850259919
0.06843554247461078
0.12414472377028363
0.10520933125627961
0.13345458626809006
0.07114602091083669
0.049049331052754594
0.12294328589641955
0.04634277830026618
0.26984022001409474
0.09300042311353737
0.10526902079262129
0.0904850976259431
0.06955452962770248
0.13268130229052208
0.07099779310208278
0.07326850733348335
0.1809422915611033
0.03599144504839493
0.0699562645669617
0.062436385093045964
0.13232151880711746
0.15015294204996357
0.07056295418941065
0.06190938730659854
0.15071536961338822
0.20418333302324446
0.06440039599740317
0.06584855119096633
0.15658869136504477
0.12166589731063308
0.1437280119909479
0.1208705858484721
0.0895132154051751
0.11288794281113285
0.14011085915806518
0.05324707136693032
0.13885330498337958
0.1469305875840172
0.041590828320315354
0.16985712514741233
0.20163460088824192
0.12852337629722455
0.12903996165403592
0.07970837428463672
0.21301621299594
0.1738624391071481
0.12681494541235686
0.09467328061675676
0.09195083661092525
0.12065160904223776
0.2127791293028902
0.05255441201452904
0.10518221707886678
0.10000948935178551
0.0536334306765019
0.11366838536764166
0.09279695501267676
0.13061661148673806
0.027543114221199448
0.128077343416171
0.13394444274676942
0.14303902556791515
0.070137139347777
0.16397427997473185
0.09058837496337782
0.045468389841046127
0.07285723891992475
0.1096766785058422
0.10214976585136507
0.08716389428323941
0.08883698140258821
0.12135437988758276
0.1380767681647382
0.12650297131783558
0.10513396052133853
0.1535916477226175
0.0649260470967252
0.09799417668477607
0.162583611942299
0.03204389179138773
0.22556264083196736
0.14148313197347917
0.14994529517381033
0.0669936817348581
0.12587455728625843
0.1833085078077821
0.04368949589728688
0.1332439689113622
0.11188978190960583
0.14025287382628482
0.11152037334079813
0.11767288588732537
0.08429336344763344
0.1267649496352678
0.1410856218527038
0.10358029900548062
0.17668753921607258
0.09479736527054182
0.14899304836274108
0.07125432941792377
0.13425266490145743
0.12937426293489487
0.07174399718178345
0.053269410596161526
0.0472726308039396
0.07729053598689253
0.05491297682053868
0.0652863551569909
0.082700681319517
0.15523857714353548
0.04795682232760767
0.0692678351927055
0.06499532698270305
0.13713487383445383
0.05594413512619716
0.04562008094326752
0.0935642650881625
0.1056439478696734
0.10266083805402379
0.03353665974791549
0.11907645195453512
0.02603085198183613
0.10921374515455103
0.14614612274637495
0.1368662791006608
0.10446497246907603
0.10636020497898784
0.05257482256114172
0.06860852755878907
0.07499474794894338
0.04031198044787432
0.060711212115675706
0.0849597494958404
0.06305415338572117
0.06511167079067248
0.07851889637955993
0.18225067892207367
0.045732867722944
0.052840089647520835
0.04952736646807795
0.08239814923053992
0.10956474313121918
0.032904344624225756
0.10711195543468939
0.05672862929027914
0.10503569225147076
0.10851099119149325
0.07790226712095767
0.14951569840051027
0.1591525748474698
0.08111900477808623
0.14037475644655695
0.0682545694419272
0.10631877196107713
0.06236859415995739
0.028084712791354386
0.056711205165389106
0.07110239414650696
0.14208787956082175
0.1128883004999306
0.10984042067591705
0.2706536639877951
0.13122936841905292
0.10934778757525915
0.09426559716002067
0.05538818725229476
0.12606512305522133
0.07231498029894252
0.1026629942552004
0.13075911664688575
0.07995137639241791
0.16570771860302974
0.15896976228646018
0.09043090292364084
0.08260526444125658
0.12566401497252289
0.09100295776774281
0.11833928777366817
0.1292298600099552
0.10924158919029275
0.04210485347992392
0.05340899593672513
0.12879307019427286
0.12645840826821914
0.06830182200011788
0.13535686056759683
0.12181679524790365
0.05424436575304531
0.1405546495499406
0.08668652265154131
0.11279506990303789
0.06467221235669314
0.051464839008843175
0.04439304229110903
0.06515615988683937
0.09077237730502628
0.11234480687381831
0.17968020147137237
0.12172398247063783
0.1404513424359711
0.07478875472504955
0.10457370536243248
0.16853889035677086
0.03322442459425476
0.1720916057792341
0.19270645857146781
0.10265426455692832
0.10591192526390056
0.19764873925287893
0.113112241802951
0.0821314849276055
0.1246485331279614
0.20495320603191028
0.08083302057014534
0.05991898211741824
0.2286006254047396
0.09401283694693596
0.08770926832292539
0.13000939226375421
0.14115428021940887
0.0852655216205338
0.11607172869651418
0.06700957653568768
0.037633191247554876
0.1190127959103826
0.06782225516951033
0.14527680771805107
0.10296997082720805
0.12212283152880958
0.13817354383829392
0.08299814793283386
0.09671880061007145
0.14703705026435224
0.18925338456050647
0.07229192352089718
0.10606136740299735
0.09010858117511578
0.1360257182217327
0.08421820898867398
0.07623445594665428
0.1226786539415589
0.1768059484317182
0.150272930119262
0.0996113392329908
0.13637394822932777
0.15030621745021513
0.16483481522920632
0.09240897432165865
0.16699521648088006
0.09897727391909142
0.09787706283964745
0.08010639275634371
0.04839246730600772
0.05236121693988235
0.10680523904238902
0.10228969427547177
0.07850745908559499
0.1627582509556016
0.06846337594088059
0.14167990681566903
0.16526757259077254
0.040294638269669815
0.0381073251536169
0.056642116597578195
0.13003610762428594
0.0802249629544958
0.09808911421583484
0.03296387207941389
0.13728408039383994
0.057533556766450375
0.11290692128844164
0.11024446091998792
0.20188455826376966
0.21168780666687778
0.08986364590604963
0.03284254245193699
0.07508413145802638
0.05904694970988983
0.08188938450103254
0.10058740191042187
0.09904239845978542
0.11427747911035255
0.07187297230275397
0.0803823482821948
0.08310123023943759
0.08045996686065399
0.033846724577694956
0.08327376585474495
0.10680416051222849
0.12902098349541677
0.14418901811246987
0.16348275354673417
0.08609826876334649
0.13202500727668665
0.10760364754726681
0.08290936770936226
0.1706063455119636
0.12656559235027567
0.09904550097138913
0.1601231821771246
0.20530975743516616
0.11626055298610705
0.22259436602651592
0.06929987778290041
0.06639537378430758
0.05762246248074777
0.08270823512945043
0.12179752125483881
0.13377421749642227
0.1271767807352746
0.04642642913424572
0.09339366894551784
0.07570985294309893
0.02420072146694112
0.1908313942362491
0.14168752080716135
0.11794051699594196
0.07269650529802878
0.08981400801265578
0.07298895328441093
0.11735147229366256
0.056595534449098116
0.08694574299041907
0.06689022601055696
0.081964563164694
0.11653822217652592
0.03711555030403262
0.05232279831148664
0.11394156036513435
0.08373691784165171
0.12425760973226835
0.1275011206771873
0.09379282889991805
0.14250924661266354
0.10133855617339528
0.057000377994598346
0.08128909961525302
0.18748772206650904
0.1063057921769171
0.11528076748897367
0.11534550030735313
0.1511322443831278
0.08548428195434872
0.1664136228746772
0.15750280077607695
0.07443066795200899
0.165949945362052
0.11491658016149629
0.03300376385303386
0.09104245692559979
0.0850587861176541
0.10967156279829522
0.07415404683117051
0.14952436552216708
0.1695617180558779
0.030117123487944996
0.08980449922919541
0.09881538698649532
0.08454245692929534
0.12254340940260634
0.019764916183664074
0.11278092675867707
0.12388503179986449
0.11582168319485567
0.15323099244981037
0.10092425268473945
0.04632140466941642
0.08270886824031093
0.11018650756006744
0.09019419955495685
0.06418410786038983
0.08073880465085789
0.13596957426349407
0.07708304254127428
0.16923093118240867
0.09776803315735207
0.10095264622165001
0.08142022186453576
0.15736558946562168
0.06342272000732216
0.08153756899862176
0.09516226504803055
0.08778175467410415
0.09044424490783746
0.14928646127728215
0.0897261580523609
0.1340465047312857
0.14420477231945686
0.13253959556412748
0.11768577446744735
0.1825359281394668
0.0736735256263934
0.19003182278603975
0.0723560442025739
0.1743810433894136
0.06607880832636383
0.10385983819097508
0.11947830417396577
0.12145432132079138
0.10754644412148875
0.09013612782072444
0.20235531680258112
0.19611630083932405
0.04106735829664063
0.13716347127068004
0.14432964537938536
0.13803436982416525
0.08448705445280147
0.1293459460957411
0.09525287973697633
0.12493595183944699
0.1008812962833156
0.11487489474471874
0.08929996205248068
0.10490755015704493
0.13213087463375917
0.06333922613519158
0.10046338343941541
0.07063180227374474
0.05760271697191863
0.11382929821799628
0.05803542568934936
0.09152659680826125
0.06442991975413313
0.1177479932693468
0.11155070129101297
0.09598940846754621
0.10948850755219264
0.09598162778291351
0.1148223089329445
0.08814107443500789
0.09449908826448711
0.15168073788237252
0.04786633972687104
0.14399691073832008
0.0914237173296637
0.08479494438911254
0.11183659209174404
0.09020434419672561
0.035378639405476836
0.18171765882977267
0.0490136987628918
0.11991393058303602
0.15885176953439356
0.0951693233504055
0.10150057139495103
0.0790298070424648
0.09311584508470627
0.15813518771092924
0.08908164088871519
0.07632725210401158
0.07355876066236347
0.09993295575149935
0.1936891329884979
0.12455754639046342
0.11918142139005684
0.08905126665451292
0.062498553539907804
0.06878967842999062
0.08107368605667317
0.09315683605250127
0.08066066185743728
0.10576263987655168
0.10171131995107806
0.12575211963465752
0.09458340506112667
0.08814222773421779
0.0531574038110698
0.08789891053285143
0.09537509290714294
0.09345261939069481
0.07766223443663954
0.06346363210484235
0.06599748293033932
0.05410598017572311
0.07090796812301088
0.10694500776821363
0.10206894585780668
0.14396292764209984
0.1249444407451904
0.0620968266054096
0.08742563146991202
0.07139759120643273
0.09230989827965196
0.1355443344261434
0.12041563773148074
0.11126576639295335
0.06004761686654441
0.08080369492659244
0.0530244277166995
0.05007490435101487
0.06141313930178859
0.13775321506974353
0.08843510644022935
0.11284927866097652
0.0998634040088398
0.12197170115824157
0.14499262867157647
0.05183140883637256
0.05889291212032478
0.056579495963181445
0.1303982046989452
0.09771517764268702
0.1605940017193978
0.13991562638951513
0.15718342633834725
0.10171657168074223
0.1266601396569652
0.13168693924662353
0.12120059890376655
0.09752313308892926
0.10059522879392453
0.052051782312209305
0.11067832282536143
0.09986095528223776
0.1764206463558097
0.12500446131750043
0.1680008308575072
0.14866658340409508
0.14578348236037897
0.11564805924522666
0.11968172220174882
0.13680379006414278
0.05931476427769342
0.1654457588588492
0.11384317923605435
0.10045375094358147
0.08190193650928464
0.13980416283901387
0.06212928514308985
0.13356691892990832
0.08099368918060647
0.15080927749385437
0.1622426282615019
0.09168409703873086
0.07489738223183638
0.09502523632524688
0.05392444108859837
0.12961128797556487
0.12273998627822785
0.059262514243646605
0.18612469706422027
0.06662431205723057
0.12491339833042768
0.10553709526083267
0.07307003212870834
0.12234462290968205
0.1592704384826131
0.10126847101206247
0.08541480881343491
0.12412062342503671
0.0924139678485288
0.10449959506947092
0.12570985987573544
0.07122477690939061
0.11057665088149697
0.10643422280370012
0.05887951750958575
0.1273656006259395
0.07268341906397688
0.09764094833435923
0.0518434749301251
0.09196626071877502
0.05833778867218637
0.10554999227937029
0.17591735645530002
0.20388510577013316
0.03883339795982228
0.1540038833280719
0.09731536540315065
0.08049026843203871
0.09423527516647821
0.17406581957746048
0.12535389558742907
0.11247613102838394
0.09027728367120591
0.15090331240243915
0.1177113951358273
0.04325041628972611
0.10442494413384056
0.09628345702483238
0.1087223006600166
0.09380985381060898
0.11194106189572207
0.08370995260004613
0.06423226126937324
0.058412257553338474
0.07165467644947249
0.10905664929561505
0.10330797962265939
0.10297847720045873
0.2016101395271915
0.07239710479505726
0.12008528865104841
0.07745960185397718
0.11943886371035078
0.08038629707160548
0.12026317826456166
0.09249466576743309
0.09000844131524219
0.10322277673433564
0.09634570334097861
0.137239705766143
0.07269083260978239
0.13605765211595452
0.14970077891779923
0.13171576682118075
0.10492606222915789
0.1998793866798523
0.11348028893930949
0.07132791191786533
0.14718741989328463
0.05556354733270428
0.10818248141575085
0.03236737978732704
0.13584075891912276
0.08262351512256223
0.10025835925648033
0.13985254328994118
0.10936656109834
0.09410216462694984
0.1405442896098674
0.17749661455387986
0.09543483485198549
0.1871790379331305
0.10827989269096294
0.03672966080466759
0.12003894165021531
0.07378932836396343
0.09199649457345134
0.07190777671173977
0.11339440066108145
0.1353416398301826
0.10659449046583364
0.10262086710696201
0.12831851267686895
0.07760521903743078
0.2009028245687075
0.08372576888272654
0.17321986248653953
0.14410691118877564
0.18777150228487277
0.17792117129362564
0.1663797157556925
0.17577050032784317
0.12923961405511494
0.08610100036978803
0.10253145942407782
0.07353701517902016
0.10667358452784302
0.09601426274864804
0.12077418474347333
0.07846751623685515
0.141888450851276
0.1028343119209066
0.08472029837397153
0.10859296418186816
0.1557618085595041
0.05859166055941375
0.1120052611720178
0.058123257695291065
0.06487007454319277
0.04445315926576133
0.06683313078566408
0.08320731581071804
0.09274259259707136
0.0872520476499362
0.11372783004583423
0.03795129674179661
0.10880958941498577
0.07100193830332667
0.06968975657130408
0.15211557933024988
0.07071476567736443
0.09324433092374401
0.14569494471943997
0.1491299865320258
0.10279380000752597
0.12341970792255187
0.12147480827303157
0.04353383104393035
0.13795051190319538
0.1530016326874644
0.13409430253748572
0.07719768351406997
0.06143233617219987
0.10837378569344824
0.060451022354122724
0.09332017085593422
0.10661488022073971
0.09982757070775986
