0.06567971993708563
0.07167273765981218
0.10104077759109151
0.01942376954809478
0.0760973114618654
0.07926633472689393
0.08258749954683502
0.12592617614285906
0.11296681236983869
0.12040298768577079
0.09407903202672926
0.19195822557782116
0.11180895057816417
0.10787503375801642
0.06612390244144484
0.04176496092252049
0.1058874205551305
0.06607003680653424
0.08462821597460324
0.14741287852770188
0.06085549500171217
0.11208128948430802
0.1382306717811762
0.11019860433234945
0.11023396949041318
0.043793685747088744
0.11770236204960566
0.20490600903726444
0.16873416129710675
0.09165930397796408
0.05098464531896569
0.10047845919114691
0.22467392653285467
0.11906513544048328
0.04303166856295226
0.08146197193685836
0.10646946181443645
0.06089390661545744
0.08042839111346714
0.10621610174919087
0.06577009009707419
0.06267410405230442
0.08828021953435286
0.11601758241861473
0.13694478432413745
0.0798990440731529
0.07908936530632242
0.10706795348710066
0.12264163644497711
0.09697954423917532
0.08730111356760052
0.11998449642480782
0.13824484469117213
0.07172575778096049
0.0886563071258144
0.07468444440508788
0.09959351150562701
0.09067528124298257
0.15034650599347005
0.10727969985491212
0.07078913771419623
0.10735700966987777
0.1897837073906008
0.10402663038944833
0.11893914715519202
0.12650603476771272
0.08255465315418621
0.11583425782573287
0.10383994027424669
0.0735734981668468
0.05880015533829097
0.040789550517270186
0.17517020940735795
0.08728985559245708
0.03613216113962264
0.15739731494117778
0.15910346128221697
0.1049823712517506
0.13013364026568397
0.055623723786508567
0.10858109305841292
0.14223620513212631
0.08934202503621107
0.13521511062351713
0.1980825370576798
0.09859365906939671
0.057839524773895166
0.03771218050713743
0.1402320932961964
0.08344929880806493
0.13281596097536372
0.07871605536195972
0.09349730070385
0.05977049125548383
0.08747379171866633
0.1468230442222882
0.13897868792172222
0.15305086317829744
0.11725009139061987
0.054420446806090206
0.14851971786052465
0.06214001091089138
0.17656135813868784
0.12496745665487367
0.09818469404000145
0.0827856596257498
0.027633876467877974
0.1613873432496439
0.0967169862121949
0.080096744249887
0.08155109814533781
0.14363149740761308
0.07211203470505281
0.07521545178951745
0.04695113162941565
0.12516554324305446
0.11442340330996435
0.13673200610244735
0.07839595756438349
0.052411600288231504
0.11859709937308652
0.0820838543796822
0.089256507486859
0.040297483228910774
0.09841024151599619
0.052074120579073443
0.13164613918582474
0.11915659734036486
0.13986637862316767
0.0906823604263539
0.07514544412857424
0.11380588762037658
0.08090364847360815
0.09746148066991976
0.19077980611643006
0.1021093145557425
0.0585334628991398
0.06573655829900305
0.17486970361244086
0.12740595874843139
0.07589576011104458
0.11370617777920704
0.06870546856089799
0.07389188250951305
0.2103025306934373
0.08802732599460478
0.10129986400121387
0.2463571617568377
0.05711115074576151
0.11176405940543835
0.09970066091318508
0.1382953970039139
0.07953039920788625
0.07989523777632336
0.07065558297764511
0.10101904592774007
0.13274377328983394
0.10339646596782304
0.05800164923556907
0.1547333466359075
0.05461599177775
0.11125104918003678
0.03966018798229843
0.1544348810578703
0.04125979757968822
0.11468778315659849
0.15172602062378943
0.07045603779308761
0.22114768585006916
0.1478801760569569
0.12233559837827325
0.12156574634885012
0.10061465382279142
0.05874446462988509
0.13092686630999764
0.08219339094850404
0.10260686177158669
0.11977507139659825
0.09085368783673653
0.09009159299683957
0.17465042567010472
0.06101572988738451
0.16301989441764675
0.09770246501885031
0.14839678143288673
0.1277579609521944
0.1547857786798867
0.10068217058261693
0.11411841487446776
0.06440321295976444
0.1599754887105475
0.11667504381615479
0.08697802206653524
0.10449922226943673
0.09675054429843111
0.12984129123266397
0.07372174714573868
0.11724711389845491
0.0965916239302075
0.14729866384635015
0.20428267897821017
0.09119391838031224
0.10086024445889652
0.08229761216584
0.17153848029033575
0.11019797640112243
0.09418037868546136
0.07733014955068006
0.07225756021685187
0.1681689630701807
0.16521177397499126
0.18424994333474629
0.08059086985290644
0.03327475761434008
0.16614807715554641
0.05863633442686794
0.06867323112153856
0.06268777026562374
0.16453446011780248
0.08725101210535018
0.07818951046309479
0.04598965343310749
0.14039045633467825
0.1745044622306495
0.06189445906649155
0.11205659158683143
0.11693874333788519
0.11101415053365778
0.19765139016677163
0.1287359969980855
0.16212976942102894
0.1622343843174933
0.03225711974490035
0.1310963238771346
0.1557558748248403
0.12248352388049086
0.12739547143416807
0.0331705644243885
0.10025440369419933
0.13237578741389958
0.036143003033814285
0.09505068188716703
0.09772161306608075
0.06106853096025563
0.11191429623994655
0.13879972152191852
0.1326827350185642
0.06758081102207145
0.09310625063255294
0.16075491233743724
0.07686014698934701
0.12436788156778715
0.2086918289197915
0.14752494094176638
0.12917807232628561
0.15216724789481792
0.11450414978466229
0.10408718203177696
0.12172981104579078
0.09505325201790377
0.046094741226878
0.10946252854790672
0.14568585733368164
0.08710137815031897
0.1704961964403327
0.08648536010220115
0.09191366548499888
0.07745584851264545
0.1052730592092718
0.051622450557291664
0.09793074230757268
0.11057722812305076
0.08036882156368036
0.12616486560864973
0.12190039502014442
0.09444643472866585
0.10163036321461673
0.12449247948455854
0.0775521691122097
0.14484613931399123
0.16515013039246232
0.06359226871426525
0.12896652631821434
0.15893319397025965
0.1164898593556016
0.05054389741232903
0.09824696231033508
0.17331309764952868
0.14914515069629664
0.06923314156095152
0.09735906464641837
0.18959831437027383
0.1433320411986177
0.11735632716518132
0.05467980814024147
0.024113132801004238
0.050774388594827954
0.12485137084505159
0.07894460476363246
0.08318736173224253
0.1491990934825389
0.10381853167331659
0.071343205507692
0.11735692990657352
0.10241923003834195
0.1209130962170361
0.10281667810074965
0.13226166519875926
0.06351326483769368
0.1309367370368088
0.1120544432882633
0.1363834375067796
0.1317992712914983
0.12463826897643523
0.15233281135769677
0.05909126272747218
0.12497465852380452
0.0992112190602457
0.2699495973760609
0.10141230996992434
0.17796974515973688
0.09227508612447037
0.07493257746167678
0.08744411803442173
0.02981361570936262
0.09509401052784609
0.15739477710030636
0.08862948820235156
0.11278526675720443
0.12830216709691625
0.11546129064439324
0.10879454883933735
0.1420875897209359
0.03522050727245851
0.0946146156860365
0.06732830598697111
0.05741516407049893
0.062484688491248414
0.12641535851566432
0.05534008081126887
0.07172296245798096
0.07945909150958069
0.11085306918457054
0.061928241171842674
0.12611393218806627
0.07189175698338174
0.10973880749427546
0.12440085549387715
0.06343112235910231
0.07309923351499992
0.05541358176709348
0.09265466534487012
0.15737831445714193
0.05715610582765048
0.06485576048956529
0.1731914923320001
0.12236413652640886
0.06415995130117047
0.07817773256086265
0.07066070758963025
0.08556327864354928
0.07581182702502139
0.12599384800333663
0.06617462974563508
0.06971511483990057
0.20208324624098306
0.18685328876903476
0.07483321465377432
0.08742902983861357
0.053499621832037395
0.17461873412719392
0.09279450755843843
0.15700474518512494
0.15886093969560286
0.05170043753734497
0.07961413474610518
0.07982976259602888
0.07203218684758153
0.06405448522181346
0.08241405876246337
0.10583778680053192
0.10320881971311659
0.032542897039048405
0.14770690696698494
0.06230554386160869
0.06743474587548479
0.14671713324873534
0.08934875380923603
0.1323006093240677
0.05293234217635953
0.05856465802975052
0.15531300652912358
0.15543045118257517
0.0824383462644792
0.049062573570884935
0.1305279823747274
0.10098789091246041
0.05436205675579543
0.0911705474532292
0.1992067776383621
0.15007307086703153
0.01500978321388817
0.12926234129518657
0.1478262364812722
0.04333999606450253
0.04815847826907574
0.18749979121613838
0.2118932726380579
0.10808203496140285
0.04822096128539313
0.1134525761423523
0.08391158780253732
0.08893301031817236
0.07040495140224816
0.16711513984334547
0.04954618155283138
0.11950097102776153
0.08399503369488227
0.055745792068079704
0.14459917440985168
0.1570719594524853
0.14228351556751193
0.06392645069613638
0.06455240020065432
0.11203878524539998
0.04107192430925964
0.12552518946552338
0.08422368423474567
0.05567417654173238
0.08919845832419922
0.10500825428220532
0.0562585888293566
0.09833360855065537
0.12616811657341045
0.09767450728316868
0.08319100996887795
0.0677305345964126
0.08959026877568016
0.09737950639186402
0.14366709205973358
0.08006041142993285
0.03679437865656671
0.13904628944117095
0.08531179298700721
0.07108506840359269
0.10812786570562871
0.1141457944775796
0.1348496588542837
0.1427683035742418
0.1389973000662605
0.1329290050885105
0.06736473629417332
0.08907151425966443
0.09210538223999876
0.060450172399641636
0.21781247405684623
0.23229488393141523
0.07889321926888643
0.0981464763442265
0.08802254891161576
0.05280736971244252
0.06637264465514299
0.08371473267964648
0.18086709494765119
0.04136229885720169
0.0672402473669556
0.08412681244366527
0.03156726701725658
0.14716751546607523
0.05946717077328659
0.1269469021083023
0.1012821280300046
0.1321343704123182
0.19565832884751255
0.12831675584537988
0.05851834188053621
0.07485826347778311
0.1278112463511184
0.11258482941634489
0.05056747455895989
0.1011597618321785
0.13490522882210504
0.09925850684332352
0.13461132030117473
0.07191647549194428
0.13797439020850574
0.10190917437148578
0.12694531232759837
0.04119684474459033
0.08181072972177426
0.14797242879155773
0.09071332973179466
0.06660225956903805
0.07464648887818078
0.12169273795281374
0.14469128342057244
0.11060773612799811
0.10551798336661854
0.05273048153983922
0.1795291974032736
0.12563817402852676
0.09213290909670441
0.1284139886710568
0.12453448065983576
0.1840637895512348
0.09404899487198011
0.12917726895143755
0.08919714851167312
0.12916386058682497
0.09992072421579234
0.08437527870421271
0.17584554467620578
0.16448717390824355
0.09575796549125297
0.1424504934876601
0.1354632126797957
0.1024579478539468
0.13436860030021305
0.12470006913867092
0.12581192679914413
0.14098999055777955
0.10537866539615476
0.09860708727540993
0.07115943128894539
0.07005686918005764
0.1443377964632977
0.04252902049622735
0.16548755197352322
0.1453843188455448
0.03243516452565691
0.07841712028648407
0.103767296404829
0.09827989499146424
0.06524546550069994
0.17266167743003255
0.06404058364179561
0.17800914876490684
0.11213805914725605
0.128223999869314
0.0688150276700395
0.09007710842238918
0.10540477882811329
0.09006407735767538
0.17504777114933281
0.178549555192577
0.08241903315359214
0.10550194177729215
0.11421134264561054
0.14703034298500106
0.017496203800739112
0.22449752736742
0.07553878060245874
0.15085411738788845
0.09339033645425769
0.13594040458705092
0.03774398439107877
0.18663533572836405
0.04554130678800536
0.1798295932675756
0.09900693344558398
0.07723554222951612
0.06251200764805416
0.12472402258496168
0.09019676555048292
0.09247682813473747
0.07199913847049107
0.06664290735928864
0.05484895367694393
0.08754981696064185
0.07423372460491522
0.1741412686402552
0.13841948782661187
0.09620308624021295
0.044468645656802946
0.15723641417464274
0.14465027484743098
0.13158572362868734
0.042684421983601034
0.1208019880920376
0.1664339813101085
0.07685577430577838
0.11695436839028464
0.13910167597172127
0.029862371785036815
0.1643014855977986
0.07960410756781419
0.1073485064707161
0.04665113260199253
0.0833736924216821
0.10331877482074525
0.13684719638110748
0.1383109127119956
0.23802642413283986
0.06551573255145002
0.06302551920485056
0.1440963287520927
0.2042276922769509
0.1487899207474879
0.09684317187796364
0.07253744482779258
0.071468433453701
0.04435965027236625
0.07032333671405909
0.1236549032022906
0.09021081643222899
0.07110192269463722
0.10513166411233099
0.08138824751364478
0.06604599197954891
0.14134523085286876
0.14906118164483725
0.10172258752304585
0.15685129537937675
0.12325961622505115
0.11907629561238764
0.10887592738294445
0.1652629188752435
0.06484103433906735
0.10875516369211896
0.07278429367055682
0.07311798192436712
0.07546688426245855
0.1010542774100487
0.12508256594886144
0.06737285284867466
0.08860778283805952
0.1966315670831699
0.15611207064132313
0.05060677564767052
0.20257934016527368
0.10641764523775761
0.10522809175362025
0.03514384960577319
0.11044324511274183
0.10669597747049407
0.12058740206259311
0.05546802450183072
0.03385719866559479
0.053740137182511326
0.0577559716550955
0.20037656240536686
0.14464614194387296
0.11754677947235959
0.052540471940955236
0.1144894000284687
0.10389537658292723
0.13259898856146538
0.035501667523599095
0.09087818121932477
0.138228133676009
0.09857293692925634
0.10175486597650114
0.10802667702153135
0.1530532991713383
0.1199416466654548
0.09666202140092711
0.06354147649958458
0.222622304286594
0.13804326678757162
0.051455039016226264
0.15276786780845789
0.14438842007118166
0.16506503379218695
0.10468399634549436
0.16575071273297914
0.077200568229379
0.08403548629331715
0.06291272996242113
0.11909894973719785
0.08008844841146553
0.09140110848811533
0.15527692067152116
0.12997180278447104
0.08141188935631039
0.11490134771335783
0.10717108871531908
0.06689605684349349
0.054256227736521265
0.11010804357821366
0.10920490267389375
0.06346092166709756
0.13816132851033402
0.10495172749662589
0.11336819830306713
0.11853263468999106
0.04432598579722527
0.13134695758732978
0.06791864461899966
0.04271644315683103
0.09571241529582969
0.11134542780194225
0.11007616661054934
0.10229725931408017
0.10526011660881734
0.046826715457199054
0.035806691832692104
0.0808766741666172
0.06981284465968998
0.1448716182565788
0.03873893813907246
0.08421512063639036
0.16771070601186358
0.1942450267851936
0.13623502800892356
0.0718122225351227
0.10417507532758981
0.11145324512401544
0.06044496023410299
0.16581201175297688
0.08915338181965876
0.09123519682876063
0.09886975327287596
0.12334946637775895
0.10937953380646853
0.08847379419348321
0.095332013230521
0.08254501636545099
0.14517582428229583
0.1561695288648158
0.09818182127836715
0.05125257037780718
0.1052119302374197
0.11585520116075802
0.10936336302605376
0.04644294102877238
0.08730732264560821
0.1281382295465544
0.0878325368872796
0.0546647779818266
0.04394350503334716
0.15944293391748318
0.018915594239635063
0.08073645107275326
0.07179526856615585
0.06630456045220645
0.08034505644552714
0.09989994117904887
0.057007464265721244
0.10019666429475046
0.0376558771931315
0.08749184348211687
0.09908647895384193
0.13281391242274054
0.09100280679725131
0.09981623871572677
0.13941235313931757
0.0858632132237246
0.0767142574385462
0.15900551685327116
0.13188998281261907
0.15967393450335565
0.14351772924413708
0.1393082863632021
0.1114785244558084
0.12044431339216155
0.14613778014037965
0.11089994062765324
0.11853083322781538
0.08167388032294573
0.10835884653358267
0.038442170968667415
0.09820203678705514
0.12566528037350197
0.08242186523520753
0.07698428257396173
0.13947825709371145
0.17469651627157293
0.10702264617480717
0.07904188446342107
0.07707950301931446
0.14416488414037862
0.06070314658255408
0.08837104132308171
0.06135200622710771
0.1248661989762849
0.05354009392101513
0.09099918876956567
0.12050807199434474
0.13270346040521336
0.034472446631313214
0.07128634106863313
0.0672382284563837
0.09227433313987703
0.10652147955115805
0.15077103686616272
0.03282989679695663
0.15081768295516454
0.1076947659587239
0.04721989472364567
0.052176750008542244
0.09981343892195162
0.12374867727360403
0.0672251659148433
0.06837991833218601
0.11899116531454397
0.061552222909544325
0.1554357547211237
0.16211775329088976
0.09142018905258405
0.08935389073224828
0.20684767991296704
0.06881373533734374
0.039236018953573946
0.08902480485127781
0.09541913646482642
0.2106824436864851
0.11875902259090833
0.08997581534992037
0.15693027090287828
0.07048238243732696
0.08750912205399144
0.08210479542431488
0.15159527063146017
0.0883878223058341
0.1251287963285131
0.07253799975110198
0.08682260213859426
0.10555329109761692
0.036506157314945956
0.10110755839008265
0.08274179213799025
0.07706565948588276
0.03937573281191066
0.11114981776224922
0.04369484310464048
0.05690069280725332
0.11508362532786573
0.10186738596583157
0.10262453779855069
0.09507403773481658
0.1296031115950207
0.08825351905367003
0.19189999436684477
0.14111303693370877
0.08386308083784548
0.12689410444101662
0.10514465584752847
0.04741576050613903
0.08816468464030855
0.11219655791215527
0.08079230191536481
0.12018314565721169
0.1395237375841234
0.037534398070220666
0.07651390276131685
0.08867277377274568
0.05934543419337852
0.1238016530074297
0.1366173900980139
0.048257341122835265
0.07792569309957542
0.0708434119176187
0.08702216928719339
0.18189445413510147
0.10895947607036859
0.0801962568906694
0.12714952866566973
0.02679216195496049
0.15296914931016015
0.0880091730324767
0.10970617398229382
0.06685030820804909
0.09853902254538427
0.06439689015670609
0.1750727134126607
0.11586402568840812
0.0939109060969418
0.18296929274167392
0.0756743325266005
0.071807795869404
0.0573052727933825
0.055068292644686594
0.13543780421724422
0.11188772747787136
0.08159354206408335
0.07885999005027956
0.15416659032623545
0.1200790972216245
0.06419858504350642
0.11482983472979112
0.1073601087199279
0.12742928789138974
0.11320629360094929
0.22837248195432105
0.06998167494828421
0.0859016176783956
0.09457841108297266
0.13289515810472868
0.15947464831220712
0.18581733322999303
0.05798584577183153
0.0960087867057426
0.11178426327149153
0.08079394358253769
0.033316052885670744
0.10463621888611294
0.10380932121872588
0.07039332228069078
0.10859865561772389
0.11095335069348036
0.05116776943816264
0.11315638529964728
0.10171815574226648
0.1345892695343105
0.07465913124207157
0.12037017543922869
0.05766148699767766
0.11266231329390806
0.018324620295983737
0.14740505824619024
0.14111652305926106
0.13219901674215373
0.11394912020890802
0.06545045665963554
0.09179331105661087
0.07985766679483136
0.05654523353225708
0.1385843058591342
0.1476391796483296
0.08596852674802334
0.058712242683201445
0.14872255688478184
0.14721814289285085
0.10532995931575602
0.11125790600355885
0.1108918934229614
0.05283742096646956
0.05212721550711842
0.05810573871129484
0.1726115153515134
0.12415328455796446
0.18608995555019142
0.07189358383915427
0.06019583351896692
0.042613015526865
0.08523010457933407
0.07631128739078268
0.04501311865011276
0.15712593516944562
0.08464672710279701
0.10834168521459078
0.05281648280095301
0.17226998233142204
0.057976320878071384
0.1356410300654818
0.10895040086733881
0.06644799149443713
0.04062644862207255
0.1276149722293152
0.05192793072440152
0.18350404972886963
0.10002665823083139
0.13965257673968884
0.06619080907296544
0.1591336366534678
0.06423084620197811
0.11823266818687055
0.08977999397299409
0.09364953326373548
0.07147429893062122
0.0911143297303975
0.022916296818932043
0.04310635045802861
0.11623430023687183
0.14717041232979458
0.08419233427864395
0.07625791576470249
0.08301720692148176
0.10565068279843055
0.13825690084488326
0.11315234720228402
0.07964494858623178
0.15090616205471127
0.08644608538747293
0.11500707341973904
0.14270758425911084
0.06621953113789014
0.06890686885181267
0.11847207925534363
0.07317820723489298
0.15152441254171764
0.11974303382580923
0.09729498205552001
0.1532080593534816
0.13313165892698103
0.10919207242069322
0.13047902386724802
0.10329847369489645
0.13443961659490758
0.09906202261059256
0.05866972790716077
0.11490837838094156
0.11360883365949975
0.17437793362210294
0.11287733285708153
0.13407231437096503
0.12860144028043521
0.06798865332085564
0.11220720033783324
0.05055012905590794
0.08893622029727895
0.09136709566841031
0.0545048230289939
0.15874647174211964
0.06937927909158943
0.1361407524493704
0.03866398599658711
0.17110133847861966
0.03703411487445489
0.1435495170979211
0.08122789422680474
0.09805267015996944
0.09590158173811485
0.07355931705046367
0.10910310398910748
0.09842398544281937
0.11771142674335348
0.0427097594841865
0.05367311127947969
0.11872986085050524
0.06412065337433817
0.026013537328848414
0.07627954503771153
0.05713054706975784
0.0893719936001511
0.07483795586445931
0.06600266272486523
0.13774797424399668
0.053247874724494375
0.1261559916396321
0.16138305811574333
0.06984740608046157
0.15301002781148232
0.05587978429962668
0.18448987557868282
0.06823718052918161
0.14021240550297925
0.0801008884044557
0.013389847172823297
0.044410109997691016
0.11875261383934205
0.10555938344214195
0.12394987106225715
0.06715454232544554
0.0524609972219805
0.07244525124314347
0.03612929359510886
0.06588399435565581
0.12406024354456344
0.08960503754955304
0.12184292219875827
0.16030667545926428
0.0955782555785286
0.11946226176847556
0.0720486144221362
0.09321779673418806
0.14800110924662235
0.19107141435958785
0.16667242038855473
0.06267199050095505
0.10448954623318474
0.13786960375070534
0.08178810734887841
0.07948057564950488
0.11967032473390299
0.13060141577888218
0.10744263038520319
0.07453631169867696
0.06982632654076633
0.04208335502624385
0.0925569715132593
0.13839496934668757
0.093693597680569
0.1399278911706585
0.09200916719500801
0.1258484805878666
0.1732260303357482
0.05358765897444258
0.0949295027417257
0.15849188785005297
0.11968003705346249
0.11586022819674055
0.2091276562354579
0.04655769030032364
0.08624711842882435
0.06538628749851147
0.04163070557034604
0.05123654577443106
0.1042786311641788
0.08005140279031336
0.06973918695706381
0.06574616227467653
0.17349502634717215
0.06438017076161381
0.19187081177775597
0.10517881297866648
0.10102831958836898
0.07556084663137944
0.050431414640229134
0.0659616661963102
0.04479815034181787
0.10045932231380032
0.045842396683463946
0.0980464383671616
0.10957344196336435
0.10973525130358597
0.11646298973851615
0.09229644762867584
0.09229495548910006
0.0673042653156263
0.10828930534620745
0.060633178698455845
0.08854934850370186
0.08707436142757918
0.15661917403497347
0.09220408641290712
0.058529963077424856
0.12446303607425874
0.03357043380608096
0.09675336150585857
0.11831297922150587
0.11294220590146517
0.1202086956026505
0.09936492924945567
0.1695241235216453
0.1146751155112272
0.08126808472867446
0.04857419866426019
0.03816201129107827
0.13867411035453545
0.10820998340803709
0.10484330311824337
0.10013132881781109
0.07361498836924966
0.04753455031303979
0.22479254447800612
0.06262206813043505
0.12129411763681378
0.07277767958643323
0.06900408940877356
0.03658098538190887
0.09065175827966504
0.027114660978537694
0.15393807130040282
0.09251170360755678
0.0652240409708687
0.1330326109019806
0.0937347023275074
0.11066073097486143
0.12010410111840426
0.10280871463368153
0.09982650124464007
0.07373252116550796
0.03236217469424929
0.10494867923408552
0.06098447284955168
0.10142922968793885
0.061323460515579055
0.17048041503598352
0.11822717868559927
0.07267630048040227
0.09145385471046599
0.0910339688954413
0.10655513192386366
0.04194074441773484
0.04638272072585901
0.09000738618809065
0.13962164490480017
0.06585549691545642
0.03811054080761948
0.09498775156296926
0.05206691981859829
0.057627070886835816
0.10478927907285916
0.13863031256763772
0.054629796362939215
0.056080770589061524
0.025787669601271906
0.13571146472104836
0.07358671155099919
0.16758082592270304
0.06002020145686898
0.13555262127882226
0.09091608059952744
0.13431670551763042
0.03959199236211868
0.03271597467186833
0.04398297353167611
0.10510405172287172
0.1408933979529663
0.08283890202381643
0.07430189842737932
0.10096142236838702
0.11065796312715279
0.056400871196695755
0.11690000035883219
0.07968284047088867
0.07870416959699346
0.09321040324328722
0.13191349908224137
0.10873367458625798
0.08564012867145147
0.09895552016688276
0.10605231112708294
0.1721297421927122
0.11833484964663567
0.14233895684581768
0.11622442450754197
0.1379818771674981
0.10725294641783098
0.08017423030824568
0.1189968327449743
0.13118789555064422
0.12281540935375343
0.08176980076639784
0.1345154966314349
0.09293299379267987
0.13343233894480222
0.16551157767166855
0.051737458495645774
0.051351097637877055
0.04815660204280328
0.1258304547119844
0.06941351309273427
0.1630314942589693
0.042476125547559127
0.10354444781318943
0.054800028108968134
0.15001751560924403
0.10341543810402343
0.09955521524924359
0.17024814357609663
0.10803107744101056
0.15371090852202177
0.06547551173841917
0.10562593860425722
0.1021951073344601
0.07371737093334924
0.08297582192284406
0.11420570891007975
0.036960112475431586
0.15590365452009267
0.09768837145340606
0.13043373610157963
0.10062492180860813
0.09496104440327734
0.09165459176289766
0.11000335461439892
0.0963176362050643
0.15889649453381524
0.04901357030676591
0.12118772812302146
0.09416233552153902
0.12810432598223684
0.1801351114988586
0.10534771799727577
0.09939859849706922
0.08183978251012787
0.11808024047591763
0.26906598911784696
0.1457743318100016
0.07520533354681128
0.14848239877772465
0.10587695119370763
0.11711115837225902
0.14162943326163158
0.13583458456734568
0.15702186134916768
0.12529137657662437
0.11583679351364345
0.10716070287369588
0.10470198455598839
0.12206520845336465
0.19768784873807915
0.061660660556044904
0.0885654786055295
0.19870507087159295
0.133052156676591
0.04326574734309309
0.23614187160557906
0.1623413860814959
0.10628836736496057
0.0728300458445786
0.1198812869100466
0.07433935765682718
0.0824875700734316
0.1630415759242348
0.12731798925056173
0.1106254308553973
0.16914921207632508
0.13890249081714193
0.07137301808858178
0.20151104803122052
0.09157710668476918
0.046613031673318484
0.13231628098107068
0.10838189030490074
0.14844913699379086
0.12181769964638364
0.10383530852007361
0.08911780271473778
0.08493672044224115
0.06267640953914957
0.09934166419066531
0.13693467099449738
0.12795079094708814
0.10239892736098348
0.039084776228855325
0.12699820438082618
0.12270933958576019
0.08465673178717273
0.10552297496762245
0.08112140453156512
0.1331479272785555
0.18061852285146107
0.09754290463169363
0.09145813618768675
0.07113448815112551
0.06517814902378218
0.11164938799368437
0.07498984240202604
0.11013524452641195
0.05689005712664538
0.0898962420952488
0.1110684665068228
0.10892570258508488
0.08065416924348898
0.08585926400076364
0.07604871276463386
0.10787649062663873
0.05850863028980547
0.1035254348314721
0.17250271206582496
0.05260740671858665
0.13413928344579862
0.08394225370222595
0.06986064760171258
0.09565455554220367
