0.1085921472441837
0.07970149239719376
0.10842234315932638
0.05785769240992125
0.17202621842841656
0.07575650093029851
0.10662208919578027
0.15650690980488557
0.10886687049183363
0.13748226892789986
0.07154599818067332
0.061004819129280734
0.1322879678221901
0.06527198369066882
0.0920391031273647
0.10698423403291653
0.10810795190820309
0.12381465405809783
0.1277423888334045
0.1790666651874493
0.07900793899415492
0.0660519992135219
0.10792588031016091
0.08807722133958225
0.11439633913278884
0.10390853623839273
0.06849263759363317
0.08898923254642616
0.03736819818621988
0.2454982648110053
0.11885915399639994
0.07216400346916763
0.04575057882283787
0.111872632787599
0.06935297879080346
0.12137800051538819
0.15914028053833762
0.13089041371819232
0.05582518688812454
0.043760797873487245
0.07541196910152814
0.04281074615778511
0.06078411152467116
0.0970410651757532
0.04422988659057021
0.12815571569513876
0.09231056259902479
0.11802670639083437
0.11688421413233821
0.14835487648157614
0.1697056274847714
0.1117298779893676
0.10928792532771994
0.11283823486763424
0.0759475966818282
0.13106613631341366
0.097663089472314
0.0509645097616216
0.09560129521633573
0.12052263699308718
0.2020181145389459
0.18704742552349102
0.06854748550638466
0.14074368048574257
0.1138006251602566
0.09488181294692018
0.08084630323307555
0.1214673507721621
0.09446770331528224
0.07951022229165307
0.20564844785558117
0.11009557620561859
0.06016472964363356
0.08025135136552775
0.10266831322012294
0.058594714878575475
0.13197199174204535
0.054164067039406
0.11384497411801268
0.12221500434914365
0.14089414990698912
0.17410048708651205
0.061570923171747415
0.09176470934445467
0.0945082224296541
0.1729600649794733
0.10857809890716755
0.12617000658172656
0.0676308367290904
0.06954383524540962
0.08643296859291644
0.06307497904676994
0.13956162961625138
0.13495569839083738
0.08870165613687225
0.19165725721994148
0.1193645781010743
0.09165106056583606
0.06706706287986143
0.16766029412749311
0.1553918879534366
0.11670382789621102
0.09965694655633547
0.11056051497110803
0.11790539838914589
0.2005567389924215
0.11992872897339639
0.17772136540259093
0.10339925389494149
0.08342818946413307
0.03684883831871051
0.12330498637871715
0.05102398581378358
0.06704615220177759
0.04790127001270446
0.08680200248973186
0.0442487073792554
0.05386615948782485
0.09098254977800785
0.04603883754241734
0.17053869832281274
0.08334050514701045
0.11144836498114453
0.14034281341408741
0.04103011461318988
0.05246717273033922
0.11655074782333212
0.08876325115898058
0.03510910394000141
0.049792358484074435
0.11967587746637642
0.07419208828804948
0.07432986626430059
0.11016659328124005
0.10808397360370386
0.12734611285933525
0.12495426030968255
0.06224350611238667
0.17216477657907475
0.16403449699309455
0.055347061278490636
0.08925609763779437
0.08056072045137164
0.08405592530652571
0.043128647158584506
0.04800053463752082
0.06664382583989922
0.1087231827900838
0.13955394375256297
0.15620371225521745
0.1273496197552656
0.08661002477675561
0.04176143334492271
0.1081475918466762
0.14833254153643752
0.10973454979492417
0.10486472790387176
0.09108137747840216
0.12126866136397718
0.1338253859955698
0.05389679292848871
0.031998104275460085
0.05137704931667888
0.10415133759415578
0.03832506710072076
0.11434769822357102
0.04639164392658343
0.042240297965172466
0.13518439287935086
0.12531797394081629
0.10503737049799886
0.18167225448036012
0.10163559982673885
0.1866967745553722
0.17430468427008208
0.10071930110447003
0.11163213223663065
0.04692231360712326
0.1748214041082174
0.06665357527152119
0.0904264262389432
0.08374054177301393
0.12419545234359215
0.09540372540263947
0.08736479935653739
0.08063826156364562
0.11554723027837144
0.14160856476048453
0.13248547267499702
0.10355539366765978
0.07033603865383557
0.10837689936074428
0.07544291154172396
0.12376640628014215
0.09990848457684146
0.13803750405987358
0.058594117290508306
0.06253275868956629
0.14038891277461285
0.09102006085649392
0.22424516329785837
0.14703394542150836
0.05842778568832623
0.1284764032815112
0.07671451905771332
0.13234468888255876
0.13836438296465306
0.08798846801539086
0.04336209684963986
0.10423323244250006
0.08006049520488824
0.04099572490415495
0.052168221114601045
0.08968537099036256
0.09695237895526634
0.15505679580555382
0.08883279380538157
0.04727296775370046
0.10786433640828814
0.13947309879931413
0.14704421579391005
0.08128732739421485
0.11209729443140558
0.018184613854061376
0.06785885431209701
0.17401896121890892
0.10690715718894847
0.05769484935517255
0.08195959524362179
0.16889697800158335
0.11053440913001777
0.07005593141194195
0.07191220656215028
0.05757956753851788
0.07984229327696163
0.07640735175200697
0.09199591520331006
0.18014420804040676
0.032316104238603184
0.10565292368052204
0.16813527827037253
0.20656451172436327
0.0616388439285356
0.08396375586167507
0.08140363378464135
0.1447652341471371
0.10142296926509772
0.13091524598973922
0.11243381398929878
0.15848827014847705
0.08692290977095274
0.11947965015583423
0.1348973311496491
0.08210123859191694
0.10698330617040322
0.09883640196839244
0.158520053563874
0.09302834855355815
0.03316076128456103
0.09826978145677503
0.13849591958330565
0.056890886898148314
0.05752658229047407
0.16709641698516248
0.05681901857496048
0.08091755189584535
0.11459831123826453
0.11642225727003992
0.10780448812265749
0.13305631596444156
0.09313603493080413
0.05214069113188798
0.11252927231582766
0.12335480434289929
0.10854275204237997
0.03141130590574643
0.11821140878871572
0.14316750569252396
0.10446583891720261
0.10517114670027623
0.07993254221914943
0.07934223064954281
0.04430631590306712
0.10156470381454687
0.10473685287386744
0.07070933050419878
0.09624072722840224
0.12230124881949593
0.056000014429648186
0.07965872398671496
0.10890151317570809
0.09821116967038603
0.07877062822309976
0.11471717241520121
0.0805590667937845
0.06583142336391179
0.036915439174782835
0.13832758484753732
0.08376584783782917
0.10831796284646719
0.06589244771752376
0.127901753209264
0.040896322513791564
0.10356278214996549
0.1252307375078311
0.13397853963186415
0.1077681581847047
0.12457693436495411
0.05450019368107613
0.1362760260422925
0.11132927837422812
0.08715385947724572
0.07145224094034063
0.0822464379614848
0.16617059612930535
0.08126771616219704
0.1317007485849141
0.11214664257046417
0.06284144918643567
0.045873291696888335
0.06913628741514162
0.07079486520680774
0.14728697419572895
0.06415974992664895
0.10100914721654843
0.12533277926988637
0.11918292259221254
0.15436394375269974
0.03899293172114373
0.12409293458270758
0.03740245819455387
0.09816345944162908
0.10172019294285257
0.08141058640317549
0.05328857625060108
0.10542630837410492
0.1348707933324137
0.10831795840368208
0.09108084049144169
0.109918682756251
0.07901101491298523
0.07168131383334293
0.09643636006922711
0.08041701577906198
0.09374205838464496
0.07597028714574468
0.03528321927150825
0.07022903573594134
0.1039769694064222
0.05341442223773656
0.12659722908913065
0.08724213273962804
0.15505590693178284
0.17945926689839276
0.11679542228989402
0.11353725176721756
0.14937239686508066
0.11029491550716315
0.15622161957248965
0.04040474320355218
0.037568733465020834
0.14705445429053904
0.09475140169579237
0.13261525151740686
0.06240754984420109
0.08342282406014902
0.1051088506383049
0.13378909256735946
0.056645434152966995
0.1423557802901086
0.06035740126016013
0.06832057739494805
0.09086094460651445
0.10087346539268158
0.04661234377611125
0.062280854745054466
0.14700655137931948
0.09061738986899143
0.06385063712159303
0.09065192039351985
0.062051473953081464
0.03759744729283011
0.06427175530172576
0.10162083324933496
0.08216558069686467
0.09859578911103742
0.11021393849854293
0.029799918538931908
0.12667778007248182
0.09140230866031024
0.1189204253086717
0.1078167235136519
0.14018180650136497
0.08196458067565006
0.12403573761338368
0.05755373217813125
0.033792211977703684
0.12925650159820345
0.09125776614378517
0.16485500491252714
0.11579815862482884
0.11889733813851346
0.10811986002517852
0.14415800099551312
0.08138581226397083
0.12561016862814883
0.09510757761766792
0.06369331953026297
0.0771923613677723
0.12227575561074945
0.12919855676425457
0.07119358139248744
0.04165979190837506
0.07311169687620352
0.05066250740802457
0.12147238040002975
0.13219945920729004
0.07220690493741252
0.15404690214173608
0.017324208480128347
0.08749109127026192
0.04383463317260167
0.05322188646340653
0.06859308351189028
0.16251853532107635
0.059988519568424735
0.13275509171866134
0.16213683921673624
0.0778021061698854
0.09404667072504017
0.09712640131258649
0.1112769154797853
0.12207036848945677
0.16208927393448155
0.16142119232122956
0.1729475595370981
0.13021390533272925
0.12523138066407485
0.10364578434564709
0.12761209306708515
0.15322450641400184
0.11824015225122608
0.14750829780952318
0.12441277778946427
0.09866908041720115
0.14398255841503438
0.20336288112657375
0.11792233174773878
0.09242724677554956
0.10509060091986062
0.15585025875202327
0.21062235429387177
0.07703340832656892
0.07074409360102689
0.09507235504125733
0.1457323408266852
0.0771153073271978
0.08120775356448812
0.17467561904115542
0.05028429768428865
0.09348908340308104
0.06768162638088805
0.1479841387461419
0.1104890784844822
0.10139085200761677
0.039499739200313605
0.10327357067836664
0.17729993884490566
0.1756470871932109
0.10572956303232564
0.05013340248875661
0.10216615394357155
0.09679580205606492
0.09104769809518116
0.07169761389622686
0.1256995389081767
0.09741719442810959
0.06544006135589511
0.091042452271265
0.15277679497050814
0.11938439626038394
0.08542178135839568
0.05857124602806454
0.08910668636476103
0.05513031053540999
0.09669899721041249
0.14150037169038956
0.09697084373443984
0.0768167588523851
0.11631595213180639
0.14404482389165837
0.12486616119118235
0.0788189690808285
0.08291453075091014
0.08236394921547491
0.07392192131853544
0.05312317248167923
0.19284477892128993
0.10162947618503855
0.10347723118538592
0.09402393971342689
0.026572135612896914
0.14375429502049297
0.07942881680914227
0.12568814009775373
0.0903062069056561
0.14348161383389793
0.11328069383534518
0.10898892406614605
0.05154568962608616
0.10615529833722283
0.12601722858436185
0.06623267568941608
0.081061527150926
0.08025217461370829
0.1050744574003915
0.09203118894242097
0.09694679999103621
0.06717939052441407
0.09013075304148481
0.11090869723126309
0.10103568634325812
0.055983649638357134
0.13197056687144612
0.15039717558488094
0.07868852879319886
0.07778910473697959
0.13774708543350056
0.14190305418447144
0.08487101013548246
0.10458731665219842
0.13742283806100106
0.08444274751464123
0.05254599257765159
0.23534902650299386
0.15266700149029983
0.11972824234511091
0.12045037018767282
0.07099565193970417
0.08954333360813296
0.1517073711562345
0.11032033884215527
0.09119909164577963
0.08252405280034847
0.09188172786178764
0.08810188919357055
0.1143220314295701
0.06015240222908805
0.22451171570955952
0.1064892767278231
0.11683815093055253
0.08526962712429911
0.13564449650385135
0.10517164993611189
0.09000815879446415
0.08371647916519469
0.11047288605967993
0.08965260385315241
0.11808541463337925
0.06366518698342757
0.14814920909081367
0.120061880229321
0.03506146149928011
0.107842032007455
0.14301262566505427
0.052634521001972016
0.08156147542030703
0.10945244987175139
0.11378467923956162
0.09851526014445759
0.099191084156622
0.10663665283182924
0.18644745572570873
0.09608042835885477
0.08312592169900898
0.10688884312958373
0.07033549053492154
0.04247823019937668
0.08613816568418221
0.09200502234718087
0.1103771904515934
0.15644878754261654
0.14481075386541753
0.09843183634984956
0.13170672506017433
0.15672117453454867
0.10289781932340192
0.07804908511745531
0.22268842012473172
0.04063584969323574
0.0659703251349846
0.13252287143050537
0.12494391785916352
0.11867841302976082
0.11252955745081732
0.12483251520716053
0.051838676467001035
0.11349707571458108
0.09355016893306393
0.0872788908188793
0.09186845144028809
0.05913577836730528
0.07410110602339419
0.05175179175326246
0.1712659765546926
0.18841991510226797
0.07114628196172405
0.042311986237729686
0.13841876888509472
0.13211053621281937
0.051278041063506856
0.10110850174731506
0.08420915895597321
0.15904355378039362
0.06562593858378377
0.12750977875291436
0.12127673127324524
0.05027803799750129
0.07109188764557177
0.1433412603916461
0.08612514685925252
0.10744960601878767
0.07162445897620921
0.11821865827536165
0.047655117792760715
0.15923481023294736
0.07182870605855342
0.0240745526419611
0.06310216438421523
0.04220950164852194
0.04298314934615064
0.036367693339049025
0.08617255904936946
0.1033545451033111
0.11552779168378234
0.04386531754047093
0.13294133025135457
0.09610138277020297
0.05775471370012868
0.08967374779995528
0.06602118086042738
0.1474148530923056
0.09703891928389126
0.08674504668468859
0.0717141565041051
0.06971801101705631
0.10109273528687071
0.04154116287627485
0.0995809823315931
0.23704917274416049
0.06697602176756591
0.16541044245927594
0.18316477155154
0.06738990643352188
0.08022770206169351
0.0889064662835687
0.1264736188828546
0.07964027375208602
0.11505958264152358
0.09904348316669997
0.07351192008735756
0.09927189957623243
0.20923059623156373
0.13150157617124833
0.13356586238656268
0.03888867405039957
0.062349823259560594
0.0895398736934801
0.09709299386971579
0.08269741152624431
0.05666917680633185
0.055705511348892074
0.11071400651167497
0.02944285918132909
0.15828950977845158
0.11112852164976462
0.09835541242067487
0.16776157070673847
0.14715143239964135
0.13432562633644873
0.0733434175396801
0.1399077602272369
0.09423350225500488
0.11636063196030133
0.035752844311482464
0.09009827196279509
0.11355106560394342
0.1106433962619141
0.052736094330486497
0.13704905167137363
0.11683175785237485
0.08378521958197567
0.10436860971538352
0.10686686221423126
0.045361567094986066
0.15087787680367465
0.0728583136256801
0.1309562354751938
0.12991587491442236
0.14291433402320308
0.08978739769466648
0.14979574318132202
0.1206056967063433
0.10593931579105435
0.13390032649748035
0.13233938367899345
0.09955399537471642
0.08216317379041871
0.08581370567206276
0.11589226968086894
0.11253514105659573
0.054842505382310495
0.09678461649185317
0.1253225199957131
0.08663602077826305
0.0882778286825184
0.06670134714360952
0.17352416346552066
0.13595393484655738
0.0950175320979942
0.14696225802468763
0.07025196521495508
0.13592562387321572
0.17042598736588332
0.072199733617663
0.07345954994534191
0.13831143611933452
0.11054663311790423
0.08886824489616223
0.14465384437987658
0.06603021546234371
0.13560764379339899
0.09469412663187479
0.05398290598622892
0.08234899320538283
0.11551326349570727
0.09919350864946049
0.12374713990204962
0.09312443055256012
0.1720401131991631
0.0464948801082703
0.0695090529877057
0.07134629340324114
0.14340935899158438
0.06629606758568675
0.07094556546377129
0.1029831977277717
0.03323483540011709
0.22842091913958898
0.13798559785390707
0.12153720489634694
0.07920095647097325
0.10817587043509602
0.09535127491000245
0.15875721400189777
0.08845981511309638
0.08664967093919634
0.06818450019957935
0.07420889607900624
0.22073062571325944
0.08883327866382719
0.1568950120971595
0.07441868300594229
0.039336388621441586
0.09439289736772515
0.15699770707634522
0.13073851294364008
0.10479060520671618
0.12548707103936277
0.07860918153719917
0.06702417839599518
0.10013389059981447
0.051094382380172255
0.1948842993832227
0.10936315024209166
0.03306630349806172
0.1394571153127358
0.07047972850199104
0.10051605550393129
0.09413043474010008
0.13386630185572143
0.19732267139980234
0.12697812648859189
0.049296686230714766
0.06383793034775934
0.05049501466251072
0.12450170427006929
0.11021351704429866
0.06745630799219852
0.07427014764789078
0.11093937784464207
0.11853116930823619
0.07959318356394518
0.11159463824254923
0.10236887151554777
0.18854812825129605
0.07131943162408201
0.07278693553557311
0.10202212696966075
0.0907121023659929
0.0649259142041143
0.11492183337367819
0.07289554343107818
0.09903241648843385
0.07938317905956978
0.13783746595109683
0.07995687222089881
0.09036404586219403
0.22284509022179788
0.13221902789177725
0.07977540381155372
0.10030564873437162
0.0894797670838415
0.07472469538949705
0.11260671924635185
0.013274657213901898
0.16434677345857815
0.15337401174639592
0.16980062083908698
0.17992155495603002
0.10034026673811923
0.19101440145096293
0.03265646547191563
0.05172271657313967
0.09560428148976954
0.11235188494314678
0.0875016553951326
0.05113383148108389
0.09516222177327854
0.13370764411653763
0.10460044280255865
0.11730117145990723
0.11767282821000238
0.05685439027379164
0.08754025183021928
0.15231831474258578
0.16605790502344378
0.18948436894929893
0.08785398381357624
0.10746675528514704
0.10455012263634864
0.13776163469423103
0.09540006518921365
0.15554300025487894
0.06095377198228965
0.06687989481581101
0.09872979603489128
0.15333070879924374
0.13890952041668145
0.04665375174877033
0.10529792457275823
0.12901390652220393
0.048325225305549925
0.1278411025301693
0.05205858822273905
0.06504999041057735
0.09100509635544282
0.06081001862317455
0.05834384586145023
0.05173481586399111
0.06555017597719368
0.05519195034818627
0.11566065110325942
0.06896011880961175
0.11471315215645626
0.08893201181319964
0.04889944984645394
0.07250068737659916
0.08268819915198315
0.15180608639572152
0.16023255280320703
0.14795045434548776
0.15023028975739314
0.02706645064868873
0.15229404581593944
0.10474938331333086
0.08187997389333079
0.09444040453546608
0.05089043316904019
0.06773213228383357
0.062399951596078446
0.13045492636719472
0.12633360655596707
0.08880174421194358
0.10664796850165728
0.0824931772861718
0.12214898817664581
0.1315823684448759
0.052426779673270335
0.10615263159572853
0.09764597576719526
0.053063616253155775
0.05451333991605755
0.08987149582422516
0.10175847509193735
0.07865535514309853
0.07475948987054544
0.12869456497877035
0.09976970271314509
0.14074401558284302
0.10115876617292546
0.07038683090045948
0.11795782303535678
0.10849500993778324
0.07494240521411878
0.06561299409282463
0.05659530602420395
0.12460371482608608
0.1454135037263489
0.05446968168323772
0.11786376296978038
0.15790530414945886
0.09324247638398322
0.04461954296144375
0.0956807646515553
0.18549434583635327
0.1265329849150846
0.10452125273266448
0.046236870726861314
0.10181022018894373
0.05713305778787651
0.13604840748136435
0.03332346008014871
0.20203685090281126
0.1490584643583306
0.1612180756998904
0.07422013485676839
0.1555498983457517
0.032331706376188075
0.1321559568680258
0.1704463282249137
0.06456324994870159
0.13572784083512204
0.0978932411504932
0.10595768197755188
0.10466877132881788
0.08189010560116701
0.18338264887887215
0.08719045538881308
0.15723436140847802
0.17787010603137068
0.055125531528163005
0.10246799004291363
0.11555570836870606
0.16204031082778553
0.1568980691508294
0.06431122793215313
0.1392603806466558
0.09677986026285279
0.1854089258457429
0.07982515535489002
0.08707276299927033
0.10872852932014553
0.10540206714869897
0.15957158527672993
0.16523483084184287
0.07523292770855623
0.1362367412535503
0.16386424786924964
0.07086602626584279
0.13238678970029605
0.10967762270690905
0.14379856759973325
0.12353550436943939
0.04173798919692939
0.10400860721505518
0.1386233040555632
0.05695465009705614
0.07324524059836794
0.10598812183730784
0.14736897372025012
0.11007119799251898
0.13636627485799527
0.08705178217532855
0.14265189978175272
0.1952850939199042
0.12388460532718638
0.10428302642553758
0.11350146798010993
0.07254854462542457
0.1311570594986824
0.0826838036080958
0.07122448829585777
0.11565663867056822
0.14710204516028685
0.16174554996766893
0.04108501360825711
0.11786765215628837
0.16292861214553817
0.10014965471509646
0.054461280680816654
0.083870245729814
0.11136328638796056
0.12558800025272354
0.078264080833837
0.1378555966047618
0.11229345287736671
0.12853920326497414
0.1162332342957841
0.06981700931515653
0.042921029882355535
0.10471657675587039
0.05986327300942763
0.11053606004589878
0.11789987009841706
0.11152468652947585
0.12063632243701415
0.07481232497403759
0.03915439120812704
0.08950089929894711
0.19569806814527854
0.15875850500251595
0.06385362776462687
0.27014277333002046
0.10433406748684039
0.037842352426764106
0.19146173555931806
0.1515544193832547
0.09793631014198824
0.0321652746543141
0.09016010174997634
0.17225972921402535
0.06563313330250643
0.08372348004434184
0.014922878698550681
0.08509631812631256
0.040084355614428704
0.038419549543996685
0.06421098056099428
0.05805307552630763
0.13455747710677324
0.13884753210074666
0.13739541085729762
0.07493419715599006
0.15939952510862856
0.21043588521380535
0.17389792683134705
0.17449179337447998
0.11201176343362994
0.1365923167201807
0.07489968347940393
0.0988548312589407
0.06911130742272921
0.14153375541279173
0.025996792459036973
0.09768870015679733
0.03609926503391033
0.1484755726806608
0.061502589628282534
0.09307312253806561
0.2177133393815363
0.03282027350634326
0.10569372287055745
0.11744184128798021
0.06559960388809016
0.047036085575556795
0.14659480437439712
0.16493639539671628
0.10381757113202685
0.05411694314954749
0.07662294217539846
0.1300902922846574
0.07556547670068789
0.14617467516197358
0.0882598388555759
0.07170649199575596
0.13529883572355295
0.11974169611900659
0.09517100044177831
0.14423151731505035
0.1401184735333287
0.16527172383494407
0.1415146893205674
0.06576332852336726
0.05415081907129738
0.06415492313999552
0.09867148407573254
0.10949651460643557
0.06798776391913976
0.13128079597942569
0.11159764620592176
0.1936484811500462
0.11932537272423026
0.1392976680183838
0.0994613799752811
0.08881925409615217
0.09650322103409083
0.0520866956747106
0.059600994057833444
0.060602100930906226
0.12430804910694414
0.1190560446802301
0.15092504761819692
0.07338045428812091
0.1567026461440761
0.14397872694739156
0.03550733210523614
0.1051952590990128
0.06536398788878021
0.07401205800731497
0.13063752769898668
0.027509791214610464
0.08103527170651087
0.2039700310717886
0.06361156808419995
0.03658633198517855
0.07247885186005855
0.10549145277013396
0.1981762983635809
0.12760713397041887
0.0188810712736611
0.12179627149138197
0.042420578021026126
0.048762743290759386
0.06216912635632828
0.16684176032971695
0.1499402425668281
0.15845175824999017
0.08825007076719901
0.16575682453122695
0.15248889997068482
0.10424629694119486
0.07361693846836474
0.12686207652859724
0.10109813876656895
0.08911551949105297
0.12407642405009543
0.06428531046032623
0.05797982855119955
0.07836108570072725
0.1985885565215368
0.11718473378819796
0.08728189383717114
0.10508051944194652
0.12962397803490072
0.09290047451575309
0.1378825172115395
0.0228026803622271
0.025787941766650287
0.042298521465286044
0.10007034957943031
0.05835300937920759
0.16895769444052225
0.06491296658215166
0.09722127350268618
0.13860091150331988
0.1010515363703663
0.07465449488280863
0.11797904427260943
0.07463380529021559
0.0819741558178025
0.1533134415109041
0.035977586466008106
0.07822159339354079
0.08181348400356989
0.06641784896856512
0.11073923585505326
0.10685010408581327
0.06561942919580013
0.06252064844101869
0.07091154530409738
0.0979879242288231
0.1258024265954737
0.11832164322019065
0.0651239297396716
0.2001939369600797
0.12041832008007909
0.053376028484352
0.034185413661216725
0.10650142208331952
0.07576286495541872
0.08699958621310559
0.10078740547789108
0.1137683617974517
0.09214867823234925
0.12863248831683224
0.05622208424063786
0.08554587916770502
0.10473361376808542
0.11625554868068974
0.09949881248481643
0.05893390099399305
0.12925373878005963
0.12995370781637378
0.10366662113395586
0.10044141807113091
0.06347805064719982
0.0664975980588404
0.05022910678008646
0.07704250106254343
0.04784425361653019
0.17461251359846963
0.1454887590747542
0.16523782035966636
0.06452954988236616
0.12579051922853796
0.06505616094078093
0.14606732859023194
0.061357108260791965
0.10782997376100102
0.13785241547374236
0.15530403404759577
0.09902248608671023
0.13389902023808842
0.0917872699731689
0.03796075536544945
0.0971396691976569
0.1199264693908921
0.05848340842336455
0.09777213003854898
0.1597846689359146
0.01926412705155658
0.12955983344077943
0.1506144610044648
0.06950387385464973
0.1380560590448247
0.10356475631189423
0.09161147749017926
0.11256195583618983
0.06997995428021953
0.08461802120060827
0.12627586473956398
0.1558958772810764
0.07106797509838962
0.17269715104004343
0.08851674659261817
0.15237649520894989
0.1386370231684308
0.20520865459096346
0.09086999372503586
0.09050183086954701
0.14642787791911244
0.17384678327762185
0.08482333560664056
0.0792935335002636
0.15851054623329028
0.14696769265115164
0.16484075643773058
0.08760220479040717
0.17632407085439838
0.06043411522351164
0.17132776685535475
0.11435452480818384
0.07985924085196662
0.07307680464208899
0.05556168347043504
0.12280433362268124
0.13757731562361472
0.07676746610284421
0.06052130365175481
0.058242802586227466
0.0928125657550882
0.10028054051515421
0.07891195005028809
0.1968867735579853
0.10962886143190582
0.10209036979974259
0.08294265602874935
0.07653184254003123
0.09841935177509965
0.10501460329026227
0.0817872144511417
0.057743418989399733
0.14826662936125626
0.1570572448284706
0.046384925879931475
0.06318616363529769
0.08614848698666513
0.07631793938208536
0.14354337461322964
0.12527758608567716
0.07667392084382624
0.038290339977321106
0.03637525873662179
0.06234210569867066
0.08992719599795511
0.16489142852730326
0.07260570122766609
0.14878179155811147
0.08685432452559799
0.12010761629253962
0.07594446123234394
0.1098989799568834
0.18368921031643973
0.06883218302564238
0.1232344190872464
0.12103739412266486
0.18032010344289465
0.09316341914801886
0.06863089752886257
0.11665277349820818
0.06190342673481005
0.045577548963481415
0.06069578934306907
0.10551663752755149
0.09260817495729537
0.13463733444982343
0.11834788332076887
0.13835575331262198
0.06925181869514485
0.06591221444363123
0.18407192193235217
0.0967351841335238
0.08177425360660752
0.11411761964675957
0.1194966854872879
0.10048867719025487
0.08824154090319011
0.18323119040768296
0.12879714652691243
0.0792776648792948
0.05765427859716655
0.23237493689113314
0.14250011005262805
0.10104829008725814
0.15406340602452667
0.09940126504090563
0.10230188091129035
0.07190302852880837
0.08051432382702198
0.12390235181775285
0.07837379565622046
0.08202187146655536
0.0810637045827127
0.09173013004172181
0.08925756206422668
0.059249075682798066
0.11134196117694804
0.1197399118322349
0.05235103732027986
0.2691560364704256
0.04364570750457686
0.05545386325214792
0.044801083554475075
0.12267339739577864
0.10351460095720591
0.1271674874526001
0.20891572624508442
