0.08731195437661941
0.04504954163875296
0.014125211787282132
0.09446808641852543
0.09414781423138784
0.04521264015830857
0.19380470323286983
0.0969467179070909
0.100762220973878
0.08133849658554475
0.12423619068208738
0.043336427843279964
0.15193277225546323
0.06920761047280617
0.12105874194621018
0.0968226012690143
0.13540151831487765
0.151225028131982
0.14880487977120035
0.1725792214726413
0.04161513605840997
0.14345490026619076
0.23456352354496118
0.12272756379038903
0.05756465530449994
0.11707015794691344
0.14082517156347715
0.07326850108094206
0.12036750409367729
0.07251637195936039
0.1409756657001573
0.1275859023940827
0.08685160787834229
0.12501426405521462
0.10124884907690039
0.10430018361942293
0.14474400703416745
0.09584364308180984
0.21906003792206574
0.11812285481172134
0.09453733392781549
0.16776080758368153
0.07604939581208149
0.09062074110076149
0.1344796000731062
0.14425431473283024
0.15625349199081026
0.14125789483537848
0.14585683930299298
0.05875723625635383
0.03852888568484553
0.13759594865505645
0.13460572613045063
0.10907395811517817
0.11659217437558078
0.07646808903085699
0.10487419171715345
0.08744419977878344
0.07120898430875626
0.09149202695750107
0.07842754355210085
0.11539468944031245
0.1450021579772315
0.15134942643130608
0.10549822454836313
0.09313515617815374
0.19942910477995138
0.10794356146981754
0.05985992451175212
0.12682169110961927
0.08732676595934068
0.09205039588670787
0.1250050628228801
0.15167622646632042
0.13002827519722354
0.17047742696503448
0.12782302687864508
0.13441301369433126
0.14500369340563696
0.08097196343208732
0.13977296984521398
0.11244694316452253
0.1711521644453452
0.0770295644270008
0.14045023761654016
0.07762191235449004
0.16152465635451094
0.10014912939163698
0.1688701622672662
0.06388973615213431
0.11907331183769143
0.13273316307819338
0.0861659199091914
0.0797492599749368
0.11312912327838656
0.20013080953277532
0.04015579648299344
0.17837335759689465
0.09689717546431195
0.1595359324612054
0.11974508166738843
0.04252307638177659
0.06532605157236658
0.06551155171617931
0.16660131332367897
0.09784082695832255
0.09033032805622203
0.15051299968403425
0.05955997586941787
0.14761582959419584
0.1127762751754572
0.13418142175752829
0.08228231347239204
0.1333068533708827
0.055772981821352256
0.06259940650542244
0.10871882832439463
0.10436001323098083
0.13215905464352445
0.04258626643790852
0.11034308538723417
0.15122382420094777
0.07527237343714051
0.10239906151854505
0.19415212747894
0.09656270529235458
0.14656657892086125
0.10800233472552302
0.1180329958444329
0.1028462336158462
0.16600202388033794
0.07180598405496585
0.09753385694510862
0.2007789660781586
0.04897082614500552
0.0871296175289441
0.14019094029206067
0.05720540369010688
0.2515632143540673
0.09973044460494941
0.13806351998018512
0.10699303738457709
0.0473162676627129
0.11278012979882274
0.03840195289152922
0.07841234272268134
0.05002929020500233
0.04240314602955031
0.12975642705280144
0.09571419668058306
0.1377209710480644
0.11706058225532912
0.1902453072434689
0.16343935994516814
0.0887720272333962
0.14259426147452817
0.034305809476147434
0.17248545487323333
0.10609838831893371
0.1143391184650015
0.1117515445895244
0.15630702580945793
0.11406299718907054
0.10711206752535492
0.07124390974505845
0.08950684005315314
0.12477801502315686
0.1985348037578052
0.1263874923638904
0.08739439288509288
0.14512847343132435
0.07770519296014722
0.12836164987332668
0.12187801602691749
0.11675873176281151
0.10766479896715607
0.06241296183005528
0.18701047145096714
0.13694451789749806
0.12757860036415422
0.03573281976424704
0.08016264076830533
0.0953355840189116
0.131561108262672
0.12354013515415987
0.06284785874935599
0.15452453872504376
0.1607769955017121
0.09569089841957006
0.13329757668735268
0.16594196997273825
0.06912058634903666
0.13352554150673362
0.19148594235449623
0.16036778513084524
0.13423489854739462
0.13527428150225518
0.10895805482576446
0.0709205712924898
0.13705028132997568
0.05086932472191545
0.07021303805390405
0.14462858984464963
0.07783826479348008
0.16937625418922078
0.025761181921064323
0.044635944943727184
0.06391824910904591
0.0968674195725844
0.10719922398938826
0.03462944726934586
0.18764628530980768
0.16720314457239693
0.09074810054488118
0.11512357415103008
0.13910740609991096
0.19146132623900516
0.11305831826514756
0.16374442698906813
0.15310039353581922
0.08617365455050346
0.059730022223271007
0.11969722333956395
0.09499776517420987
0.08362178338290713
0.12276189266417704
0.09002850600510848
0.22884146956036264
0.0735957705315097
0.08216620670817393
0.13519068675917253
0.11811878773842355
0.11612785494838518
0.13890526346413473
0.18019062567839714
0.08951258269423318
0.10799772419498455
0.07715365634106917
0.06746437512746473
0.2667528068325106
0.1470530680111957
0.10816368579347098
0.14885667181429632
0.10525523640033213
0.12569610892016314
0.18339556327533435
0.15251998786029927
0.18986982919555426
0.08732202979004104
0.04552045176946409
0.16877492112662149
0.14039230270959518
0.1641542989942495
0.07713830779200138
0.10076487507786097
0.10101239611268333
0.033993209283863304
0.11725053204016231
0.10175843966480362
0.18206911626573885
0.020201157049977405
0.10179903226638917
0.18226363260856462
0.048187537916445276
0.12246800949305603
0.11879008503949653
0.061460575238267916
0.05610695626370401
0.13834114683426263
0.0976458050780044
0.09956407499533192
0.11538426214859474
0.11532910530481644
0.15001742965217937
0.08908920202059906
0.1499810392156376
0.12207115478327132
0.13737542808772493
0.12243222797733008
0.11681644247518315
0.04489772319251585
0.06188153785596063
0.1546721907655871
0.1603969871370682
0.08195103732468854
0.17595811845501794
0.1308482713370965
0.0930188934401874
0.068695180280402
0.14952225068069833
0.20331552500615263
0.09178189715643632
0.13762220796119756
0.10597372377453709
0.08164334761786751
0.11434882709947415
0.05187687408388647
0.1145941325464831
0.07658650604302887
0.07940425191625702
0.038611454857864026
0.0346597169356224
0.04951590149615241
0.14525675513170885
0.07132432433250649
0.04706890866896653
0.0917003798816728
0.10241709291917458
0.043553813979309894
0.12301423149305722
0.10013551342902866
0.1388703991388585
0.07882483915076392
0.033151587394378665
0.09922435811223802
0.08008900521892238
0.11836352641600902
0.05758836049216491
0.11478603651347957
0.1262180488017711
0.0486006284405322
0.12084051963710514
0.07731017724308431
0.14902991203695046
0.23221893436168245
0.2007136094326074
0.10816045988836152
0.13138127325790727
0.06913349207197685
0.15133048992716666
0.17245370246757558
0.10182352465168445
0.2099653377013175
0.14175731502171227
0.16411682899781163
0.215482469287114
0.14646007334542496
0.07427350789789619
0.08863049410256707
0.10484326479322344
0.18328659929128893
0.09303724262527743
0.17106320058024715
0.1600429789942853
0.15156713895127422
0.044812811509199614
0.053513229150351824
0.09014032237524558
0.06752020269939502
0.07662584235291496
0.18503530220136105
0.08867863661316554
0.07654697235681641
0.09540113603486843
0.1216646212707794
0.0965458539664304
0.12758633958804533
0.18509294191888084
0.09208087027354284
0.09891593265041584
0.07358145960867447
0.0595299722354959
0.09415808205223303
0.06466870732716322
0.16902204941335583
0.0956987107034379
0.10904030348297625
0.11442833657698372
0.061986382079089
0.12613234248392477
0.05464416177307617
0.12016003742763486
0.07358457796419916
0.047032230149502564
0.11259510621517549
0.1651928775276794
0.07979641280144412
0.1517205187534868
0.06621892385753496
0.14216311767467862
0.11285564945504697
0.09561364701735402
0.10016958899265667
0.2211909719439514
0.11435851677571705
0.21806727858065736
0.13392400009770922
0.08018471385910356
0.14686864564758573
0.12478354962115543
0.10317272198283951
0.07846921085667381
0.07460964054024352
0.09817843277858877
0.05048160334361111
0.0983002939554978
0.10877115596141014
0.023799342318425017
0.038248008835068854
0.10846443216969226
0.04020443742354963
0.14946608241211445
0.11773141256076522
0.10324388213994191
0.21279680843440124
0.14681817743671077
0.09320037050574458
0.05719090635343975
0.07678359032657547
0.08566199115512987
0.06451883316915066
0.1054581231418346
0.10637295098941384
0.09702554083205224
0.2283908205807324
0.09903650995064331
0.2026268132678294
0.1375390641583518
0.07834592784351505
0.14546064927942767
0.11907642190338798
0.17457406793989752
0.05915181093894477
0.17033054659627309
0.08157143565460187
0.09908681861718084
0.08791415629419704
0.15266930924525923
0.17143522920419113
0.061089550865027965
0.04656184227508657
0.08740127124366255
0.09450896176566541
0.15998396341902385
0.08726726528955833
0.04876555392159353
0.21395767362060755
0.06191323801986463
0.2508963354321362
0.18631697993176585
0.03943393209533098
0.10192198490933324
0.041826011013318565
0.10408254915397222
0.177615976948208
0.15290045074243444
0.07165669420844242
0.08144055747355691
0.06885824276762108
0.1564657482737334
0.07680192585062437
0.030028587159497525
0.04753667154102265
0.1147319956119445
0.15793012486968375
0.07797976907351233
0.043702145099318614
0.08972589660444238
0.1429558793870654
0.124854252521955
0.1074413342573203
0.06463375429524691
0.12544625655822586
0.15665886114493954
0.11796900018715398
0.319089996010985
0.13913188793472955
0.01863202618313092
0.10604468699533431
0.09680375723069325
0.12788965692403814
0.10278063225421066
0.09992308965773572
0.18812219147492892
0.1339263338622696
0.13418811898431626
0.07042364218559279
0.06354203287133857
0.056104244703179255
0.12156562195046866
0.1285700525379507
0.15750092384543724
0.13603842971022684
0.0899181738401377
0.07734172788616309
0.19655907790104954
0.07924758010917475
0.12477012326989159
0.10147900801518231
0.04635928325655244
0.056994873812237105
0.13058146308428134
0.1137416779128967
0.08734371910343013
0.09025648449937329
0.10943158370086914
0.0651130727365092
0.09734152145139555
0.08808130852296833
0.06838367121810116
0.1567508032081104
0.08553830282699233
0.19435997068523575
0.1293248023844767
0.10389638587363904
0.061455980110744955
0.06845755227692275
0.07080449304100087
0.05773838857554541
0.1520039901392876
0.12666771367308852
0.09746895229681808
0.14704474614197047
0.0736164509191822
0.10701111203036995
0.07330455160188255
0.17520255821291938
0.06660809937259317
0.08680211836085538
0.0345675924438877
0.12032165486133692
0.05728549482033325
0.18800476638769958
0.05488619365638803
0.14997040438236306
0.13298372967398783
0.10539649443044344
0.07815639767722835
0.1192121589444895
0.0893791930911652
0.09257531377063302
0.12204622321861038
0.11636868100287849
0.16909569495033416
0.09751814934185538
0.05925568515090975
0.15165992066005543
0.09346181935488976
0.08271750457356868
0.12325909191311465
0.12628619523943457
0.112262558287318
0.10380986925851837
0.15204687442256734
0.1323328444381652
0.14951780502404707
0.10651977730498614
0.0821697390331811
0.14472734814153124
0.16965425806798587
0.11962693018433915
0.08997743204545455
0.1303677114445291
0.13683749881668558
0.08704988136312236
0.15593461434809536
0.18246743030713136
0.14335488267169183
0.1804940170163004
0.10776884105891706
0.16394354137310607
0.11636643517693974
0.10665949690100178
0.14883281715809868
0.1462126808748577
0.12668418169797843
0.07921769216662919
0.1546823564366543
0.10308738185669213
0.14543628365994923
0.12739556674045852
0.06272218935557868
0.07142853615327649
0.13626355674622903
0.1545668944778532
0.11394886454738157
0.06410507061804237
0.0856494020936015
0.1401715048517664
0.07879314460533775
0.01583435929914436
0.0823793327070004
0.07051942376868021
0.0738563301012969
0.07859970849732895
0.16947163589905673
0.13525522137724771
0.1468193409622396
0.08648284795710856
0.13651742184034374
0.13300894491433018
0.07265479396636447
0.15574132745918076
0.15591778093674924
0.07032784772441261
0.16788260322192536
0.09240127263636795
0.12973073405430127
0.06251047905606578
0.08017887908483377
0.1674251741559913
0.12175254382846568
0.18045764179997414
0.05534019377567783
0.1331577943750101
0.12600379189687413
0.19143484647777131
0.05259231768176108
0.15601467440038586
0.1283256232134947
0.13201069297567708
0.1123503272080186
0.10395285789584019
0.11489949938242167
0.07631457022926094
0.10482846404808553
0.22896130711286566
0.15910912152341503
0.049738485066563115
0.04954553031649585
0.09008907798488683
0.04416655682100443
0.0768247593093655
0.11263028756065815
0.15316152918622947
0.11429354271669893
0.1653412513347077
0.06577769155209365
0.16414636470806207
0.04752533338547594
0.07662174024796094
0.19409971678806104
0.10391038075189021
0.1043512280453255
0.11972028838914098
0.13375471705844116
0.06693893862923855
0.05535515619258765
0.091234641684755
0.24232081531624647
0.10601262093442047
0.05342923743128981
0.0834842278306478
0.05868835121344801
0.1794949287164195
0.06673638981852642
0.2063342629042738
0.0635977544589574
0.030181532483077998
0.02605187732947353
0.12357845023306399
0.11569709226549751
0.09495096872173171
0.12777247671392272
0.17461146142248368
0.07010453447091404
0.13036718055860733
0.07543454914919247
0.1938335670214743
0.04224606146931404
0.16423029204570272
0.11715019540614584
0.11714538164962626
0.10997443138631863
0.102108261521436
0.03966315239519561
0.0741714097522978
0.32207538524049084
0.1145535019336342
0.08617221925856122
0.12299945193974554
0.05451287496564738
0.09980041661235099
0.20254990891814187
0.12519177946438625
0.13999521720196845
0.16645661351591903
0.17595660071930255
0.1473504660601671
0.1133926957507006
0.1362131192201594
0.17168158378216544
0.14777745368107112
0.14565223737564548
0.15039097101633042
0.0926294656447544
0.08432542540595303
0.13988615061625562
0.17040693512132588
0.11598943895634521
0.07181546476899829
0.11705272784295721
0.11681332911255535
0.018895299663447326
0.15550403167585547
0.08027375193580744
0.16581129900804947
0.11811556636051697
0.15909856742816406
0.185611744181252
0.15962484220731327
0.14965497249978923
0.15938016209283884
0.09787175119940662
0.06109664287077369
0.10843715146603217
0.18563885152522816
0.075260624255508
0.11210975538129532
0.11298008048537946
0.14941306892303474
0.05401536213323335
0.1502527795259941
0.1219437571865792
0.07927069727721606
0.24438422888491357
0.15280434575682716
0.14760567919753573
0.107016078812626
0.159906876256232
0.09399521207624466
0.13404027416655523
0.11974939471406144
0.051938452555764715
0.16496106783589995
0.09331874254787093
0.08017246233938997
0.17497581945797694
0.13320922112524622
0.11566627512646534
0.162293053444386
0.23052645983785414
0.1028067641380618
0.07321629804483686
0.1243392450988242
0.07658688935182728
0.036827725675886
0.09627119548375737
0.15486120980076842
0.13936059176845528
0.13809782608320773
0.15848200508500518
0.06976397446516484
0.06139931831763661
0.14191565117451946
0.1389257674086977
0.2607598516813195
0.11995531566233544
0.08398646709700563
0.15103692684495523
0.06458078028901475
0.10355016516458462
0.12016229057202917
0.04287359415910741
0.08298120535939832
0.0676074273012453
0.10053223602460955
0.18135775541366542
0.11192670427156341
0.10048841938297065
0.22280095661292842
0.059397972614986055
0.05881170405567353
0.08110117940604693
0.12801015028785254
0.1522893262455803
0.1390402276007383
0.10267327120772834
0.11827066496545219
0.09293520842927143
0.1324255296547275
0.12155081517501153
0.10291070691491519
0.13439232639210927
0.15079844490265898
0.11193946995626576
0.2407740428306902
0.15739921107397598
0.19910739349518036
0.10729127726109741
0.07632619420097791
0.0972916739832708
0.16433517927831715
0.12024945047989165
0.10974364389369588
0.05754159109497843
0.17704668692912787
0.14973654866811165
0.14524417934180517
0.13374857261688347
0.04720703195169784
0.13028843735759615
0.1364346222329496
0.05689113980665689
0.11865868785600235
0.1031440914463958
0.09532425420422269
0.07014142198447797
0.16714480618577077
0.11355815785232203
0.03599780423595054
0.11644201544934545
0.17484311853740594
0.11590584719839182
0.07099029533740454
0.07719437834017288
0.036774582660404044
0.07590036621975993
0.04617040375984993
0.07597854507283792
0.13232936275679638
0.16801391621404183
0.1034718430543445
0.14187077213029975
0.22379711689937268
0.1019213680835366
0.1318891978184521
0.0906183652619593
0.1663724208141221
0.06271540397338529
0.1524547985755467
0.07227952859177561
0.2171906619165997
0.11759469478794467
0.0939658823661541
0.05273147762738954
0.11734065523635062
0.21969704264361017
0.09697173901658984
0.03545304429952291
0.07800444411242785
0.19143786563922616
0.14888826606149508
0.0977539196479666
0.15577199988964793
0.12058593786019914
0.07133647194623227
0.09817313059011079
0.1626278736418251
0.1911148368478269
0.09855151402079876
0.08118920283164528
0.12109261947966063
0.06383077987668173
0.06273065876880778
0.061377253317297764
0.11916234553469826
0.10130849368151378
0.1118680312255973
0.08150366759414783
0.1270357797297884
0.17448969444708767
0.08923621501714404
0.12996500918344156
0.11832656459102521
0.07153676988147822
0.08713138778766157
0.2047389146322833
0.0535383679191036
0.12354514336736551
0.08283001752493466
0.1822769256240096
0.22426448074282718
0.19785335798155224
0.13549141040946544
0.15564994404009536
0.07301087278698058
0.16208349273675368
0.15422111379660758
0.12095176620158819
0.14043169322504662
0.1309614022771999
0.14191357124476053
0.21006601936540045
0.14598786647174788
0.10838318929922462
0.18967928862618155
0.2214843913992419
0.21245926768325732
0.15644279850919418
0.06642555761540335
0.07133521774632533
0.12478387182947619
0.05920642205277991
0.1526511910325245
0.15654324635860942
0.06580965931016709
0.17247972412524318
0.10246623446774546
0.09460794835646891
0.05905251858097155
0.047860851301159364
0.1425720961523766
0.08563752274198257
0.10488110745974284
0.04240891191764996
0.0659319317084279
0.0924607785251344
0.19097374434821424
0.08442727231315524
0.05960204629803549
0.1899478831685763
0.17883917030303026
0.19958896161236203
0.11815946626327868
0.15690877465124975
0.06789849353175169
0.1911255912730728
0.1121705397989728
0.08719246163460134
0.11922677444501004
0.13543377144590565
0.144164717052895
0.1550893166653669
0.13196529140697288
0.03754314149574803
0.03236517645781296
0.20304501307492467
0.08736127583710414
0.10555952646342531
0.2213802013227725
0.2276630766320842
0.10471150508141952
0.15646489006402334
0.11445462996917416
0.06131762546394854
0.10389294768811437
0.2590542624854064
0.209514549148866
0.13866762532145027
0.08688022789957238
0.0749409276786116
0.1336903962178686
0.055633411926695596
0.06937236251154791
0.22717940998049885
0.13981791661195503
0.08698003558411913
0.047476566361603155
0.10181495121114281
0.14342843720104181
0.07698613220509085
0.12466102322835333
0.09103657815493146
0.14310724831659252
0.11618568573358874
0.052599915844479914
0.09898300490392788
0.16449428394645219
0.1077217656742439
0.17720076961006279
0.1675730703923167
0.036504542122842445
0.07972447487454339
0.1215229617418922
0.1590393464288279
0.05720856688528447
0.17169369747317506
0.07359158916745834
0.10368700485877141
0.16842855485916905
0.10594673502844817
0.12492334729620932
0.1102285700600814
0.04662383268760135
0.2461747826557442
0.06666230133264367
0.09794520910267068
0.1240416313225798
0.14417156083841257
0.050841439762219685
0.1226043732441807
0.06877465998796124
0.14074620619117761
0.11321690535544572
0.1482242336881329
0.1563415956783495
0.09877346739167503
0.09117052016892296
0.1457885818434129
0.11286917083823157
0.1405851841960918
0.17232496698291164
0.141316842988401
0.10485766031769897
0.05992626643167017
0.1814887138299092
0.11872493813375462
0.12219351295162542
0.07450836362095714
0.12144808962320222
0.1715887003201528
0.15405964596084426
0.061006457170518634
0.045560502909172955
0.1322461395767519
0.07109486302635089
0.056451868980969475
0.11536672753649553
0.18094068123663545
0.07661957908622535
0.10336647283673556
0.09666073772840916
0.10099088292485582
0.033404116290939236
0.0959866030577255
0.17549962470755526
0.1283836369552274
0.08604170189331946
0.08768042499305256
0.10918424624966068
0.0844121202333933
0.12471310644010747
0.04409262929715698
0.11305821336327318
0.08112182639545751
0.11600627430055184
0.2480845340189736
0.11187628324069573
0.14552171665844935
0.11312818025187722
0.11364306791156774
0.091159669640513
0.10007330201116904
0.08864132610821263
0.21466755238323204
0.1881359810495404
0.09370306765711996
0.06510033842065946
0.13075584488918546
0.16868237479600184
0.10832923070328894
0.03994632794801239
0.05290021317451825
0.11335694606912525
0.1282262048803581
0.0815423607035931
0.18579231367588916
0.11443672680407212
0.2117392921205793
0.16731887297324133
0.1990296908069478
0.12539615120898462
0.10216895818574638
0.07868671053977229
0.08077047425511798
0.14816334260496272
0.09822222532912815
0.17508073880294514
0.08402931441771555
0.07751186428746905
0.12014320887543055
0.13171169534260005
0.08836655930226986
0.07381749060953936
0.08386657453769394
0.12073031517356586
0.1231369209967913
0.11234574696803001
0.17289882479898913
0.11350877444188895
0.18183541197644162
0.13322173570764895
0.09601941574617859
0.11597212983448138
0.05650823321571248
0.22110167016883958
0.0815907110724844
0.1780009843637319
0.13032906929788046
0.09978291647767597
0.06739530836645538
0.07240326247321513
0.16478797988320937
0.06989025533489879
0.08960033403917103
0.1380425692299939
0.14242853552896564
0.10260650426125854
0.056182211815599646
0.14645096055950454
0.15289331692759275
0.06313564370204168
0.17561453146519898
0.1414213562373095
0.13557915806124576
0.1446349405453472
0.14491691944444157
0.12680443630761065
0.09149745014438017
0.18134499162655815
0.05492431903001307
0.12520488488093917
0.057467653484895354
0.14846157712833227
0.059268510330825155
0.0753058954413654
0.1417693093088383
0.16110906774116324
0.12556055634128876
0.08849689972665148
0.16285722977124745
0.03500417205226277
0.07484746752270252
0.10278869642248267
0.15850295078262994
0.15550481080036105
0.06197186590327603
0.139015088314468
0.1342273007512045
0.07698940761258667
0.050668077642489796
0.11091038326596031
0.1976692153847564
0.06625468684104796
0.13787206884272274
0.10664692927509233
0.12931856833031616
0.09865364184521878
0.10870286163570438
0.2282919764814994
0.0804523421437162
0.14832450951010692
0.12072128381983212
0.11188358368048576
0.2034712779956669
0.08054775490850809
0.12257122476801796
0.15199717218949346
0.08762982441021808
0.1221313828274035
0.040214340787593894
0.15105917700831284
0.1614885629311035
0.22771708317961556
0.12996377731767117
0.07166631851158002
0.08070840942966638
0.10381625112977508
0.1577700273360095
0.056848671120712756
0.19319415737482806
0.05491829654043135
0.07067382618148016
0.07854357200765766
0.10983881492551968
0.14723108589046224
0.18608963223368552
0.03599040711733779
0.08487124021543332
0.11646796967080322
0.11226973795414918
0.0876793366662085
0.13163437692734525
0.10316798760525156
0.055719870165599324
0.11223084858904048
0.08201256988260733
0.17900651998515077
0.11708694612159012
0.14328314738159892
0.09136596562520276
0.07809848089162469
0.12203501026866795
0.11414676425159591
0.18014109032397013
0.11092920427203551
0.11388761021855708
0.06213272747964529
0.10167831582071722
0.07986313930642845
0.1688705244219025
0.043243067346884004
0.0638814403470837
0.08069187150942173
0.0403053050691789
0.110877725578801
0.08316721586779342
0.16911147800547982
0.23064467025749635
0.09780928999252816
0.10024873142283054
0.04387692492318335
0.14867104533287262
0.11865116608443069
0.08213552251237442
0.1813366397320311
0.10039562248371008
0.12160693279286257
0.13708107316390944
0.08864231742877879
0.0985370403513556
0.0665990331978637
0.08357151708487641
0.07455544217880725
0.11223086247088322
0.07395216020657205
0.06738389151169401
0.05928154900024709
0.11097846541054676
0.16515034970718317
0.10286706440640418
0.10312624378631047
0.06274336177004418
0.09782636084953801
0.18964896406196866
0.079309320809058
0.07382917965340009
0.11712762846914311
0.15891741945400864
0.11477655089331812
0.16282904273327936
0.08602441266364559
0.09843263055398689
0.09888362048403715
0.08864417399526163
0.10530980175666153
0.18419110109555048
0.1659843064397225
0.17335783631204216
0.1417421284495603
0.020118731735954364
0.11117427509524667
0.2025122583669304
0.11207359871974508
0.07388262463564237
0.10848000497093335
0.17335741117086992
0.2016338909658249
0.05087930042029918
0.1537855499392445
0.12655808073728117
0.1135115044658206
0.13832870606709288
0.053721759044618386
0.0917537678709775
0.057847042899341276
0.05943525905376848
0.14332644150679938
0.07489666163754109
0.12477983880694003
0.11373632802475146
0.08553624155256863
0.12256696212863519
0.036850700768667484
0.0422193210553155
0.08734848473480882
0.15766114421150268
0.09022617716319903
0.07294874693582577
0.08954383943770784
0.08854431397893055
0.1061120811240448
0.16331955480520904
0.1468301020974068
0.2315869126335564
0.22291317638415503
0.1413725427260605
0.08431085566682836
0.16045243493242203
0.09848826335191174
0.11451614403695295
0.0726732443428878
0.14097333833559925
0.0586363598713998
0.10912219160436462
0.19484656225734745
0.20986265297367765
0.07503269099250089
0.09936675862391112
0.07170265717866858
0.14252744111703514
0.07404762330182549
0.06279307269535483
0.18655114167806103
0.09328076426277598
0.1489284754611857
0.13435208502110324
0.047239327726076905
0.13086380283287732
0.024101418952975764
0.0822770419408477
0.270943742359268
0.08576240354554668
0.13869547419877484
0.0660324223959906
0.11702513813545377
0.1249385816910015
0.12242019340682316
0.05655326274558115
0.08814709492447384
0.04582699795540953
0.038483162943487845
0.12799032386526177
0.09349420478537543
0.23770515985629587
0.12449616372278392
0.17755696371674407
0.15661774038437065
0.15641166659232628
0.130690679146162
0.13189116617788707
0.09579266356520597
0.04987878264131787
0.11284972664625945
0.032094469982136796
0.13467426854204834
0.05842389768086009
0.13466450109369332
0.2082173406284726
0.07662557818650001
0.07431288266114743
0.062319630426795905
0.18136360003264418
0.0951438508920873
0.12227540154694182
0.14212605963191874
0.10039663790091231
0.11922963161068446
0.1528630400547783
0.09677622235928204
0.047106967150168724
0.12582281135207424
0.12233544035549965
0.13594435173379021
0.149888371645111
0.08733520232789706
0.1276587310885445
0.03003489616603803
0.05359094783223737
0.05713757418458779
0.15792436164353935
0.09839180020638938
0.15468788191177169
0.12797956050835216
0.11800982311392579
0.17340939913119632
0.11187574658833346
