0.07411668296334059
0.14399989283045525
0.11292451608073978
0.13281969950731215
0.20286943489015594
0.24606929747664857
0.21257959218403058
0.13532549999506271
0.11898107824916326
0.124380980252163
0.06490252911587713
0.15633289355140098
0.08718689841301701
0.0618743428944523
0.07142991459755475
0.13998644534918558
0.05076884852177385
0.09989263742253124
0.13577696861662436
0.14166188579224503
0.09952346622990618
0.08688906031873503
0.19116803176039832
0.24035101212315635
0.07302376139390722
0.06839192836999179
0.10458080585754868
0.06503251451375726
0.11005967651932529
0.16229720383101282
0.10302534141594892
0.07023647089554243
0.09639932560925402
0.151775184305431
0.12766553674192208
0.168666443290081
0.14081003129986636
0.06820658521387603
0.04745201469695259
0.12249949773514812
0.10156093584249107
0.17547666611548907
0.10839709238992365
0.23179556968624396
0.10564408148737438
0.0883827644819395
0.11357560697032999
0.04698030245066662
0.04605311673160122
0.10397160517407532
0.09131861767450017
0.11255254931030871
0.052536140705846265
0.12216495653481553
0.11783489026938684
0.1359219494720129
0.1692356528192933
0.16848802937305563
0.07538808418348045
0.05072918675214137
0.22223402249503002
0.1138309257144151
0.051838517850223816
0.03840893324397334
0.16883207701766093
0.1523172090485204
0.10042353329941642
0.13676951717402291
0.05945383608713002
0.12688964410450054
0.17194271851282436
0.04232545966515238
0.13184438127876716
0.08861538476252498
0.03582182765213635
0.049609639816900156
0.15463575045486075
0.11644931478111666
0.12820728079287347
0.07592327519581472
0.06653335645029146
0.11780157177830636
0.11772668128394546
0.11613188026716906
0.04479944424934158
0.1934838261070249
0.14301440149338693
0.20604436008084825
0.13402818476218054
0.17208928813789828
0.06862821248106366
0.16699610344434498
0.07903913379134644
0.1700629182015635
0.07645778038249823
0.055959911932131345
0.14924024029198413
0.11683125709290633
0.11891230579768629
0.09306120486578918
0.20454426356032532
0.2171875237985449
0.13011213015501977
0.12130336182685438
0.1988640737037265
0.09033255203943936
0.2022539993611042
0.12036451187453533
0.20915948128041562
0.15738950128835713
0.08832778319450554
0.09256089597184204
0.08208314806333351
0.09428386836062277
0.08142160238096917
0.10702953094641757
0.08011797288577552
0.03313786535442131
0.10234734256667381
0.07957333097256698
0.13288427331499972
0.0237563845753421
0.20962900150220656
0.054878418604681574
0.2023184228340716
0.05729303303707884
0.1595514040052325
0.1830712993916221
0.09337744194712412
0.03983900226068385
0.09597224847371558
0.26662228680629696
0.10529040282559225
0.12640277377761278
0.08418848716550466
0.14671849762947353
0.107836379124029
0.08533205044883224
0.14785431081083447
0.0813989686250375
0.17264495514881245
0.14165323230259053
0.08459644424554812
0.09752353408499075
0.05037309423250638
0.12283087077460389
0.12178532316953192
0.1911215139299126
0.09756679849576343
0.09537988218049695
0.17522831851245918
0.1431018546600508
0.17750245057068226
0.09952140716880974
0.06241313726303581
0.1424781983890959
0.15241146599038455
0.14010205486676616
0.14020979449755955
0.11684489606965917
0.11198302845698696
0.13068401930176904
0.09323527092836584
0.17428533840416852
0.10750241917441271
0.05919037415599563
0.1062581643655964
0.15148459593310284
0.10738472204054035
0.09011677216409464
0.03236621098478939
0.160625007441181
0.19875943519718262
0.18460473992053322
0.18026597102565287
0.12155021168902717
0.08731839278031771
0.1811202358330741
0.25080120026426683
0.1315716011949692
0.1586757869402408
0.24216717709616425
0.1533952625448805
0.1808450217751395
0.052410809291483285
0.11298272290339352
0.1133951557457025
0.10331955796061135
0.1463945377842974
0.12008068981243634
0.06271648103887922
0.13842191894108266
0.1373839078855224
0.105965605901132
0.04253904342096367
0.07344269739074591
0.08142923434379348
0.10839338885178718
0.14176239568058888
0.1858799184445522
0.1005889962073201
0.13253874109384509
0.05345853708523468
0.08722674132169363
0.11296655474350036
0.07904478898793046
0.12748632133443746
0.12241548880465336
0.11424068082048873
0.1508730625006934
0.046267849648112355
0.08414087438589765
0.0891579022309747
0.13879115318823565
0.06247824343591768
0.12195793969320681
0.09093547415372019
0.09303914510363606
0.09295449387913897
0.1563364548548298
0.10003024820397821
0.08555458286458799
0.055207750489551004
0.0981245460228048
0.1972581201921696
0.15466557848810514
0.09131560428617191
0.09676389458400746
0.13621725237727503
0.16416422275958317
0.08552452222432003
0.09913765875300568
0.1325857762293568
0.14811900231521255
0.14842593015759675
0.10830728915931233
0.1428977207424467
0.03848200169722707
0.05933093891233566
0.0989373055235301
0.06182734670276402
0.19847549710267393
0.17348845262332838
0.08003804087057902
0.08556436269076689
0.1149301866571964
0.06177597861273013
0.1274653254948626
0.09823552049484405
0.09453389345291166
0.16301017596203543
0.10917459042154587
0.0812035280013683
0.09139256249954565
0.21355056023701574
0.1365540015194965
0.07001132124029473
0.12162659942857494
0.11680518865735778
0.014011982825347314
0.161153933730256
0.17848827260078268
0.1101396620039915
0.17468667406830946
0.11059550673466005
0.10888857790486388
0.1168112846023083
0.08719994774966408
0.1682047441328682
0.08035913377784472
0.07667099216456062
0.14930250710403464
0.10001433388637021
0.17454159454257276
0.07346092463712542
0.05839898652949954
0.07233268627905029
0.02410193247296837
0.13924753608632995
0.15172332378264916
0.23078828378635025
0.059266188927533346
0.13254634164687837
0.13405616323745087
0.14185823387790036
0.1413965780759013
0.13137605019440463
0.06262166428000346
0.15273889192227466
0.12918098459944927
0.14453055721456445
0.1248486187340728
0.11337281610029001
0.1304334732590843
0.12794069825608564
0.133562589714564
0.12354000314640777
0.11242693964272475
0.12281367932459712
0.14219007177750578
0.14880757981241052
0.14325413606826298
0.15633948054455876
0.09198298975705536
0.0982135423503366
0.15141181633183576
0.06082389711259901
0.08575020868958605
0.09013198350727554
0.09528005769527373
0.10081468706840024
0.07283855793338995
0.10150517769809056
0.07652979776309689
0.09545031392192853
0.0382324212879214
0.10592993254609269
0.11173204857353598
0.20329664374028095
0.10320229394953583
0.0952595320101613
0.13599656260433865
0.10184041373173386
0.15160192335298434
0.08098893504783475
0.13495922887648873
0.12695258882724914
0.07101179296618201
0.15623204970958476
0.13880440277303888
0.09693462487952051
0.06723878099884259
0.11309193183406911
0.14643704421894024
0.18075183514178778
0.11323404664404654
0.19581951688298033
0.10260167003639185
0.06094180356211299
0.06346792133751664
0.18989264950899296
0.14050107255093897
0.04925773921922836
0.08353245355102049
0.16705576597154695
0.14393689175267438
0.1471907952011525
0.09864550951511633
0.03394097290181928
0.09408400467523152
0.15820314777217376
0.07080202792009321
0.05236267415627477
0.09313682127628653
0.17157269976504858
0.11460183072401652
0.0975316790639844
0.31983944393090047
0.11592351986488064
0.11661121139151168
0.0985558171433081
0.08727505012908235
0.09123762530100366
0.056188683632737234
0.1542087280166855
0.19779621104782444
0.18319514387641028
0.11865885070161813
0.10501569692536238
0.22842888816159593
0.12210921121219859
0.08847478121443544
0.14079883320621966
0.04576587560549749
0.15177403578196536
0.11767040627946947
0.14485753474172175
0.08911764063405771
0.026052154859446522
0.19092877070780864
0.10550955592490437
0.11514491266050411
0.08708669411333558
0.14801906614821633
0.07204873753392434
0.01850438145025105
0.1461328644163237
0.09448162654586723
0.13399791585427
0.1813944161335331
0.11581722783129449
0.08797855593284531
0.12322938147449883
0.14112829798083257
0.05675069577333315
0.17223721895646202
0.11268781800040577
0.13723535678732102
0.1213040932481381
0.12475851916766438
0.14549435277613704
0.22102439754417247
0.06128333135200436
0.07334476885140122
0.11431720086586536
0.05618737109025545
0.039563585956423425
0.15088485836509416
0.11545804873526105
0.14604315303534637
0.11190233449953435
0.04652568595755247
0.095969779678928
0.1348589096471925
0.1307179961442702
0.1327852610605504
0.09738313600865302
0.10336543416644275
0.17945069054400775
0.19938841363139498
0.17502043938429448
0.09668627821860847
0.0668238805307982
0.07825561209371747
0.17676360441145664
0.10623486466295504
0.18762252576271016
0.12608323964422602
0.07726267699592874
0.07834187939594925
0.15204259477274193
0.07650812470655698
0.07120316839879068
0.1168410409816832
0.10971300514660888
0.11706179979065773
0.05604704499659315
0.1429918073308835
0.10963075381711629
0.15979468919571757
0.17120701648026265
0.06223692259225276
0.0789605635780403
0.2283219305381024
0.16388530074385693
0.09529914796434817
0.07630835976853129
0.1162738276071941
0.09626049228227732
0.08865801404574349
0.10583904776857979
0.0747308057325255
0.06257269014425991
0.062662036732367
0.06570729529829282
0.0873937047890297
0.09185721026489167
0.1252734443831143
0.11957028746456752
0.0978301367694402
0.1065632894669245
0.13793975651665186
0.07030757734089997
0.12096862934960119
0.07783456641917438
0.07651493732242583
0.08249073290088837
0.03497419754353829
0.07758755820727695
0.07706930588776091
0.12988787046177216
0.12602362927013314
0.15507520840600114
0.06924051262688619
0.15578469946775403
0.1265408574579416
0.020019320642530307
0.1350994110858566
0.053496872136806366
0.13379880958728976
0.0642766296364668
0.14285770907270942
0.1382790092176787
0.08716048043690759
0.10795998452091164
0.050504011361205976
0.12765586984030583
0.0739304816270141
0.05267367073538858
0.10677464470975848
0.10776402360554256
0.08883866425489478
0.09658518695622309
0.14518109076266553
0.14940294896203196
0.11848184523637702
0.13368865212267803
0.11553060379847263
0.06349426973125417
0.13298043493812056
0.10076725811256765
0.14460090856427246
0.047104131914740124
0.14668916080965333
0.07006390073499483
0.13003641550493522
0.04176878838473587
0.05757055910792773
0.17228406033321417
0.11423649563168413
0.1818741128783903
0.1565339341782703
0.13236754574706702
0.09162593312826452
0.0400598946136913
0.037280685886765065
0.12952918413507358
0.17953749432249416
0.12092680997746802
0.09100615181486808
0.15993975291220047
0.12811336136023696
0.13809739012803415
0.16084676956523825
0.10194837331097654
0.04208227430426436
0.034194474285946644
0.08148082185742857
0.05604492175555505
0.18204246335525961
0.13406756170341946
0.06371634626448665
0.18939098648439184
0.11408005365371725
0.05064267186901496
0.08638614264964549
0.07002416668060955
0.13471919204877272
0.13805248257860256
0.04847112476121321
0.13297343585351457
0.10212795332787727
0.14952666716311355
0.07628418468075636
0.1114523250670431
0.041465200034521206
0.09700279497473134
0.1570305268334222
0.09062814564781425
0.10210010350258988
0.04692357071036743
0.047313051510010966
0.11238816050913211
0.11949232901679901
0.1694542318721303
0.1039747005085354
0.045133457652361354
0.11950132988515165
0.2235268492793388
0.07514855246461673
0.06357343721229321
0.07375847701110824
0.11995688489293806
0.15610464327235163
0.17768333038412157
0.10982646823071329
0.06460116998999049
0.05710103321068131
0.12011019842413227
0.14048243638460725
0.16705500092511488
0.051789986588383005
0.05833171827611909
0.16618315214140308
0.12729639162990586
0.06659840006329593
0.1560314244321854
0.11205652750916374
0.2224865306509195
0.08004502824889538
0.11094561084743353
0.07314936462011447
0.12006427216409264
0.07419508938820032
0.12453807148627416
0.10544612211645737
0.06888614232089392
0.11169532704043286
0.09940745272429784
0.16157645142939225
0.09719835990679106
0.07688143069374466
0.04934118970105907
0.11321261282902646
0.11843733823310837
0.1524918754217612
0.13897146672349314
0.07243257930803582
0.08548820332811298
0.15531513497543561
0.0859308325713163
0.03671160665758157
0.15909411666685386
0.15540808377726317
0.11825817392253683
0.05852661739425919
0.05706909524506352
0.1122232082784687
0.11799968297414401
0.07838066543330857
0.09986192250248198
0.1303602731069796
0.17217923917214506
0.064429331894485
0.19455835111765152
0.16907668550882582
0.17569909273393433
0.08093496082642052
0.20055996953596036
0.1572664693479332
0.1728970073702291
0.08696815644817088
0.06107446310400729
0.14960885487669606
0.10695628612218053
0.049712386162613885
0.21240314393507526
0.13121281587103012
0.15442575844647566
0.18179082830072724
0.18762789584081924
0.07456634352337495
0.07678038614330258
0.11093639551778742
0.09568520193768129
0.16504900673487208
0.08009221727363132
0.13666177277197356
0.1233273544878139
0.16382988355560257
0.11774870028490184
0.06960360087176626
0.07442774434824542
0.1337467632082871
0.08539903677214343
0.12067100478174439
0.1158623248211403
0.03437499818823485
0.15978821088141565
0.1454841444886917
0.15865709839568123
0.09558524920597405
0.11329424002599373
0.13133135453980016
0.08210445685759023
0.06777294230809516
0.10962735271726692
0.04459881065697537
0.054518471920861476
0.19282077234866501
0.0697718479914421
0.04740522220035653
0.12964540062439492
0.06183453333370985
0.1544693135454681
0.25895421906134797
0.03649051551076057
0.10267979487417946
0.10307003768959347
0.14877126033707183
0.16749460218461137
0.2709300943680759
0.12395542119969019
0.09725865319893424
0.020163128320728297
0.015810346728915327
0.10287186538874842
0.15132591669358197
0.0481010655002152
0.17465430507388144
0.09794387877579298
0.046969570234032455
0.05879432776012867
0.13042664061525303
0.0569957490773625
0.06649862476843658
0.06129509908641285
0.062409305514373896
0.19916149304822475
0.04662432949180698
0.14145055591856429
0.12017087124910217
0.07508634514851253
0.06574431382174119
0.0434478683345843
0.06518648556706838
0.08057153464121904
0.13114254444569928
0.07662518652040837
0.16728589613860492
0.13970224795274253
0.18674426469448596
0.10364464593016727
0.08754796474382606
0.1440546963974207
0.08425650641569322
0.15941450242875257
0.10422526241585561
0.1187053316084436
0.0432122814076128
0.18106233724278778
0.07004081468429825
0.0823052569569974
0.14848809709737165
0.13732459351992413
0.08289197541810388
0.07130754619545372
0.1282615231772183
0.22713741347700583
0.07210970557342292
0.12488057587720497
0.09283765875685407
0.1485239631562752
0.09661006813421316
0.10382213073167125
0.1377785304523411
0.16745689853744863
0.05681336118292026
0.07822488925694948
0.1277952206807744
0.044887423786048535
0.1334517803367695
0.04024911967179386
0.029974966832614577
0.1633641351584738
0.0872686382625505
0.18512488388644
0.14145597667881504
0.09500104063610816
0.1496214078001088
0.10857179868811527
0.09577221321291225
0.11303430823145803
0.0625780022706915
0.03538039657925463
0.1403376462809554
0.14035992265915365
0.10091281435205822
0.16234262581280967
0.08235881285946019
0.21602058406497285
0.14974116548319089
0.07913839088026882
0.10356789955537506
0.12278064935539684
0.12515013858193122
0.10021496697388985
0.18006367884479835
0.15001538742399603
0.12315617913868628
0.13955587989150228
0.035868925642817615
0.12049332923313263
0.22694032442608103
0.06294851233427606
0.08609754821930501
0.10394725492008818
0.09253054227961097
0.18959143846418194
0.14648681076027617
0.07514691817526728
0.11352680298924578
0.10307833654735078
0.15765006192736392
0.12437408216460372
0.17067456886193655
0.20275676064145762
0.1657402744469785
0.11659584591165817
0.23439066923755242
0.11549065463714048
0.11892085600419666
0.08684960127497818
0.1515199392909859
0.19372332219862276
0.07834771089784827
0.1438691386738742
0.04546015018014413
0.13068395955998563
0.15294225924079158
0.10734473185208215
0.13438924281099443
0.1657346697029267
0.1690500684612612
0.1487720817709296
0.127239695737961
0.1333161704974785
0.1711642048522097
0.11403617191399733
0.1301468546542178
0.15020828926852114
0.03831187188268749
0.09647041433424125
0.18732145960020924
0.15749892231270882
0.06372129693535514
0.1456619254166218
0.07586908288660717
0.10809636403983473
0.1333591703164374
0.08811520233277616
0.1540245248246185
0.14265743106410242
0.14487829386720363
0.15624487746384305
0.24437362473799643
0.10254623729273718
0.12459507934365811
0.05749974678050927
0.08720379709568699
0.10295735165052473
0.09220574454452898
0.029891919733062492
0.16504632168110941
0.11780487114978314
0.1264302678134991
0.11269434962942552
0.11057661361861013
0.1206753567324051
0.1530044203853123
0.1526121139109804
0.1050177499603245
0.04359214941675438
0.16852592187713497
0.07944842114245612
0.12568820129660355
0.08039685988732942
0.07363441482617547
0.12773393757154028
0.08989791036381989
0.20004188250675858
0.22403731212575145
0.060938720788145585
0.06632035152608509
0.10850595426995277
0.0839898992229267
0.15569267246723612
0.18953137874213322
0.1118492767782302
0.05892520033633541
0.07573732865925344
0.13790488154438324
0.08972276756374119
0.21927888033146892
0.12442184459631163
0.10237816749851966
0.13569470170591424
0.15246471818266533
0.09803932796985453
0.190755345964158
0.16296081034116086
0.04375696826276062
0.11258707227253867
0.11900740889352578
0.08764021497479556
0.078740539676749
0.1640428107866698
0.14598752345223853
0.10348227803030341
0.04995225137477816
0.055551788253271256
0.07744591471174617
0.10904589066380535
0.13543833579697542
0.09406288790979898
0.10777255477248616
0.1471836164085538
0.09753964399059574
0.13340244901045084
0.08981687257559365
0.1263174866504183
0.054811824232025595
0.13289346467047894
0.08662644988169067
0.1508765388669687
0.0660666296622915
0.1237867180117055
0.21022044054833278
0.18131889237717916
0.126753199947667
0.1546087308903293
0.05960417045510406
0.05339722529383333
0.03336920317747719
0.12989447819353422
0.13905464389248537
0.16868493094642856
0.17433161976188224
0.10270313824693623
0.059816207918187245
0.05949860169757364
0.0401531155085005
0.11457870140638653
0.15979598798185826
0.044517518144712734
0.08206346542201187
0.09873342784128919
0.05848036201121004
0.10643464053649947
0.15011612640950348
0.07103386926890874
0.10756385721948751
0.04300620768500209
0.05884825701620973
0.10438652133649723
0.16388560091220344
0.18585644611655727
0.04859334745230171
0.09824183972136022
0.10772526951627864
0.11212710227909077
0.09359436812459515
0.11590801695958941
0.09907911113285248
0.12717845955047719
0.14473584985191937
0.13497086118256316
0.08372082036479069
0.20137058223889992
0.07837630239423132
0.11819448256908242
0.12070478840464048
0.0879995918220716
0.1448471078330068
0.07627712803319738
0.15555555427322543
0.12163478970081593
0.11671964063420033
0.10378017161355388
0.11250346757692173
0.10678341826472566
0.11234929530178159
0.07995687886480347
0.11455776319067751
0.11908689202829063
0.09834519667204315
0.10800162769402237
0.12224081408550516
0.1259205117535717
0.16389526013185876
0.2299334217104174
0.11214942160336601
0.06861562902562672
0.10445296579757811
0.07087140159960419
0.09486071114498301
0.13165371202046774
0.14634082592377595
0.13236182816242778
0.08580099516212851
0.10965097297981433
0.10508821502189264
0.12213074677207933
0.07302713009477947
0.19451573308891115
0.08711033026394824
0.055249283260303976
0.1935440218483075
0.14904333870303077
0.09660204302198469
0.1407041086194657
0.18982548517693584
0.08839567536197335
0.05646595167348879
0.1168682108319644
0.09010058676522655
0.18475427742900521
0.1421254147522279
0.12804954720819392
0.11957394686502716
0.11611412546599528
0.07637366960029472
0.08915075517610936
0.15627353134995414
0.1820799071754709
0.19411146730181625
0.11525517839168418
0.08329478185163568
0.14127216447688332
0.18777942873457773
0.11366307924312084
0.06729357518604873
0.10366791870287449
0.04280117533944655
0.03571541165909539
0.10161150408925891
0.1460791447508574
0.12233398152172877
0.11210145484192222
0.08389755432566137
0.08145880984971049
0.1048533074002217
0.11795756511837074
0.15868802831372877
0.07126302706983412
0.08864023739951533
0.03834789266235899
0.07959663886455735
0.1213841449464765
0.061303651354344
0.09154767924938537
0.12235691843845224
0.14640827642873339
0.05858466538852956
0.12200968002478053
0.1492317248935081
0.11828489588231655
0.12160892989743989
0.18007229033051125
0.04007480771023793
0.08945062367659196
0.07104712911946497
0.23765582550160225
0.08356147443949172
0.08697087210696655
0.09644042617284776
0.08755615567827724
0.1373884145739316
0.16321351718998006
0.07800891400856477
0.15772412111417605
0.04407807274321717
0.10452542905614066
0.07403250180028836
0.0667023446493829
0.09056530417830924
0.10516385659638283
0.08673453836561477
0.04884635700477001
0.10179333504320376
0.26071548098232705
0.09072443749840035
0.10250548444354698
0.08922861479623147
0.0741376627097083
0.1667045235859111
0.21885671375335206
0.2210448513008471
0.10245116019560753
0.15169941932539108
0.16263902720719103
0.10174479947506182
0.08008716961309582
0.13469198623189144
0.09533736730979331
0.055756339034859596
0.2079551788219128
0.0997694299597619
0.1670155373365006
0.07372776325413828
0.1519518819140967
0.07231552039082699
0.07685485483688204
0.2209648893392054
0.04539765649255903
0.16446539720088282
0.1730819234415154
0.06450005433053894
0.16547386739906428
0.1000958989044257
0.07236760916054914
0.1252343847601386
0.11948515263340447
0.15372552161821856
0.0736662539471332
0.08806066485017873
0.15747504393149767
0.10005326993191337
0.0575981927628863
0.03681175796023393
0.03674162610683712
0.07172930370271387
0.06798524311405298
0.06396178116910337
0.03454175565784328
0.13241834881049344
0.032046257489529134
0.16922323144543705
0.092087674782092
0.06727146156383662
0.07828721119716459
0.1296572346748475
0.04766960948553084
0.07798088899536457
0.15299856879278192
0.08055672295414022
0.13303004090322698
0.12159403951385714
0.0770581720025472
0.12265201207386556
0.07625784128610012
0.0984665888117864
0.06201133860641345
0.059249951068884955
0.12152941620289034
0.1579578390277105
0.07120158454897657
0.13720753266622474
0.08857767924118906
0.11424608463990861
0.15870861929193844
0.14931756618399508
0.06866702655053768
0.15590692454000502
0.2212449887378998
0.09891776528363334
0.08155297763857444
0.13904744321909218
0.10889983064299971
0.17360248714145307
0.1200611014806107
0.05911953367245708
0.13877861729578564
0.14116104491587872
0.1256828742610842
0.16032067320750829
0.11401743311143017
0.1199359247769372
0.1547152936137352
0.07305111627292671
0.16746032839780364
0.12400927828786139
0.09109927013973997
0.23047284634668644
0.04404166031973613
0.1513032196334219
0.11266465100608862
0.025761181921064323
0.0715575335128241
0.10295587993409289
0.13821219194905343
0.10569836080773767
0.18414998069250485
0.17029240743337123
0.07732192521875073
0.14007127169089126
0.13440292206072926
0.06371508694808818
0.10025323136336003
0.10161872880896564
0.19084552158026644
0.1257046364742618
0.16157433459320666
0.21466946024575675
0.12467125697685076
0.17715762759331274
0.1510661201389145
0.07517170719258051
0.11607566273027117
0.24815527236298984
0.12343670767036947
0.1409201226660163
0.05739187268200944
0.0658387813121783
0.1650510569522051
0.16455633662556254
0.12446319149590981
0.07696790421799173
0.32216165456750323
0.05440291756322383
0.05398504079013824
0.07955668892655708
0.1698231710881
0.1451573990995836
0.034594905362617744
0.05359389073644906
0.07309050659059564
0.21553715922438305
0.09872093069881988
0.18655753415453996
0.15442880467816908
0.1137482584902658
0.061000458249467274
0.1601240244090943
0.08950782199471492
0.10047874297330017
0.05559053008553882
0.06728901440861415
0.14222204954850984
0.17734860120933144
0.22886823603074588
0.22594053967642247
0.08206064387093147
0.12194569965795549
0.0707993620795059
0.14663042744459923
0.1481037339504921
0.08663935263139756
0.10120365980234955
0.07476956095863485
0.12982725422951127
0.10708637069897085
0.1993548350412767
0.1141628680875805
0.12881222060323963
0.018895299663447326
0.14467449553761222
0.04714342370056158
0.07900413867246746
0.10554980321249549
0.09819265085879499
0.13688794992143
0.04230154775730957
0.05693706993616191
0.1801791155926499
0.07829932392913196
0.11598163703037315
0.11473561238471447
0.1139920744381986
0.08992339711672369
0.1443018707224083
0.08165135598381817
0.03935194141187271
0.06884393802931654
0.19123198145482284
0.042246556872081925
0.07716998673585457
0.07059078887125113
0.09710101241781488
0.15072524735400844
0.06605487007458595
0.19130924173910266
0.04693595042860409
0.08084572421877188
0.07064478587565967
0.10871093508911243
0.140064559568157
0.09817320210659333
0.10283742126550208
0.14776820149526784
0.11720553235717562
0.13469801290851757
0.10021788412427285
0.11512527224839518
0.03011982811005602
0.18566258388210735
0.09375347978990106
0.10809982643316725
0.08544926112995321
0.054658133919245365
0.09734510044719713
0.11338990398975282
0.08203505765645995
0.21154289287968017
0.06537258298067573
0.11189100808490096
0.11487183259911485
0.15617889325084677
0.17446114373711408
0.12464119612245081
0.16421929607964428
0.12473686993646399
0.0737345374911508
0.12186193464867438
0.16644350859384097
0.10171708486940606
0.20936111636292273
0.07763689218869808
0.07147357485363338
0.06886840441237674
0.18599680263721824
0.10697775443533766
0.1357210712450187
0.07644781780549186
0.13144802273906558
0.08054952160119433
0.05973590725000326
0.08657523587106689
0.2030768473251704
0.08100196876154978
0.0842359575742254
0.1560490628544562
0.17078334426281666
0.2282458144965368
0.11145761414845734
0.10114318590941808
0.18091526166890032
0.09301892447585958
0.07785298790471765
0.05675130793364047
0.1119378557951581
0.13422541772777863
0.07592907853576417
0.11111565945942486
0.16628593694140645
0.1383578887124355
0.09723114900084738
0.07443286750990336
0.14750979400289285
0.05713224178640451
0.09288677588567251
0.04188983934981818
0.1252047976998273
0.14904643672699147
0.0899441768937667
0.08187245345595781
0.059443122632769435
0.09780801484205408
0.12493010116700531
0.17827478270002375
0.13736404095563273
0.11276743641076699
0.07336949471337445
0.0954164748032704
0.05328297695686129
0.11449132470135177
0.2501065163857646
0.14351357881338217
0.08816140171838614
0.09398746673967072
0.11623334341441892
0.10340263812365141
0.09364777271978031
0.14581005198385139
0.06541819018375296
0.06231837885658907
0.0826762261030651
0.11730093655433314
0.12753107386957882
0.17592384894986227
0.11689249852882687
0.05737412460927868
0.11742604946430497
0.11176133458473783
0.11988536383435519
0.13074986028738336
0.12389573088364637
0.09463566989944988
