0.10442546572299577
0.051807739228771015
0.08061766362640324
0.08634615024151637
0.07186197134702678
0.09303130263599964
0.24795423284952714
0.09403807422791448
0.15141280169101562
0.15977916790532104
0.19311216504862638
0.08108194033444205
0.15509126925474906
0.11845270127377941
0.18054002090480778
0.1258987869686808
0.1360952732895007
0.06918328200977422
0.053223681765106376
0.06250362894160748
0.033279763691301006
0.06242884567315296
0.11296552010905232
0.14530567065643543
0.11527559332008766
0.047142145585788005
0.039920160025791726
0.10454981851126038
0.055569850533228035
0.10529338766119122
0.11721672630918512
0.1471403057791243
0.041067425941200796
0.13228345711860648
0.1273196438835448
0.08604520675607841
0.07255480296366056
0.12427757160145622
0.13652521485508387
0.10131464565734458
0.11359265829808812
0.1269441804761642
0.04326821762202192
0.10157065397107984
0.2442829235891903
0.1986990599224417
0.160104356857512
0.07417979333876175
0.12559496146263066
0.10500131849395253
0.08328843531520308
0.16801563184657703
0.06983071746575087
0.11659939889410512
0.12072327866625596
0.10287425791399371
0.0851279398766727
0.10591318513753895
0.0790574242867833
0.12729598375667542
0.10460782348443147
0.04804486812339019
0.248459486406618
0.11064800902837454
0.07669375226457305
0.12141135229930576
0.15309361875026323
0.18751519470382647
0.04769115124643308
0.09709483395174807
0.0919187842020263
0.12607078522188178
0.12941545436376398
0.1023735276133181
0.13314776301220724
0.1627560098340904
0.08592450738733426
0.16800667585564058
0.11230116773628993
0.16949804295888507
0.025761181921064323
0.12310039975618361
0.0730978191553639
0.1191583526316921
0.12385156670703577
0.032347276024969084
0.15701816010224243
0.07532929955632138
0.048166944768161433
0.08803791523589546
0.0958042166568582
0.07592262756336789
0.09090064977951486
0.1440597718956573
0.18793047467089646
0.09811479733069595
0.08944993319405667
0.15464458922938756
0.12402722016198624
0.0627899535836802
0.04692750112305594
0.09937899540164179
0.17019057086071354
0.10601751148780401
0.07630383946301626
0.06224569606256543
0.08142195359106953
0.11354286849570654
0.15018141583930253
0.16237266827246646
0.10249475768600744
0.0880222613385067
0.10187107486524408
0.1892951408584942
0.1068348940290791
0.14811326755613943
0.09030729683524062
0.052704544726392175
0.1072552006392273
0.10579466646266583
0.11893974125100787
0.10244426697587797
0.11013361231191446
0.23430196939854703
0.1296667321866929
0.09542844952256878
0.18716024302617104
0.058054251646219975
0.08705656295702974
0.11201336224135004
0.10053570271125295
0.13921506055110822
0.11597595734238912
0.07559995158313706
0.1116391378663581
0.06744634116079776
0.09286319311038521
0.17965090049861154
0.07085528901608638
0.15024523934604792
0.12375566569332747
0.1131004387669205
0.07766109084408848
0.07612776669022567
0.06222521212726107
0.11906615588424024
0.15512060269316574
0.13252285720694842
0.1432425963962126
0.11296055774601335
0.11895764468196966
0.20412838371993508
0.13898765119968715
0.11809670934445983
0.1194844041558114
0.056235357326973275
0.1391709852917607
0.1085827674538969
0.17771782782682913
0.08750646508185998
0.13658965055275155
0.07546269698951748
0.09993790771446195
0.1588654693470742
0.0712807658880454
0.10015871479426486
0.12746101310394797
0.14197775754129202
0.07738730982543823
0.165968600283781
0.12577017428429277
0.035646724516745366
0.09063410953139725
0.042185149651697194
0.06205432138201991
0.018879540071002714
0.0837424066822499
0.14051188239493004
0.06623878282730875
0.09084633937091763
0.15078759070840114
0.13954237653373935
0.07629771425927888
0.1661844516736427
0.21210264853627586
0.13297820011662517
0.14990187003139124
0.16356583581525133
0.08345779041667836
0.15344346053519745
0.13561084849424423
0.14697641483851132
0.15220419072211114
0.0441515335900075
0.12990954520604572
0.06391554782291903
0.16164223859427695
0.10423313466194606
0.12285271888818554
0.1537266043005827
0.05777064004905021
0.12070016683474673
0.2288332766780018
0.1605767988798851
0.06922551354032667
0.10303245838311449
0.11186555813810312
0.11425868948765631
0.07943562347074348
0.13665138486813275
0.11133674611647482
0.2384817681831988
0.18263060463805714
0.1203802719653349
0.1319629197839964
0.09330828777843381
0.09983600684819878
0.05385918503717729
0.09605107623627877
0.06988474916684119
0.058845573778263306
0.3228539749882439
0.21419044278008254
0.22082010008429576
0.04277984943316065
0.186994474265243
0.22599066720350502
0.17079478694636396
0.20674909055970922
0.013723393991253696
0.04090894268458338
0.06611479413254637
0.10308502087419058
0.04734569998766127
0.1333514214069244
0.11117657408088695
0.1327710567350291
0.05533927134286105
0.13019240241142682
0.15761585819702792
0.07979434359439677
0.16323204931920535
0.1665445074754014
0.07582319512121159
0.09412933397407952
0.07282702800973755
0.09116582058163804
0.14090593054437364
0.10218274069714449
0.1732607604575719
0.06056117751450576
0.13220724528875766
0.1538224997357438
0.08629682737903137
0.11370777371319328
0.13334403226112623
0.09942318182965042
0.1520026118115244
0.07569687772804437
0.24439037036918546
0.09954064089023636
0.10581147508690388
0.1384163071122454
0.09664899306194215
0.03961930458460835
0.11114675304875618
0.10806985870593822
0.07734416665963267
0.2118665496193574
0.17367077570528702
0.12713185637151372
0.117997272820368
0.05544690193911421
0.11244233566804922
0.06336884420365912
0.14082817585852136
0.07357589040522267
0.10758364983590095
0.07479139391691034
0.13878639557787173
0.04931060306261
0.018109877145935316
0.13854383921910574
0.13321460337783983
0.07679992093541602
0.14364827914542344
0.09125265164791047
0.09363467235311236
0.09869100819640539
0.15551139597464628
0.1499539339696752
0.05638777246761793
0.06949314158904052
0.13490221626070634
0.09716724441631368
0.09861046452572135
0.09926050634422202
0.11441093874077582
0.11033063737382258
0.06022346963910782
0.1332749242951479
0.08784240253658847
0.16879301237891597
0.14304883542503347
0.048506950322408676
0.0520911557724907
0.11454355582129397
0.12112493689554538
0.03955401185997308
0.07734589048509893
0.04157908474014057
0.11131682001763989
0.17988745518388347
0.11584288961566219
0.145007284548618
0.09609838204598009
0.15988482282431035
0.04492019214426268
0.1555553979216364
0.09793744834986282
0.1180455903813735
0.19006684257414336
0.08135868509899945
0.10114366639757817
0.06602866254711602
0.06381759235195025
0.08751145472063308
0.08131533373855623
0.08711191460528042
0.06615812283954012
0.07042122239619752
0.10298810899126042
0.06871513989055837
0.1438327617318627
0.17968256173460626
0.1435482001357737
0.07135602094723953
0.2584270813968968
0.14284475583738185
0.16551508026105144
0.13980286942448017
0.02978295207878354
0.046624826306600205
0.1347439319783084
0.15604832657201745
0.07647474006393745
0.11870254578724433
0.22074069360394472
0.06136620497137435
0.11873837786142653
0.15119841810269471
0.14654097587223947
0.12207294911213211
0.09039273828422775
0.11371825321691854
0.06795452757485204
0.08937646830535052
0.12591166954008126
0.1472785217180298
0.14917808848505454
0.045693814248051
0.09779102434783196
0.14484278860165758
0.17376225339762827
0.07800179700018581
0.16227600911364135
0.10286303951485525
0.15263250614629087
0.13051357705647293
0.14221788130405813
0.1761473148054774
0.11305309637475004
0.06646287060684512
0.13076714432808648
0.12684514922692627
0.053623184957666076
0.11584753426532154
0.11677058367642319
0.05147261899625303
0.11641384245677851
0.17434950422544623
0.07123387492845232
0.15384310745946392
0.08212861301651121
0.12121060548615963
0.14264744841992452
0.05604433352788184
0.10350329432816427
0.22975387892222363
0.2191029246923098
0.09428697739346517
0.04253759516223513
0.22525222463469394
0.11490873866352942
0.1159595863368514
0.11356680005421418
0.08188231693868711
0.17596467312837744
0.07606414350487042
0.0935853222150968
0.1512391070436018
0.06530705397046148
0.07201684293651592
0.11445318685901844
0.0642236185266273
0.10797390144001064
0.11782104783422102
0.1483550475075323
0.16949393446230737
0.08932986135893557
0.0864901299728578
0.10557296086842871
0.08520316151443225
0.04389461702749033
0.09685726899256224
0.15479356644817246
0.15065278043300437
0.12076657727913542
0.10726504131654613
0.12202499834205623
0.14254709150452058
0.09658866823033402
0.03188895907876411
0.11288402963644245
0.08099058025076884
0.07014836930525546
0.08130635615349034
0.06194009211306279
0.0417919959187118
0.0813616117249009
0.1362488521453617
0.20213225674933738
0.061491913898220944
0.04616086619732277
0.08372902146924899
0.07762792056728579
0.1938303184171221
0.14459749702289768
0.04061395845444429
0.09871532006130601
0.1155232784855711
0.13826248312591788
0.06771876733178954
0.0897642757460893
0.15850853791693098
0.1838140996485099
0.10933312891023074
0.05847270296468485
0.07266610935658513
0.10523680579890202
0.1158218742194082
0.09993842926047763
0.13974074917268628
0.11566940545089187
0.06537140833966505
0.10029952283054176
0.13204576730909076
0.15248515040010766
0.17941078741169972
0.1641380120702014
0.06019210428431159
0.10039445233116132
0.09767130811934176
0.14700173858061583
0.07089136074724593
0.1083279095794354
0.10272054799767533
0.15176476560762042
0.07143098319950004
0.08414455338877158
0.03644786699398032
0.10702049435894831
0.10758289519214567
0.14430085660542702
0.03613421002039494
0.07577675453592421
0.21199698984720822
0.08988658479603705
0.0705207426355311
0.13227866082965117
0.03312547600145456
0.0890363333111502
0.11497769372504238
0.11160932453321692
0.08812947706142467
0.1927127856568496
0.06045782638346368
0.18711238455550036
0.10997181458304214
0.1188911146291119
0.1833147948420941
0.12295220345493137
0.048757014421967074
0.11247602085038864
0.1346102487114759
0.05625167456507853
0.07858711342263766
0.03985607415712198
0.10707242354190404
0.05905135545657036
0.20247605367140223
0.19706897618542896
0.10826837068096447
0.08035304331665312
0.12901095584249017
0.15687049819194776
0.10297084629955962
0.06157834694650973
0.1631622318904174
0.11925118589354439
0.14707605823626407
0.1256274286601775
0.19706279670668225
0.11454209358908424
0.0666843319686745
0.12644641721447855
0.080744015761591
0.09591555522469232
0.13378438323148742
0.13184741690897891
0.038112013732412124
0.1408923334627429
0.10486622175045415
0.11587187139175273
0.15592298462567825
0.08678165209227891
0.19004634720665037
0.17345930493849698
0.13703195928489345
0.09801992989258428
0.16457329155601322
0.16234910099233693
0.10068853227481928
0.075167419636613
0.13645333156046788
0.13858234546909717
0.07030990488570606
0.12100036001805733
0.12703889158074436
0.11883111621617788
0.10010645535757516
0.07352107854445551
0.12174020947556377
0.10467081357019499
0.15458733896503152
0.12150383356741451
0.1292960416009081
0.10339121513807385
0.06440230927146552
0.14000296348199665
0.17970294819312546
0.046885778849889474
0.036751154563898235
0.029234878553643425
0.19237627429573062
0.13544184940434723
0.17895232971352154
0.12323046578108116
0.15510712796908246
0.13583009041646849
0.10940971702233197
0.1445005037210746
0.16226104410334924
0.08081220356417686
0.060471801214037973
0.1740513395477432
0.09537490198571542
0.15777473724386004
0.0423410927291267
0.16662566057917286
0.11366681631028223
0.13163035560387001
0.14128651117121846
0.159104084436524
0.024094181873677102
0.052677177881872234
0.07489240757668722
0.1136458068128385
0.10408179729077383
0.11588615998753204
0.16924078263577805
0.12597721606271997
0.11098392520532022
0.06303710241514564
0.1033146163735294
0.10885582653354921
0.06134219400364912
0.10598682217480625
0.111098029688851
0.19769708586254278
0.11624501150631429
0.14754154203523914
0.1297183018078972
0.07237102600354696
0.06865173260458611
0.11248680298338141
0.08507701197311271
0.09715939768000025
0.057967416386764024
0.13480296753195445
0.12221091580186966
0.1560838243273068
0.049961825769623054
0.12108929806675617
0.12770208217387355
0.16476239926383104
0.11748776085731034
0.17061851598580857
0.05217276390299876
0.07178514553897274
0.05888762096946962
0.0976182287971193
0.07197866744660936
0.1900852467541784
0.20000212380795426
0.1566209501018117
0.1561040405931358
0.20439562269312753
0.034122316487560714
0.07026504933272
0.09464561289238776
0.07844809356372213
0.22880899891322076
0.11521602907109474
0.0751939895628391
0.126502276225503
0.08586604701004734
0.05533077722384697
0.1805040114120097
0.07509747934906534
0.14532149159306737
0.04480171050660534
0.1300746972532187
0.10745120545945294
0.1317020999082273
0.11270042848657083
0.0571071084614361
0.31961400781173827
0.1294134293052164
0.1592671165625731
0.20947129393378186
0.07955010292227997
0.21421217378018934
0.11961007471368275
0.07981829530003394
0.18012320277483942
0.12462410974300125
0.13943912608793885
0.08803268875708908
0.12024122702899034
0.18315299440513183
0.08092355679785776
0.10836778549605539
0.150955809523578
0.07885978286978407
0.15465633258740477
0.03936883529992345
0.1001091961771718
0.08116972206580117
0.13156212248034846
0.13388561239109478
0.13713550157679916
0.11130502539420002
0.1505788350760153
0.12380048903279216
0.14899214308964956
0.145057750327587
0.0705278663748913
0.07815158147601016
0.05906014486082604
0.09576838325634524
0.18173928712025086
0.2024602482337405
0.03674508636601895
0.12166001815818679
0.15049545618952126
0.059344729540848816
0.23051088648380674
0.09964334736426153
0.07627631382035939
0.1657586282195708
0.12086611269998718
0.08838370125460301
0.07624956134870196
0.05889991741004375
0.06340420272358528
0.16391606947118195
0.07320407917839131
0.11946423023326254
0.1487748372998297
0.12109348860070114
0.08902538923129608
0.05614371774379921
0.1298475182562004
0.1517019082294106
0.11177632967210029
0.1385043819919607
0.06770928132337467
0.13115916527725371
0.14995804892520173
0.09027641268939839
0.1364900488446105
0.11128746809854921
0.17310369669039116
0.1093678236457685
0.12543361510930248
0.10700354694389938
0.07141552021510765
0.22763402404032437
0.0946829619107887
0.10029814157761785
0.08969443377110414
0.11371010234634289
0.1751306823145885
0.08325861484044425
0.04636927378204709
0.09056358947952489
0.06273233755830507
0.17160679375358237
0.17307468471977197
0.13257686932081833
0.10964778866822197
0.09389644795226008
0.1688243928027549
0.14651736455968897
0.12386745102173913
0.1376931951855635
0.15729991255393702
0.17080149252961474
0.08219943682612724
0.10648458984171161
0.05864793891128306
0.12025324889745201
0.1157782233899661
0.10994012547501475
0.1318371308389156
0.07406905921289667
0.07248628913635795
0.09266224573804223
0.11252173721485759
0.08897594715638707
0.08338718296928412
0.183373238878239
0.18176683741905775
0.17735734416650492
0.1285866865869373
0.134317779461824
0.08750821128703674
0.16782687566534554
0.19203965451462976
0.11817626290716521
0.20338919631899305
0.15496938259804247
0.11198088603966788
0.06097100565909942
0.1268834624876621
0.10043902182116246
0.07911212773284888
0.1166356850463405
0.17371910860376188
0.10688689282420612
0.12850966208919812
0.07717271997886238
0.08568685377848512
0.22167908646206594
0.1893435037388872
0.130535343842902
0.14485547359704376
0.16941854593914657
0.019883922065778853
0.19610743961935775
0.045251161854375485
0.15105208209121648
0.03802301385108439
0.1257286893097827
0.046496421407845816
0.11527592357956704
0.1399157781132032
0.09022960549904993
0.1446883450466952
0.1398880084965605
0.06877782318166903
0.14393257658171033
0.061095833741088026
0.09872184745789193
0.12924248554579332
0.03666159553628173
0.07272130008259765
0.1263547912588898
0.177307324787994
0.17562129205940397
0.08318006981849653
0.07017737383580278
0.11668611143861875
0.07264829485559862
0.08081032934588446
0.09225320650194692
0.019611029733816336
0.11850242005265657
0.09478358670407355
0.10123824001459866
0.19105466683639571
0.17161749359111408
0.1489692813309288
0.179707600205033
0.14034851511405905
0.09299199812601902
0.05804615506916853
0.045634031448964135
0.12025317481009662
0.07743152560270586
0.09253128228277967
0.10531697590243792
0.13273353280907782
0.07340499588705258
0.08018970277154319
0.24794764836617475
0.15753719459171106
0.09674451824858285
0.0339129543267105
0.15096474838925503
0.1367539535937342
0.14823632030399386
0.08731045935426669
0.22003706982754645
0.17596106141168033
0.06792506268872849
0.08767805676137615
0.07285053430590785
0.07654515860527178
0.07396061803345347
0.09285109403582495
0.20138588924903478
0.13185801499567498
0.08691641807106797
0.09775945473986283
0.2598949289482048
0.1666806469117214
0.10556619962868989
0.1317050970196973
0.11314933785097882
0.1009363778017061
0.09104678072379961
0.1357702597572578
0.10074807325481408
0.0551387959531399
0.062304144355441696
0.1024362291066615
0.07644896713748923
0.10620472839529872
0.11631612850194237
0.12872971140669626
0.12053702388556571
0.09172711650787309
0.09178731993191344
0.09609791351355491
0.14166609651441991
0.04368695539230151
0.12931281816914175
0.09727176405832004
0.05623514774974514
0.164569355827754
0.06453475330982288
0.11509576952961396
0.0633386980648797
0.07576309287514581
0.11968200204508851
0.1297635450321117
0.09686814903948526
0.18868666773612017
0.1454727513608688
0.12307472725303117
0.08301660086425966
0.18811244606288116
0.14857517628746128
0.1282706078822459
0.1174288034264115
0.0915545597707691
0.19042075745187279
0.16864120013789344
0.10129870658978501
0.1013491080300913
0.12481418292281286
0.17892158418397028
0.060296454542062575
0.12771857948715493
0.11182275804842787
0.12453779495288538
0.056362424811687115
0.04632903494851484
0.12591191866613854
0.140476526805748
0.10771465419273549
0.1093322754602319
0.10298769635316371
0.21738818402997445
0.05898540442668624
0.07052104093059877
0.16336426142411684
0.10233231139564579
0.09266432357716167
0.0563050398800327
0.18631196104697362
0.054826403400935995
0.17447897916259428
0.15915279790380993
0.09704559302172112
0.12014218032452799
0.045494234302783466
0.19167132699829703
0.056532255057570806
0.1221665159591405
0.16386287272312733
0.035151861599592146
0.0982235208893326
0.06205854569043327
0.10571253333510813
0.11352053003649999
0.04662882019860881
0.0777282183363595
0.07321184777737993
0.16195801569898027
0.19269974279819388
0.14158279328449824
0.1633157337880891
0.1458939305928386
0.07242286743736313
0.1119118440136387
0.08786758073662507
0.15066872804985287
0.049712134441361376
0.07710916399014041
0.06987349819415642
0.166279352556563
0.10855694790394643
0.14864412759891252
0.07037047876997932
0.1600836444882636
0.16564687295926303
0.09951373317386089
0.06591497919274401
0.07857598170539482
0.09931633456169539
0.05648397430992347
0.04662567841810137
0.08655858031462356
0.22089545720818454
0.08588160567214399
0.08658390555373723
0.14778028557581907
0.05563050157780234
0.09160257019825312
0.03507094111639291
0.14648441925672756
0.18114865671279684
0.09684231758319134
0.04129485458213609
0.12335886209428094
0.10284867084362784
0.11255529689053922
0.07985933607442872
0.094289584547316
0.15389324532197232
0.19811621178116898
0.13651967371394355
0.1715190576573729
0.125095207860251
0.06082368823998953
0.18527539888760203
0.229060348751725
0.059601815702099104
0.0739207292901331
0.043212591316829536
0.1369084699591252
0.18605246682588222
0.08733490356848547
0.07761768875856058
0.11282007619755996
0.14189781035732116
0.08473960747578849
0.14540614468576943
0.19824239763772436
0.10526884259285935
0.09223960055158203
0.1538136070984639
0.05684487849610026
0.08001404942636478
0.10504478077804325
0.09281412489395048
0.08544279812902993
0.08050562535226058
0.041827814723769896
0.11711750411628936
0.12354733112741363
0.13325300394933332
0.09902154539206538
0.07827091684870466
0.11933826471046555
0.12915161967470487
0.06727943724829524
0.10553317028562435
0.09628599206232415
0.11966508801757056
0.051298988328366164
0.1601087067984137
0.07234369837428649
0.20146177264127413
0.05417444046173528
0.11356048414831331
0.045912007237598806
0.15650440167339655
0.06676445819534448
0.0891765616503099
0.06984744720961891
0.14763167276746178
0.13435703387214687
0.043186356440890854
0.09225189397267428
0.1347260611140896
0.09585803349011315
0.10896645391476766
0.1719800688059518
0.10994926690955219
0.07985342122559508
0.21540502613030493
0.07490925766678981
0.15096562601632837
0.08213393967617076
0.09250523301866281
0.11972007619218086
0.16835133274476854
0.16587298160292013
0.07286290712548428
0.1735177976189022
0.12499917697491587
0.09459203403615983
0.08658543658009739
0.09954121742222669
0.16215019239583486
0.12357556897922178
0.11569193092907436
0.09651608464060342
0.1406436774027078
0.07303965795365276
0.09156932543768298
0.14869395930075982
0.18126779632166898
0.07012708518449286
0.11844281425889992
0.1553939389199738
0.03535898131121357
0.10270125863546643
0.1544672194113459
0.11056149317041808
0.20769350576646461
0.06425733478556428
0.08539198412183475
0.12237898331487104
0.11177559427681044
0.15107453564687887
0.10677450001507273
0.15392850722161994
0.04363430837504541
0.1480863498588886
0.1538171675400954
0.21060813218714072
0.220393151042131
0.04435061748299335
0.054256195131007066
0.08040660125759094
0.16676806459126664
0.15135153140783378
0.1380998067683212
0.05007855881372737
0.04794832016799794
0.12124931465297797
0.16798766503661183
0.14553434016866404
0.09604033144474798
0.1497658445082887
0.10344553873736567
0.07342921264375711
0.14356187672696985
0.16950838362825985
0.09674305711916217
0.04968530523032938
0.1286505716015343
0.21786812830605237
0.08650465771485019
0.03437316381630979
0.13852568542993937
0.10633303177435999
0.06430008966099465
0.18504888724577612
0.12033934578820739
0.08609540570142706
0.14868222126670955
0.1359661223287645
0.12479627805637372
0.22312916643078226
0.10969083432115301
0.15370311962483957
0.11405437845145275
0.10130647973817668
0.07827308138903803
0.09725025918449051
0.1410292452680748
0.22486627091478928
0.21061064211641708
0.08378331820522536
0.08657441844875856
0.1120931913272897
0.0651966874866227
0.10173964609748003
0.09715690421624336
0.05325177162869641
0.08877261550095776
0.16954978057063114
0.16603896017648637
0.09903068618149889
0.06290314652979347
0.09680752207591829
0.07661851854554716
0.053116667508984895
0.07009045151691502
0.07684094227710053
0.06573565286918027
0.14882018997365137
0.2693015302342452
0.1477421893704996
0.20760185522251773
0.061804333853466606
0.09520791455312698
0.10257245764718831
0.03487362693501613
0.1073755261077284
0.10176283404529157
0.1144572732686
0.15749572410734497
0.07798659551320468
0.05012105745292797
0.12921875083050513
0.06519525257807496
0.14495494654318045
0.18223282230332188
0.05814780036938592
0.037932459096483254
0.11259458862519149
0.06803270551147754
0.14346247874502494
0.05290780465082781
0.13584237905202937
0.1295364693677439
0.07811320499930978
0.08740984572940043
0.03791013050276686
0.0753243853720645
0.05716670139488491
0.11938793403934811
0.24116207291965552
0.10137312006492231
0.11481155577798058
0.12438920312293096
0.05975071327337463
0.10388450332384663
0.21298830897781756
0.13279966288737416
0.09501647029974096
0.15476213938892422
0.08705949466730781
0.11562368893677472
0.08991096140714076
0.18960181416640523
0.05137463276728327
0.13280076778282093
0.13498854009555022
0.09391370302610495
0.08027356834360323
0.05717358614922331
0.04914511349198372
0.06509424803404876
0.13388069251301424
0.0820476922095722
0.13819115543331092
0.033825537055396655
0.14676844296206737
0.11632991211703947
0.13654207792132186
0.12390474284563886
0.11237813707451702
0.06829166949793745
0.22677140413337402
0.02965978225191191
0.14603492409684837
0.1801045773958608
0.12350614638170164
0.0392529076685819
0.08749699749957476
0.06626299270378398
0.08062531696400833
0.265368431682283
0.12109080081058968
0.061502396790308646
0.14086702886704885
0.08515040184434156
0.18917645512569953
0.1220803906032839
0.07145972565618028
0.12457362424424974
0.176808770568998
0.08597312832913957
0.15653135913844568
0.09059461055974992
0.11317107743296835
0.15470699467751614
0.13326376606368895
0.04433491536417151
0.04959582488670091
0.14835096688099633
0.1419967630082306
0.11658267380619693
0.11271280353255135
0.06392607866069262
0.19813402500141897
0.08320088674749597
0.19713848405403891
0.11634735476132547
0.14254313895091966
0.08771499244733078
0.1394376346535754
0.17991788329111388
0.11711770915868461
0.015560828887500563
0.12778584058332482
0.026045176986448995
0.1513396852923918
0.13353716996670917
0.03350150573807494
0.05781604600866652
0.13934174549029393
0.1735372045905622
0.08539688039312851
0.1784544796558128
0.07461497501131756
0.07971567998160495
0.10067807301697304
0.1650063192463901
0.03789555850127912
0.1116344716409304
0.1379274672057448
0.14097805207149217
0.08220310086012281
0.11586083244531822
0.11222595917973482
0.15167887675443342
0.13728866500729248
0.07413991104468481
0.11993740500921181
0.1559366253699051
0.054546251936688654
0.07574647827854472
0.1534458154792196
0.15601928852969496
0.133058560515751
0.1460268539729697
0.08316678885101977
0.10724871306503495
0.16517020145145872
0.16622859066211734
0.0555014452051729
0.07314000672360771
0.13218839214451367
0.13858084001076582
0.0985799323761061
0.12223391643678114
0.17664285623225612
0.09413115601717983
0.22332690477750294
0.05612612585977401
0.11118352352177531
0.08439375767806323
0.0965796976505015
0.09742255544838448
0.15806487704005182
0.0877160794674762
0.08642924388511208
0.13025694482832795
0.09587714799073997
0.20059038821599398
0.060255499661972835
0.11107274816108058
0.16864128741381004
0.108730723328521
0.05680397180584749
0.11393898818438883
0.023566626707484765
0.09765458444649716
0.18577038245713093
0.0873623526402686
0.07588139027355455
0.12084522967932668
0.1612284748597969
0.0684078172348881
0.19534639865780992
0.07961790873783761
0.11788111231338155
0.09749926211687504
0.07768860565724488
0.12144797952169605
0.05512428074821762
0.102533133537113
0.14233506106567775
0.05473309440064057
0.1208741558083188
0.12228855813443046
0.05808782910351552
0.08957164376032596
0.10280755923061315
0.03914085705328916
0.10307820977489324
0.10424103802800941
0.09821070497357089
0.08874976507193044
0.12212961205565467
0.08904711456731129
0.10187615762445443
0.11520452608804825
0.15734508353119037
0.1623242551552121
0.16759635973383763
0.1425159603176886
0.2361938235139146
0.08508763042752181
0.06477057602248601
0.0769310719488182
0.12306067054576501
0.12011901192967188
0.14285117223883262
