0.0853383277779168
0.1496780124850792
0.21143966266461914
0.08481742229998714
0.15513584177105044
0.0720694938105136
0.1203856416435975
0.10212675535661131
0.145456467438787
0.09591457433375777
0.03551655086802381
0.04046083036833916
0.13854896722528123
0.11311135349710892
0.14812127436236477
0.1439479793859518
0.14739952240838514
0.07839106624498571
0.09460269308158986
0.11308041467208811
0.09553559742848744
0.1503419690477906
0.17865036306872875
0.059565749509697466
0.07146646041233035
0.2222315947153186
0.1973534646787546
0.13039454012220444
0.09226199380823734
0.09682622222326889
0.11767803112430159
0.11765226615719983
0.1639625945221731
0.12269969005096706
0.07772049589432531
0.15436478248399968
0.08918499261446898
0.11152181171602589
0.1680831508853958
0.13784903779279753
0.042356116541630934
0.08991125498955635
0.07061479474992022
0.14339616793796817
0.09418611137300807
0.15162871569201758
0.1303790440351538
0.26445216091695967
0.09611108177326518
0.09086415441378132
0.06481576429918608
0.16591168246279042
0.06587525625687098
0.12023044900907896
0.11276913349737497
0.08631481736883248
0.12737463270241672
0.1360979778189923
0.10294278650701284
0.08760212061074145
0.013395278730395652
0.07473516440522501
0.12371296251319439
0.12654180271396023
0.17888734040394616
0.16136911502075135
0.10177114722837358
0.06995482713965864
0.06138996005338172
0.08255300042493431
0.11198037284860377
0.11285013570228289
0.04607540709162526
0.11294506092953463
0.09525830815711829
0.11029695774191452
0.11078371344989503
0.15489880353796365
0.14490009157362246
0.04291644932894659
0.15475019217536704
0.18622989825438668
0.15678788823140782
0.075488873771858
0.10662171600766429
0.10405355505372835
0.14140306132229485
0.09366589141667518
0.09879425050839488
0.05080881442371049
0.07479067046234321
0.13832716596582875
0.11581466516954839
0.091413854798281
0.07006126760221654
0.138857779953482
0.13611678486351636
0.1300002130644276
0.10476120887244472
0.23578046744980927
0.1381216535493761
0.14838136250741923
0.14056620959652175
0.17086100322876846
0.11808539563016798
0.1450149253843226
0.13234140241758272
0.07025623559277859
0.15274120605068864
0.1894100748077871
0.07983597853713637
0.1373658776800665
0.06932205114228467
0.21148103364860288
0.1726330480452226
0.11986266352461337
0.04782291976941166
0.058549823063310094
0.19070515726173737
0.13999290378790077
0.17925848112319023
0.07966293506107743
0.16903978422927743
0.01779372107533688
0.08682665045972529
0.1322136375354481
0.25781909448088597
0.08850691936170069
0.19717640989452664
0.12182317379341598
0.1015942618350923
0.08667196670657284
0.08348155670919306
0.06350255759747066
0.10524941183940424
0.09314534210033784
0.1288877685738155
0.22217285924506838
0.07541121928830082
0.20961389391021862
0.05527046006207915
0.10170688418876715
0.06082073344404282
0.10488061645024241
0.09786670675071169
0.03750472375114704
0.14121091066358335
0.1381058925725462
0.11291447520967514
0.12233791075122312
0.06190858849650679
0.07354865394203505
0.08727386617617665
0.10360551373599942
0.10283682134891178
0.1557418518241253
0.13033603139677938
0.09893669208159636
0.08661890112079638
0.03314842300011903
0.09407380594651203
0.20179671893217652
0.17649971845017604
0.14796677412782586
0.1055002797311987
0.14355726584056708
0.10413789740708004
0.08085249550545864
0.1393180410096067
0.1254194489740317
0.13496720542590288
0.03747301173703068
0.12013773908017328
0.05887993460144231
0.07714809624751716
0.16417306977085466
0.1891025122285059
0.07881344667170112
0.16965652777450416
0.08049465144252671
0.12291012072929552
0.14893306990432179
0.14206460953609695
0.13269819773318126
0.1311246610088204
0.0954893083495371
0.08588343742561769
0.04060876892197733
0.06243815470821275
0.19186369011926407
0.03359804975904207
0.15406433732115415
0.14740976699332917
0.1541971392380053
0.1504451141455496
0.10436515378922798
0.10091917993727978
0.07743685836681163
0.11888185564786317
0.10082900595825274
0.19124064351605513
0.16440857315220786
0.03656284983491464
0.0578590762502555
0.10598981217305425
0.07620829974185468
0.11172386151766518
0.11211557853126121
0.05619300163039649
0.23645022472838537
0.08712015877849819
0.14029270223686174
0.05463214905165809
0.1321806132280494
0.12576127661364692
0.22605310575575008
0.07112472634366122
0.09633452510639376
0.1711105091572092
0.12064521932904429
0.14551279352447194
0.051762362499068466
0.08108561118227507
0.06868679659011839
0.06002149358541325
0.16637984336321293
0.061641602944794496
0.14632628165512937
0.06458175400582573
0.11101420142890613
0.08081151822712705
0.11770173277686145
0.14401360105632333
0.1653392613825107
0.05217232871481639
0.09807954032310105
0.037660359772624045
0.0375749576685232
0.1602567705798283
0.14980999376740647
0.08213040355290302
0.1821055853801946
0.09014429378116419
0.18901560499530626
0.08062043430657885
0.1497740194130649
0.11854047654800615
0.14124142316573207
0.07903789889907688
0.11034142747697391
0.20070174416789976
0.04340561538543062
0.14554655110347942
0.09885540202310483
0.1447582085265799
0.10723462552646895
0.029480393298124137
0.11189539106401643
0.09077171456632263
0.15847407329314847
0.04312670799085594
0.08814923512390431
0.09622438124855862
0.22489260629573765
0.05584825912323284
0.11529441315887128
0.054240000970129744
0.06739189123756659
0.07111521254121539
0.07256599033915538
0.0851963373231188
0.05876345668716454
0.17261139786434285
0.11602873106106491
0.18211700336775433
0.22881241682722056
0.1258255371947935
0.14432550381555162
0.1208938507860055
0.11142656780348974
0.09609721665443567
0.07522537873719624
0.07616200147210928
0.03668354969612664
0.13400929542141377
0.0917419711922982
0.0768216706616081
0.16476892911222485
0.11570966597092167
0.07576194716323977
0.08819623386969504
0.06528604631333199
0.14921020909637797
0.10705034366893655
0.13240780635720564
0.13836516341010224
0.12489730362821347
0.05999860883009429
0.1606545291767088
0.21700594699182632
0.10782263617713021
0.046348149141251356
0.1046174590431982
0.07212802393697995
0.09758553066372772
0.12467948117050132
0.15305624072791454
0.1909427693924689
0.04635643039305459
0.111049825615194
0.15868383822223234
0.12571521402482658
0.08982688372647092
0.08129050616398875
0.14401030555057834
0.02940274575790826
0.14204705448158714
0.1537503033773473
0.165096939731245
0.127810711973444
0.08749681143438579
0.0999769430808236
0.102169155716181
0.15692195352839494
0.13485759165240563
0.06078998419945384
0.06354710379651239
0.08934062790403027
0.17889862626781414
0.09021373286132398
0.1253009881454228
0.12640076601926636
0.07982546667374152
0.11260557889823491
0.09933257520984477
0.07651278606358132
0.14221819386432027
0.1109114954913858
0.12151225905311672
0.13624865397438643
0.11169508058546276
0.11326539241794355
0.19632938175693743
0.12948407176567234
0.06345378380397805
0.09130273816982101
0.11488271580023886
0.08611657618379868
0.051201890144828545
0.18701006838229683
0.11644072263072988
0.05804585070366007
0.10285007105381172
0.1473225226933413
0.08953834741690445
0.11056440061840764
0.11262361931832554
0.1201807395020695
0.10504460690706964
0.1380464926180353
0.12559146490682255
0.10419811089689592
0.10848050424769377
0.06847815089694854
0.14904755774667822
0.15331183989300956
0.1325163545599047
0.06066666351993259
0.0549046499181381
0.12847995415519142
0.31937029891860136
0.07242141254551132
0.08492130752935136
0.13231381694227276
0.17445127912437702
0.09002203832957371
0.10574150417087273
0.03952087591538024
0.07589875974933114
0.15444169572624794
0.09648836140235843
0.15940296059138986
0.13861059576204499
0.04289168260113208
0.24408579824159515
0.06121578638513776
0.12934497284987015
0.06315428367418932
0.062300156932735454
0.1336929065393728
0.1817612368194944
0.16867307566800357
0.12036385155638525
0.09829549265669264
0.06640280055724276
0.10506525714865532
0.04530113063560334
0.17338980266066936
0.08247801278933699
0.1398987902015712
0.10309928374126905
0.1120676530216435
0.09645733364977116
0.1598342956112874
0.1240576213944126
0.18726305980390523
0.20528714826023828
0.14054505612716411
0.11879454744972952
0.15047583581118149
0.09760956153448547
0.07564016432334085
0.09304503031250803
0.1442688071479463
0.06146624129652397
0.025761181921064323
0.14298795736380537
0.05676697907423744
0.06365933272726534
0.01967440895873373
0.11174765912519896
0.11856755044212118
0.1308061527247004
0.08718758752017941
0.07392858858449829
0.09535353577006694
0.22072804398989412
0.06466901581054986
0.15311964628691846
0.15082882721212362
0.12298260582732098
0.11982068551759682
0.15300601163527136
0.07150255639668159
0.15550894998001927
0.18345929705342254
0.08844018770718905
0.16501393738280326
0.04121722733427326
0.0364180853486898
0.09960466420950245
0.22661586208386966
0.08046602005442362
0.11478184629002305
0.08544660461258297
0.08287303163593251
0.1497287763966484
0.20195811777073025
0.1687582622921802
0.12063567564238267
0.1876547051676964
0.19211608250373574
0.14430166798449942
0.07492305091306195
0.15622740699198742
0.1284512595200008
0.15556638311337773
0.06831352646642216
0.12451257557203241
0.0981024531181633
0.07226455900778375
0.17262309245876797
0.08924421751783494
0.0861114125113175
0.08702650343524175
0.07808240372511015
0.14744310413224987
0.20539388601704744
0.24877229317120148
0.17636947604287848
0.20069841470450084
0.0639448229739855
0.0741877538992194
0.0730949348662409
0.04507460665556724
0.11058819022867616
0.1326081184544208
0.06626701488682625
0.17226267872792306
0.1276293461035249
0.09598105886998917
0.1747499439363596
0.11585585691919406
0.07984148353950919
0.11994769393816565
0.21424173024569274
0.01538516585332653
0.11823822668386129
0.10182864235472087
0.1049115991779314
0.08231947025717677
0.038012673225754995
0.06083228517692952
0.10405249290028994
0.1541202664966457
0.10399012429930098
0.03557736378291365
0.22897879389696094
0.047088071091987524
0.10668622959437618
0.17353975849818815
0.22606306649697944
0.07780867044564788
0.07590057668297126
0.13216157656694896
0.08897643298023872
0.0588418577540656
0.1136687306420308
0.16094614714087999
0.07345083759890708
0.09157037823494958
0.0718273108868791
0.05776235642228421
0.0347220667367735
0.12132865703663344
0.1981617434575566
0.19075521980686116
0.05479327624666976
0.15470270138761158
0.12882856859714775
0.06945248099910573
0.07160717922723923
0.08536730558043656
0.09858329536201442
0.16259391450414704
0.07299872690703123
0.14941696596740364
0.13792037542472593
0.04323694006924612
0.07931442421326763
0.21971170816354393
0.13844225171198113
0.038948515253146916
0.14083270385813362
0.05035191760826056
0.04142912741883911
0.11167010663248665
0.0699406888832429
0.08861380957353014
0.09376501004874013
0.11464627333607831
0.08818679452403363
0.1608616405341091
0.07240546101143712
0.06747846636819625
0.1288082745108524
0.059636068810352494
0.10930190101039983
0.09482919091278164
0.10178571271375224
0.1510737038023321
0.05125979434789294
0.06217185168840689
0.21680577309605786
0.18998737811275662
0.1346186257943115
0.09452391841563758
0.05997233211722473
0.1476649431413827
0.07967950679782103
0.0843790782706101
0.117701632212888
0.06286146321515626
0.0665322218402755
0.20319973125020285
0.11513432223364045
0.15831800475735758
0.0978347490331594
0.06201711667336259
0.10097200051394539
0.14876862416127298
0.07522645417293475
0.034538249001673925
0.23311056272841127
0.13284831101836592
0.10067104220573048
0.09960453834211343
0.07594688422192945
0.11930171066574609
0.08282614784459255
0.13595015996755258
0.03482096607426921
0.18014490849333506
0.09855785444653972
0.15868935793539324
0.17478559726747556
0.10069624160540319
0.09195113121732328
0.20403915398215958
0.0627720379199596
0.1082333770923945
0.11543805275876062
0.04606634185581829
0.09298590245558849
0.12527061425106376
0.06971300639784642
0.06285594846175267
0.08781713084124408
0.21965132018292202
0.1809813742338452
0.07484985697785274
0.1033271334287468
0.22047755716413409
0.10886623265552317
0.1180933155743894
0.10688612615224764
0.14562247344424087
0.05210929676710031
0.16418778825206445
0.11652506517397677
0.11490783403036411
0.0693492783391314
0.08720146503366025
0.15832441069951916
0.15269537621711343
0.10106310156083202
0.0794026478661212
0.14240629893890422
0.09991074431291627
0.13445684327673357
0.11592396473040505
0.12780585057376395
0.15786214242783533
0.15458780963275426
0.08583495962320607
0.15260127582516017
0.10014772682956345
0.12955968894543674
0.1674940199327379
0.10080234013243396
0.12273825979628954
0.23462340875856483
0.11798909516841456
0.20728153456320098
0.1428280462598258
0.04656571111777432
0.10181554612773255
0.12336676187773851
0.11857882335727657
0.02406281699799399
0.16308285375646103
0.14982308964802254
0.07225626671141222
0.24001434330103472
0.11309646258695921
0.1350549282784089
0.13563538485109408
0.08741350578655137
0.1661818410114143
0.10172312671329388
0.1650123581482049
0.12316477868792736
0.05399026065387541
0.08660734350237546
0.10569810214227367
0.07882018291931343
0.10848793924654077
0.09207905544100088
0.11527019711939827
0.16227703829402385
0.08598416499754497
0.15491763054909052
0.1294012014800316
0.17928314713097013
0.0905772990418293
0.08831123369266027
0.11374162199285691
0.13434608305866633
0.168631110648011
0.07707374294302038
0.15952596354626472
0.07288756481536215
0.08316187008356071
0.10500753901624121
0.11127851089327197
0.11127783167932545
0.0674085317261229
0.1754493667540047
0.07130443840262225
0.09771511120195463
0.13801037733969823
0.0679480313126644
0.09938906917581437
0.12443026939249849
0.07709675331674412
0.04435986279279777
0.10001575044044904
0.08614518231715705
0.06092032724826033
0.09595933582037873
0.1423034178590482
0.16016255263067153
0.14585201610539691
0.11290561627125512
0.11659956911054911
0.12034990811784303
0.07832825640355426
0.1993867384017313
0.13123268776509484
0.1300312316714276
0.11510114806107946
0.04733694242576405
0.10634331395491801
0.08912985477257569
0.12605632175550882
0.12877871142427616
0.12104270700823701
0.10314143196088309
0.04137092458177133
0.13140009475959483
0.15556703552927573
0.16974337339835788
0.1497679760247566
0.1463987588166199
0.08971454932172118
0.11892539946538931
0.052195705457372656
0.122539174300437
0.13755803280555276
0.1173596019314768
0.16729745080093072
0.10192782682118921
0.07616918230291939
0.13689705088355406
0.0664404735065682
0.08831383774968415
0.14011629211452065
0.12641435602198506
0.08022002744161588
0.24721020706957722
0.08239280334059969
0.15342573204810425
0.07467000010923497
0.09067716368947376
0.17459098193687844
0.1376383001682769
0.114802209713393
0.026038753620072564
0.18877249313359512
0.14530193189383417
0.13177210763043376
0.14812574564253905
0.1939842796091664
0.11412556775510502
0.09501978098373612
0.12054470361784776
0.0671307785176477
0.1322306570312025
0.1412124620626606
0.13700554244973867
0.2588264055812107
0.08493941170958291
0.0596499937746233
0.11503151064786016
0.03608267669478173
0.1151115538041341
0.12801410856068088
0.11319646117780148
0.09113035551831622
0.0490567949991675
0.11412018168585424
0.08455243332148699
0.12172021893178735
0.06871198057061027
0.05688793357881194
0.09556329817953153
0.10672792848639069
0.10172670177070568
0.09597726355027676
0.07743583076813197
0.16493405062456457
0.09039703412277811
0.18480418861173206
0.19953118683140234
0.18443030341657327
0.19524093886362284
0.047494997142770556
0.04895147047537328
0.04390983556277027
0.039337183802324746
0.07194524464523294
0.12925742853868813
0.10153217414466162
0.10432904700699004
0.0651219503136456
0.1693343364723135
0.1919031902941104
0.04939638672396464
0.11337586708297291
0.09229777572854003
0.09213119099034142
0.07437051716387594
0.12166667842733961
0.07796726385229175
0.17913641858532875
0.057113159576223774
0.04606198547081388
0.16774797773555722
0.08806727998878486
0.14118382958792267
0.05519930206909704
0.05895748486329459
0.09951886367654299
0.04280664995015866
0.1813346144085163
0.11115308900794088
0.0998863718835505
0.10937499380854758
0.17006077448369317
0.057248795679528244
0.12285936186094222
0.0559954560432966
0.06550384317500627
0.08936611841515466
0.05750877698525229
0.03927766424792322
0.10694820175872854
0.04214408871985344
0.0454015594890413
0.06630486564136878
0.10046784861028012
0.11033719150999495
0.039718572209212724
0.17709542196801603
0.17087148428992094
0.17954650321382654
0.10615988124093645
0.12982021244466205
0.09335948079392442
0.14087828109571998
0.11448346034930953
0.03174807071359311
0.1385482274741295
0.09689196143933888
0.11895454364973178
0.11822192364053034
0.07552327266320148
0.10913951049535502
0.08524106271376981
0.1722760695902102
0.15254111495141937
0.05970042965382386
0.0942009192980395
0.10337189549820634
0.12823321738014778
0.1360835498884789
0.14791846428035027
0.17588381876775477
0.1761662524542099
0.09565123664951684
0.1405426902967256
0.10002810470977451
0.10828667208928436
0.11542664935139924
0.04003183792518273
0.1817874797926909
0.0931824542920348
0.06963130329268863
0.05203218086364562
0.05434800927776702
0.07350726338737139
0.0639748227608369
0.10006337834336833
0.10187462805344413
0.1675089071719127
0.19679673039735915
0.18029931293788504
0.09857605054972564
0.09675598653997837
0.07714881970968289
0.1715143839291744
0.06475055971709508
0.19674858181574142
0.1779653642162862
0.1852904318390513
0.0554142787854096
0.062178578138481294
0.12566732552644663
0.13156132969960774
0.12416057134144165
0.15151263326337383
0.12655940966519427
0.12925926532863516
0.24311477976821796
0.03498563170077188
0.05614911016482776
0.09740934088364907
0.17586717535136667
0.05854023819144741
0.048541548109511
0.07562813809303516
0.06946149532677008
0.15096080652546354
0.1395201816810033
0.04959429724950381
0.16252825820911887
0.07058291518921787
0.10842161261170803
0.1473842351309457
0.09774156574251357
0.056784517442407825
0.07984778759156233
0.059316488044358996
0.15155422530007995
0.09882949936799251
0.08016546431971382
0.03281196139504077
0.1291403190655746
0.0777257451682228
0.15132646246847492
0.11488237922402382
0.22315351904457126
0.16655018375292777
0.05601546993811437
0.11771405552660982
0.05577845585177442
0.18893095829353954
0.049461293956272655
0.06938284447976156
0.12247957816707254
0.1528198183442239
0.1147533179686293
0.12681536298281187
0.07273490943587
0.045723784378735734
0.12197789855485067
0.167448694965719
0.1469691424775421
0.042327099581771256
0.1653268674940872
0.14796425810297373
0.12244399042528925
0.055404962624422724
0.18770507285326793
0.17060818872547961
0.13353602037313647
0.048269837641376476
0.20137863888899726
0.05926527122373012
0.08539215777667868
0.19736948385175626
0.10367603795269102
0.07938863704716181
0.13189439949121787
0.0545484097328862
0.06286936298696451
0.15064990036882311
0.07569709489647916
0.04672140007623007
0.07121329522299491
0.0886967083843381
0.06565024638194994
0.0960295010428675
0.15413017761427958
0.11265022882847396
0.08055153516475247
0.14249007710034442
0.10124724233194589
0.09676379204307423
0.04440556806206855
0.08313421056060537
0.10279620582186072
0.06976105948688407
0.15005358692887186
0.17880254138370655
0.08273457495139706
0.21579900898196214
0.09714933061577792
0.09581285593049912
0.1120020691704478
0.08743770878339835
0.07303306858409025
0.13411002014162943
0.16435312354549925
0.18155452710135966
0.0803557051035875
0.090072025476007
0.08307230118484833
0.1237568833986335
0.09260941536271679
0.11974322797799959
0.11940225433981368
0.0656992978467596
0.1383276485896763
0.0993748624525727
0.12178527806792425
0.11541332616411656
0.18101669467266945
0.0530187529037352
0.08254660944724443
0.08676198683110896
0.15134763731749273
0.14388605760929107
0.03368161705887904
0.08262816805202138
0.10996496269006524
0.09598193759473456
0.16456195559627634
0.09212557582820619
0.1497541263939215
0.06111248079752142
0.12748509716801137
0.12713373390669144
0.10543831891178494
0.12409497502345461
0.12856717325398215
0.07636417955030318
0.09803320478150052
0.12147152937472053
0.02328759416500267
0.11986014301429535
0.07200052938165447
0.055127512778044875
0.05737651826322089
0.057278854513178684
0.07963789943100157
0.16576910995647756
0.09197205599431207
0.033756698655519245
0.1063461519212716
0.1104429427002267
0.2091495320787082
0.17299332921416516
0.19673767063882414
0.04128105763767767
0.1371573115537926
0.08221642156407886
0.032320334804577175
0.10344219055445829
0.10183491409117326
0.0989422750614077
0.07362744857915944
0.06198562898173667
0.019376616887794202
0.12491304027564987
0.1429111498629332
0.09857983553681954
0.15545958375991006
0.05216851879925568
0.1547114596662714
0.049175816949271964
0.16362428337408774
0.16136623835823188
0.15024552999538116
0.11183370026395067
0.13550187861463792
0.16186426838658938
0.07301152910115256
0.17549722403548063
0.09165604488656239
0.161844267765642
0.06453752367972458
0.038778873954945815
0.11940565334404116
0.11610277096438515
0.08701844887282807
0.05941000546964701
0.11810673504294075
0.09472297432449558
0.12020933062168593
0.1539542503588076
0.07915273025736226
0.11483765969512001
0.05577178368769465
0.13158885120057345
0.07015555558600894
0.11717150573094799
0.11493408714418854
0.22479922670351996
0.047285855339378007
0.08366381895012051
0.11147806680579027
0.08037505596442414
0.13773557455126675
0.1205296997570776
0.1692792078884296
0.18678718692598753
0.09623097512093755
0.11652011251614498
0.12948057350398579
0.13174880165986697
0.07312710541279321
0.1196230253178725
0.08595115128598443
0.16539518606756382
0.0865749583477912
0.17740685555299401
0.09916494310287735
0.16522756919073248
0.11981582393668479
0.21190612164631994
0.14490896107096682
0.21123014765646164
0.09487121393379437
0.1785030718391639
0.1395043575820997
0.1166067738023043
0.08484327241496599
0.09704371210314931
0.13537805519355617
0.16340596814451847
0.08668797028793121
0.1418008902277059
0.06213614899804737
0.13460256267638235
0.14534324009458588
0.1592355582055053
0.10649711067525612
0.11066954807531026
0.11215671740402601
0.12309483641331699
0.16039094987128336
0.11367772259348767
0.09736177933197593
0.10645254914722808
0.07679215421075732
0.1541295673468473
0.0963264806566644
0.0858704479131443
0.13649262428630005
0.11362090316801086
0.1403201560624363
0.09920600358087163
0.11338346290753461
0.13267726777637923
0.09639108742342178
0.144082664640804
0.156829677821308
0.15303687332569232
0.043736789146062466
0.11520196979187008
0.11833254209963882
0.1357605525899236
0.09840710940972457
0.08985662034167417
0.03310270090563618
0.05315979788467604
0.08221530889385359
0.11114745656314053
0.1416033608247935
0.07487952431526927
0.1794695332287754
0.10779368711831461
0.06578947107440752
0.13136481874341185
0.10887882214452035
0.0779952834400695
0.14105891027723055
0.16955282667363103
0.14631001431119436
0.11065161695194396
0.0800756051006267
0.1338960383010826
0.1671087101158259
0.06585838835477455
0.11437689769314247
0.16771384168507797
0.15541292816890215
0.13151756497681816
0.10835871574984994
0.075283491427753
0.08011314256462013
0.11252922208348115
0.15533861392566037
0.0449536371559624
0.13576108303084677
0.10211251848570518
0.0928938835008266
0.12432769528528946
0.07484449519754119
0.12395524994902493
0.06935824496568205
0.12151738137704564
0.06937025682150612
0.04545812961073231
0.08017892555617288
0.32355750582641374
0.07540038067701334
0.0286764395295207
0.06925782801860426
0.08796717412189695
0.06746615891924294
0.12235901285414735
0.11915624000705774
0.08918950217837093
0.05816509651593284
0.10609882384880212
0.07573837285187923
0.13110324502603582
0.15681495167046916
0.12063655970642662
0.05466857138482979
0.11570330774624919
0.049578667425850625
0.04661878185704039
0.135857948676501
0.24483549754517825
0.14748772968124327
0.09341143721088643
0.17791685574709892
0.043847195848281235
0.05389272820635998
0.12910899074844132
0.1323808441235462
0.10741665700017845
0.08667387868259217
0.055893557443167464
0.12448784126538123
0.1356553701536483
0.06256603355629675
0.08519168088850979
0.11064526706783463
0.18819976867089316
0.09630503787255441
0.18664395889731505
0.11220363004160294
0.12483441186334536
0.07548728411783316
0.11164675155722842
0.1044127990468367
0.10786449044131886
0.05497943833365563
0.12321820516457951
0.1190807522978728
0.09978761797288194
0.22226989622395224
0.12174194283201314
0.11704744980587396
0.1576969421068755
0.07696563616708275
0.07484751966857502
0.10163837953538035
0.20997506029387975
0.145214408652825
0.1502767996654778
0.10690911203742293
0.11082758920053574
0.09853905328958419
0.05291381268448606
0.06491473542083966
0.13531170963548197
0.05622898647625977
0.1842901312364777
0.14127831608520444
0.09410854569481225
0.11050529246948183
0.2111350079296299
0.17575734816878266
0.0557076773952326
0.11796878132104609
0.13190119794723681
0.2687351846231807
0.0845186225402872
0.13807289303687384
0.11249957901796658
0.13294359790369328
0.10443493712802153
0.21484303693730294
0.10224583705510117
0.20148345691797478
0.1223442136762616
0.11828790311629762
0.13923530710062418
0.14799000092845355
0.13314308014798143
0.07048924593247942
0.07737146729420379
0.10813212870705431
0.07949650481986871
0.21834747067461313
0.12658811527697528
0.07051370794420271
0.07472676406927328
0.11583838935609847
0.10536882677415978
0.06954795060303468
0.1881404720732735
0.14794511458707135
0.07298164966405211
0.12463873728031499
0.21606483494028247
0.07354546850642063
0.04503813667748792
0.018814078342308967
0.112876194670048
0.07212103523578568
0.054631437536494944
0.16145612866739917
0.03420310264604218
0.15206428311195402
0.11456488831828328
0.12908062584710406
0.11866942681178473
0.18944153795995303
0.07843995132469186
0.14341523188455624
0.12213955309243538
0.18540694176462286
0.08567336251193
0.07173523914668087
0.04825701529691054
0.07606994792745332
0.10745264957080258
0.1325035893368925
0.1473692352765853
0.0700881188963661
0.15163752337635916
0.10057844661712528
0.08905529420663841
0.07697338741749776
0.051305194942745276
0.14796496358303632
0.05965716767670534
0.03912538179648907
0.10133641242038047
0.10829227942275074
0.10984763578751931
0.09032260550937611
0.03896458498539377
0.11147050418257853
0.05548504968610573
0.10514491858330466
0.12125334021080643
0.11931286485183815
0.08269414622700257
0.15470549872157882
0.10732658155565378
0.0697323326096137
0.13941198177318354
0.1176360419910895
0.08528398157338066
0.15783253758262267
0.13422796371565793
0.0978496547103173
0.08252722727535654
0.14460826678000782
0.16295595545010186
0.16410514569963705
