0.1424929166013079
0.06221869287715326
0.10506936291930807
0.10552933386472779
0.18219890833952226
0.1170890429267112
0.04763519885168398
0.1430906234691927
0.09880416217185516
0.090477370635105
0.21521247443893898
0.1696561396228385
0.09978680234409483
0.07936452498104615
0.05798495545630525
0.08579184566271958
0.17962819413111783
0.05614772158983729
0.05289478418529856
0.09105419283786818
0.08039858656746646
0.08689540103534198
0.13471744697186416
0.05199819327455531
0.3193894108283142
0.0934387561485303
0.06136432219755037
0.10095423290616867
0.08062770552277607
0.050002036139217346
0.12926263810976393
0.11145534923963532
0.09914685999828092
0.11653640495477119
0.18146246879850242
0.047756706319948036
0.1813961183496078
0.04778534526168967
0.09503246441623728
0.1738926203446753
0.09088426387620802
0.1380741052021069
0.16317793943013076
0.08819794461746183
0.10047226622629823
0.0410968342579806
0.11975989915430706
0.0956310672984391
0.11331881930816803
0.07383736601782014
0.06265198147104815
0.14491002803953926
0.033122194347891695
0.039470969201984826
0.13810007654580808
0.13766701383257002
0.13548822536624788
0.10385228061917111
0.16599381755315368
0.10229573056145558
0.05585356362327427
0.06972893977171478
0.08047408365781376
0.16861812150313474
0.1283557815101871
0.07559800990018786
0.10640671738450558
0.03500544941308638
0.14035083003607268
0.16325946432032853
0.0672928206839643
0.08569482250179616
0.096814432166216
0.080232192183986
0.197953460720256
0.11136790695388649
0.15468793261217323
0.10791978092509952
0.11231297956020836
0.11176687034789683
0.1394189369446484
0.03234781741245143
0.056177177261741866
0.1085418095455561
0.10872927971812663
0.13412697365425888
0.19788804026461718
0.07559100732803967
0.25955559504692954
0.05669062616434271
0.13659169913972666
0.09646151212582713
0.13599099232378697
0.121172440913735
0.1909467886013912
0.08078456601165833
0.0989257840645382
0.11118689046728077
0.2443876548535475
0.05901524985982543
0.09254591361038544
0.11789027039377177
0.11787692571728173
0.03327703720598246
0.06592050744272507
0.07963644426921558
0.04167303915564694
0.10123321727151546
0.1473034894268902
0.13315697527679327
0.1075532508992374
0.11283451329657081
0.08119954404651664
0.11692539635414911
0.08964926490270665
0.07005533360108236
0.10299778599133423
0.09792146029957506
0.11894750119376471
0.10139612596797305
0.07077029208310502
0.0748908874340029
0.11604014508078522
0.1092585505302696
0.10253468460698045
0.22959595158521579
0.07628527542301866
0.06411932915482504
0.13361018744149075
0.13627379955233423
0.12636827098483258
0.15803721927162107
0.13247267077127356
0.07404855506637313
0.17167191372122598
0.2282648400573824
0.06891619092681768
0.17755976564545065
0.07302130463667782
0.11223800248932064
0.07284225567753531
0.13141897335341193
0.08324150127632444
0.08760231048611707
0.1210386347594645
0.11868019781394452
0.14862038739965072
0.06423028482155203
0.08521104740883251
0.1161762720201811
0.16563972852102912
0.06388022134315517
0.10321306735661688
0.06102833149552442
0.16459087049186996
0.1480409129468417
0.17553122478055905
0.044672874723522195
0.04655030001165743
0.09837129175071631
0.015528166586834586
0.11147397643022239
0.14054052158156716
0.16524594611740248
0.09847133933106635
0.19210066882358326
0.1468038431469231
0.09091835165671142
0.05314188901050302
0.11726192447945712
0.11919866699862915
0.055392810700733895
0.15015415709084884
0.2283904016947587
0.21052252430390503
0.17043463925134306
0.1657545843223478
0.08704083930233877
0.10268429125466885
0.04406309826455523
0.12955475254651289
0.08747938219272218
0.09964369180779817
0.06999587742064717
0.11117582933390585
0.09465520991159272
0.102792038938879
0.15946187968709385
0.06381569363367419
0.09712741690895109
0.11651155964239253
0.18264287169015148
0.06325544184924431
0.08414795484397197
0.09291112579918659
0.10221055124794913
0.0775321370719612
0.0601925238835549
0.10736362086604204
0.19680556320372375
0.03499833790232885
0.06814295739329565
0.02959465537020871
0.06190675632257162
0.1567954934270902
0.07539384530118574
0.17988560914659968
0.13371975574139675
0.1381921244629183
0.13675421331023227
0.10419704501291528
0.09694894064992438
0.10537001253222365
0.04987369385962675
0.2194990825920369
0.10710695203425326
0.0689887612309053
0.08557494962409998
0.22475915534159316
0.09589670414501851
0.1149151364912438
0.11280156599445386
0.10255910386495286
0.14845189183369326
0.1149476668270142
0.1086145317367249
0.07749702378593396
0.08308460296141205
0.07335915228206935
0.07969077660744427
0.15034764886205634
0.15338571994225325
0.2171671114802074
0.09928561018580677
0.08726232540408009
0.1311352115303016
0.06973586474396214
0.018875524884560825
0.11724687842457204
0.16353985539229096
0.18346813958595024
0.2014017257920552
0.08511853901519734
0.1675859805466892
0.1435380670190622
0.16782821217779956
0.14336167276741762
0.19228045596185986
0.10651072332380385
0.1494688046057481
0.062012266758507704
0.0934558308994092
0.08118044788153589
0.11247580249126557
0.10046440552429997
0.04903688797683704
0.11327359163844501
0.03663357171477245
0.15191953590857374
0.06160858941653598
0.05645374282315907
0.07805100069919654
0.2208262271954441
0.07000287425790838
0.07251462555061472
0.07222550499670201
0.11648326541901478
0.14475056093595715
0.14750907254328663
0.10248365265075662
0.0699258705095893
0.17940731328904724
0.08583985066806944
0.13261045509543132
0.12428989865787908
0.13258819705940722
0.13005721774347836
0.13700331125952137
0.09249867939908177
0.12197262632170369
0.05776225848666899
0.16620662749800208
0.06038472162159485
0.06382049795701433
0.20233852398365565
0.045617696125805844
0.12664510861384612
0.07247898765637115
0.07146496747628242
0.1252468201729523
0.15046813486803673
0.08301608583127845
0.2230813819027576
0.06774509974642033
0.16095796605513038
0.11064728200342981
0.32308107674930947
0.14096183244247973
0.08529159028663882
0.16398514419216878
0.10075901194364392
0.08023785179363262
0.053145667891925305
0.04149291147781339
0.11870121361823976
0.17338655726571636
0.11551216048678323
0.19015885634245705
0.14727371795517905
0.0945725617141494
0.129164754903199
0.14851247144184218
0.1629476040534589
0.1325859208790365
0.12909801400572882
0.09663902179803638
0.04987243286745876
0.16805741887882786
0.04645031609864302
0.23455537531839224
0.09241343499330794
0.03481383796320365
0.06843527219557359
0.15246805555051143
0.06984784679504999
0.16542088329981122
0.06267623157234643
0.12543981383420116
0.057905251552826775
0.12414206627894699
0.07287452933086824
0.09908764570224045
0.04808661920648753
0.11566762247828641
0.0723530282927786
0.14125202689724708
0.12110165254953727
0.17339856992992037
0.1133513212956773
0.08877916082758548
0.12487474066865421
0.15035132065429757
0.09635561873111945
0.13444836063253462
0.07028797212328114
0.15899866073908625
0.0562099865772984
0.11084702471305388
0.1232938749342909
0.10019310136095602
0.041928387116756845
0.18930460455942114
0.06195300675553034
0.08495973023163728
0.09839019829359552
0.16881479812319994
0.15154253716989594
0.15325533095485386
0.10928056834771588
0.1116081813780233
0.10459590313410741
0.1557434785844524
0.0650359119106551
0.10937998159405417
0.15584306823567284
0.09766529179554759
0.19495070768290756
0.09752885105794118
0.09542299602246956
0.1546658284639885
0.07103249520800523
0.20345925217057811
0.07386246205882065
0.09668225357623188
0.18690360145935878
0.1621761395717963
0.10401714205777766
0.1212620849972447
0.11397753334804393
0.1275967708779509
0.09170255214609146
0.11418351417221241
0.11301116010422833
0.1390426319427828
0.12296160070049071
0.11556975215510393
0.07598658576994081
0.1852906943500416
0.17598198090480502
0.1656061391710728
0.11858184996491837
0.09291166489320389
0.06360967104730315
0.1485072069230952
0.14210522029697453
0.21369143665122933
0.20230201358759867
0.17568937700344472
0.1366856720172859
0.1362327763053818
0.12471534438322389
0.1391260509991726
0.1164210089857388
0.1361083546733076
0.07876562309003231
0.12272892664740417
0.10155099083056077
0.16139511651294464
0.09407560013819338
0.15594439824306894
0.09169254436494516
0.07530144619561158
0.13314292049195386
0.15119458093613453
0.14124497182552606
0.14887660736856786
0.0743897684365237
0.13049706442182063
0.10108236750607141
0.13799875659564712
0.019820137637996012
0.10978755381088806
0.11340421822930545
0.07572318089743267
0.16647424576927067
0.1122986864766883
0.08299882291809274
0.06246670297719624
0.14522011422913225
0.1977510996194381
0.09723981167323546
0.088919690993611
0.12253227280586682
0.06295251011406573
0.15462901361623974
0.08904165021107671
0.07082685477775653
0.04248508665373798
0.1162533631312242
0.12523211587213523
0.0997930347778419
0.0724727278700468
0.11475997294983338
0.17046311710904874
0.1177137181759485
0.04955624377443535
0.09397536748061219
0.17107709800180784
0.1237763626217487
0.05268248014375755
0.13412159985247224
0.15422607613723618
0.12014023837673458
0.14868771760482086
0.04478192827206942
0.1598205600955788
0.1271177439058239
0.04521520422281528
0.11171319702019379
0.13202348440467881
0.15457131726995074
0.13882813470064523
0.08181456105761123
0.11935825039744381
0.12131605340532191
0.15113188306224404
0.08635217628888074
0.14411965686421718
0.08809936922090943
0.09299707358974574
0.187803435056303
0.07609436250036708
0.1304274268896867
0.07369186963849016
0.1644249955999025
0.12923894921648138
0.10630413844810589
0.15451410630514473
0.160554806336589
0.07284824768567852
0.16933757963604612
0.11102334160747651
0.04421074056041989
0.08981002550036127
0.08019062513873176
0.1497298926028822
0.21055085257514355
0.14850419803930084
0.08754879910641196
0.05593241433806113
0.046296792309528254
0.14477836124774973
0.05580486309084057
0.1119438792868263
0.1732361653465601
0.13304079066273225
0.06466688618579162
0.1277091125414872
0.18520976496994157
0.0467170175617352
0.10551114011969118
0.21843890852586303
0.0718136877902094
0.2228676896444566
0.16394825136899732
0.21763272303342857
0.16197166156209075
0.10095224375471602
0.0676465728413437
0.15575745015251974
0.09269672405305536
0.10793809340872397
0.23101737934777028
0.14592401600868996
0.05250227134262952
0.11544786941857758
0.043124829342332555
0.0969581347857164
0.16707962995670586
0.12775717058899616
0.1440967280781989
0.0957540432856783
0.10261091526552575
0.15769810668067966
0.10705123810350356
0.11605961223618526
0.11886276563649362
0.060033365223541434
0.15531180318961327
0.09114834255882955
0.08741360651635009
0.12071473105803757
0.06118168783303953
0.07719157680978483
0.05702333761131353
0.1355453958566774
0.0984549880924227
0.1404147766993923
0.0632171204649938
0.056148317112060905
0.1156130970007814
0.12091195812913308
0.1324661853291121
0.19155795284809113
0.035643362386898705
0.09152580973827841
0.17144364869427348
0.14621865419869703
0.07114371633780141
0.1974314968106096
0.07882607599113953
0.14319048536862528
0.06163951412075708
0.15532242349192257
0.14293783998406764
0.1157609520733471
0.17328875961808482
0.1091374135309922
0.06264765807098285
0.09040326262059951
0.11935452286158675
0.15649916979811632
0.18324118540445047
0.14677747552991066
0.14551325783781158
0.24086266253218527
0.13132585570817926
0.05706589865747478
0.14110353201999837
0.08663518258259166
0.0775763124417269
0.08311177005866921
0.08348973868869713
0.1206383916154126
0.18208509892516453
0.20242261630050348
0.061806711281457136
0.18740728706638374
0.0631866138761085
0.12688744482504
0.13329746172684853
0.173633925904097
0.07533391247928632
0.06010547175346404
0.12384434705025474
0.07335858439202021
0.01954857229261668
0.10210613427287302
0.06990250119833248
0.10517367407988816
0.1544235232682197
0.023434621544854005
0.047043102807304935
0.1392328857545221
0.1566374042768258
0.07097590648859814
0.20630269334577547
0.13892516628647666
0.12333758639822785
0.05500376955786478
0.1468064866311977
0.060121375053484256
0.14626981851273152
0.09017212389148543
0.08998515389614062
0.15450135886938604
0.08325306974400379
0.13914146704171726
0.07733746686554792
0.15139467327552758
0.11833305579298942
0.049244043184953804
0.12196126795503394
0.22380212750392542
0.07041904369527029
0.07120681984673306
0.0973742240266133
0.12568306263375073
0.08193675746438088
0.14998185928251132
0.1861137519108975
0.16146716840665226
0.11926646776544023
0.16630353494553377
0.06036815677169333
0.06980769303462478
0.03790758757411923
0.08057116713141398
0.0761510913501851
0.17499220171176938
0.17973566231376742
0.12101419795512924
0.0644289901832048
0.2032697957921081
0.1269417556680622
0.2476106380997605
0.05102520964345788
0.1146310993175137
0.24366281319479766
0.12301411204853187
0.08900576992285539
0.1497434801815879
0.0652617456239549
0.12573957929321805
0.013662335523940687
0.1068067392040566
0.11390305164431018
0.09224053221204218
0.1565063679396704
0.1204857798010747
0.09664153298595053
0.15878990446203642
0.11914454106901683
0.19728765895937347
0.05168053759750126
0.09861485208122762
0.12717767554174816
0.12202242732029858
0.0690694845143827
0.06073485327809994
0.1358517700509273
0.09646123573072918
0.10059902754713604
0.07720165213959669
0.05900301042232443
0.1599647599951195
0.12359423240645338
0.11257973372837494
0.1465210053772764
0.03403464722086521
0.11416786684846547
0.10704913226105232
0.04082390685848522
0.15065634266317804
0.07578114814415786
0.20370972095674822
0.1830416623743659
0.07337692276349465
0.05957181156884079
0.14731258301923109
0.07641691711197453
0.17670229224297518
0.07604654034151224
0.22696391658451057
0.08753266473017615
0.12938322472106267
0.054625737819136266
0.12634236072935437
0.16211893451969298
0.16311573231930948
0.04952613369364223
0.12897316054307068
0.05691076014478659
0.08103500698657794
0.11179185395698484
0.14826788472543012
0.11343000543459084
0.12440406978964681
0.1106976633092855
0.08615009521546546
0.16349518364929605
0.1154016852375731
0.14531584099540534
0.1731780111006092
0.1321351554208602
0.18190517011226742
0.11124301493836788
0.0968665776852991
0.20765170830459614
0.104784380888298
0.06779568045855497
0.04267935143891136
0.18112783002027102
0.13319226565050724
0.09571682301517037
0.06565088325080372
0.144301486912735
0.05830665561067263
0.08649698996909953
0.08706436235584823
0.09700821538341206
0.10310705807798895
0.17985192582523798
0.1057929917384546
0.10307780060597993
0.12165289150554053
0.16757969898910804
0.10909632075451742
0.1479802803539215
0.051880813641759296
0.05119239944007331
0.04311242947154295
0.07715897515393066
0.06589186669024402
0.13745704657970723
0.19989486919500607
0.07575453019279395
0.029111594377039033
0.1177459347267735
0.08062591773384427
0.08781291872611054
0.15475508910292068
0.047320471301248015
0.13848744447472172
0.06788822141323164
0.12041796613679435
0.16988578862351328
0.10034948449041588
0.04081728642288693
0.1282359998254092
0.1576348836319223
0.07844529433905117
0.0463894714526808
0.11875864937951275
0.048409551213577075
0.08775011280240613
0.12374303638687438
0.08726745531940847
0.12028506454371782
0.056415235612487256
0.052546882097981334
0.11233685163721424
0.11347601109307072
0.11958861409581135
0.15239681742703096
0.0875888522421184
0.16182727234309563
0.10991685257296803
0.1645171455433379
0.07648756902967115
0.13185389698033012
0.09812517883423559
0.1507236740625222
0.07632646471843837
0.04559466160237194
0.11805266001147897
0.11559833153207177
0.10271838568930132
0.16478902662366457
0.10494898095418542
0.1888249045871611
0.03920014548377525
0.057501562839493196
0.15078679680365553
0.17251045516204125
0.10395391815845678
0.0905367757704545
0.16024904288370553
0.12470640781961087
0.058517968978345034
0.13827588021687118
0.0855493654650391
0.12006743092902875
0.21168049568152775
0.13108737339818866
0.15041320452325785
0.09594819393635892
0.1691782180257113
0.05513825534458083
0.07289211755159991
0.12058197107779946
0.10231123913229016
0.14840695122693495
0.15570191569398872
0.1548888748738923
0.13000732712369384
0.1268623541928444
0.0724735336983493
0.08681880439160451
0.1366384941038332
0.14230420576432343
0.055495861576637995
0.11023330790613313
0.08221752299881217
0.12912643058536208
0.1327308492469257
0.06718937069828854
0.09929325272397461
0.1046796715600748
0.11834558672945901
0.10543965066254611
0.10735782560845314
0.11143739610908864
0.1078549546314941
0.08093871570991104
0.0754789692794541
0.10556020450873531
0.17783588022549315
0.09494140465046354
0.10373354158347399
0.0967898506940831
0.09925069498447495
0.11992794229556564
0.12114919209519465
0.2070151269738872
0.1555525461085319
0.09215672730036156
0.04564153008702946
0.13167730185417137
0.14536567093933503
0.024092981694927924
0.1116235038921518
0.15900183123349773
0.1320475973322066
0.0940541904561785
0.07035959803629341
0.09655717534666032
0.08283728110996794
0.2649845749597026
0.1188112522902005
0.18829077648406867
0.1500163776166594
0.1425109063751436
0.1395236019925086
0.06696841836764286
0.08493134201024724
0.055357717286432705
0.056582581497872014
0.0940206442668456
0.1218921141014993
0.11255532760885001
0.066277828753947
0.1364308797780813
0.09688925263270885
0.13347388687618364
0.13573662144136567
0.031818719392402835
0.09589759860367636
0.15711543011726703
0.07553712195836773
0.12548041243619806
0.1467882816764221
0.13424317862575125
0.15367400562755038
0.08715515714476835
0.13462303573245757
0.10794794146727893
0.14072666849665894
0.15630178903433145
0.0893791583768034
0.07671822227799907
0.09205037910180239
0.0778496209153313
0.19260224601628537
0.22885496502014444
0.07249991959371373
0.07142700960021535
0.06867559502541208
0.0701937323978032
0.17727552902116034
0.14045529177607088
0.07984518695383294
0.08622430432047352
0.1329811432477625
0.14463431889253867
0.05413569785190377
0.11123583686428969
0.1929523406178978
0.09644943802888535
0.10667272371890577
0.13168252361042246
0.07305499612307038
0.16512643477772093
0.10257673797265876
0.14389137941869315
0.1731507490026615
0.10331263344744028
0.09378089479830207
0.08380216634019905
0.07488487406746805
0.16214392198413255
0.06603210531616265
0.13864488746704226
0.07526851214528346
0.0822025646230066
0.03644576017814499
0.04319180684351161
0.11333885175135737
0.08010791808917989
0.08366132931608193
0.22024120542308187
0.0923902216812554
0.10251643506164466
0.12990467104702683
0.07604358462279495
0.1357735523215875
0.11951094113483729
0.14792600929667213
0.23618266571791327
0.062362233967824136
0.11422929097291579
0.11400087325618145
0.09382986029328459
0.0727036568366033
0.1184773235746277
0.08780009006931458
0.059216773307975104
0.10488137948548008
0.18033008985006133
0.08440854166466617
0.1153992935312517
0.22164724681981846
0.17479942836448034
0.09601410507529483
0.14827622024112702
0.17643707463653838
0.08506111540205817
0.2003590266908637
0.09128765458518255
0.1419810051077756
0.035958481574253694
0.10909158903636511
0.19653920054478669
0.0969129647544126
0.11276253485399773
0.12672677796130463
0.15744085538253685
0.11359347550108766
0.12955926038235932
0.269176563261551
0.10083886825653769
0.03657542153815182
0.1787325662963217
0.17041866801183114
0.12610933395834942
0.12012465025837711
0.056241166557297564
0.17997374681504894
0.10253048327204937
0.14580702504221021
0.06001055094436898
0.03784416006384702
0.15750027012475554
0.1433022620723095
0.09922373255985277
0.1552788780867864
0.2196581347343754
0.1097382959736926
0.0748849063583123
0.17154160919601855
0.120544697596628
0.12276895292705817
0.11615971471249528
0.10559177987972954
0.07931093928210524
0.16913207902594374
0.08647202506149411
0.05867952933646193
0.09521399607497301
0.07814220924694551
0.04864347904668983
0.12249530889561537
0.16597277843094393
0.08877328362593674
0.10618097509912397
0.1318953728580957
0.11372716728065961
0.13329953243274162
0.1512219865532873
0.11399175164586406
0.09790669147504748
0.0797722971126119
0.07839579777405155
0.17361315915564668
0.05414619242838677
0.10489079750390055
0.10731919759961835
0.13583000446493182
0.08113500476077429
0.10160990332124883
0.2261557024575676
0.0819531304376646
0.08643182657940922
0.2582119152549463
0.09272425138453966
0.018017294263037064
0.17952056620003207
0.14249205059012304
0.029694697465469846
0.18776932218832743
0.037776122208535635
0.11106299942475001
0.09595080006723948
0.1532102884906008
0.13313240087073439
0.08702037739749331
0.08630978002649854
0.122191694004354
0.1387990498572615
0.05496550203103187
0.06508685426150278
0.055486678696581075
0.12875562264285018
0.07924363677545808
0.08086065623720128
0.1368677748155351
0.08883951351175644
0.11340729157102594
0.07393856637812896
0.11128691111384943
0.11909971794712194
0.07661852236187776
0.1311489355292211
0.16203749172320328
0.11983465529199952
0.05800249182933169
0.09017918575892596
0.12211530000958266
0.11081768606317355
0.06137034775609138
0.13634073452619194
0.07598633401650502
0.07225991557562964
0.05900144981366521
0.04346365451253981
0.15346419716893905
0.09167829112483371
0.12290892970273239
0.07793762117286596
0.10693240011990959
0.09949238254541144
0.09640512478935805
0.04538912651242151
0.057849188602584645
0.19347488874761345
0.12134324047158994
0.13086136797461714
0.22567237697443004
0.2117006250709696
0.07292647888911856
0.08521149964507335
0.0833797364169208
0.042287261335524344
0.1514812462467586
0.17720646035813598
0.16600592885461882
0.17979719867158034
0.08582552388541556
0.0769686487350743
0.1685250670111123
0.11960919433997398
0.06576589481049035
0.18584571205079647
0.1281248761223617
0.12657748190015544
0.10258982185795694
0.09358362783016916
0.07028602835446052
0.17921647554208048
0.05610945930091653
0.1562388620683168
0.18976559354263955
0.11915783653773783
0.0940565759814076
0.12356087606634547
0.10012027786942089
0.14310548359597303
0.04424298947081754
0.03525055980913608
0.11841285114415705
0.15066189847226522
0.11512055446417346
0.11677095037102114
0.11571490183664547
0.09935596953883366
0.1018038710078736
0.08940717625020465
0.07227509009447868
0.06047280814548368
0.0681001332824308
0.11248938865281444
0.12850208922660278
0.174464330938737
0.09980337379040799
0.08085533488094233
0.16770619984752663
0.06926442128480063
0.1694699025148412
0.1329788477489962
0.12437810905230808
0.04954870460183892
0.11584354070156433
0.058788782796010845
0.099970575336279
0.1302572194921425
0.19719603684110346
0.07661183167849
0.08758083207335336
0.11034275747151648
0.06220897083228464
0.16656606255708964
0.12597310553919785
0.20942994481258248
0.189010127421359
0.07991851284836142
0.1534089227751123
0.09051295335403678
0.15359724524631363
0.043699923362117865
0.11352849419272737
0.08812970921252229
0.07742581069849266
0.15065720518715958
0.026045176986448995
0.13987742418267485
0.13187301327894377
0.051412493357369846
0.03779418180776554
0.08031543261665718
0.0536581270448151
0.18982361369008408
0.12092640576339135
0.15479136263114382
0.1382830845190611
0.11227833817908715
0.13852002829946622
0.23780448683278807
0.07888943883757885
0.14176438354653345
0.14162334883311542
0.036747761496284885
0.11328472275039374
0.06994409782995883
0.17871468789451167
0.0981818646545124
0.05323020239351769
0.14923453062396708
0.1011338604632407
0.033788266521485366
0.16857517771964536
0.08886570788405054
0.13463019441929464
0.17598187646102179
0.033818867297701005
0.0768512182802614
0.14363318008070936
0.061220873985648475
0.10508321653410037
0.12960804916724716
0.07520833303076392
0.18692746280241732
0.04687682022670564
0.21191030459032414
0.14193306410888915
0.14225982523480202
0.24695891227732866
0.08103466161360813
0.10545524666943804
0.12756514248466486
0.04359784046609352
0.06516674524327835
0.06658755745682803
0.07813584366103274
0.1442999183182996
0.11268338668189974
0.1292421697747502
0.19860021359457222
0.085739500098545
0.11595755693730608
0.040189125678684344
0.15388701381457426
0.0886942700782951
0.11215740685385854
0.0395274589382181
0.11520941076746777
0.1254201635631826
0.11531137409975223
0.09781599493148181
0.1876507725030809
0.15973902406918897
0.13603180280019306
0.08760532512794048
0.039201078754526254
0.14661182594583844
0.1799905851469184
0.13224968692535324
0.12870165603539774
0.10720413607334958
0.12557288776959566
0.08635735717193739
0.059700611147970185
0.10040328220102933
0.1536292053854688
0.12187979932603896
0.14457090048798235
0.10847313101570763
0.11174295564209347
0.09445085118489835
0.16262450024191877
0.10830078019254957
0.07750623965677483
0.2117147945875297
0.08305289647401969
0.10579490955271548
0.12327444752238273
0.10071405416765053
0.04662155573353824
0.11156008603086297
0.14573403557674613
0.025761181921064323
0.07634784855779783
0.13961885752756564
0.06663712674969394
0.13897217058828706
0.08879030375314687
0.07971238185246607
0.1517854452571086
0.14171185785253815
0.09069222783282103
0.10284270895947772
0.07135429163707706
0.19141888759356812
0.11475355960184119
0.1849071278360409
0.09726631239581565
0.15784540415942133
0.11220383278396623
0.06613234866584879
0.12299761136300356
0.034331922680575576
0.03978448860488797
0.10686945167485305
0.16576016552444234
0.05482448733091614
0.1295525722869069
0.07333670539169541
0.07173014118545944
0.0660037683060514
0.14049708168736516
0.07770830570528606
0.13774072357677827
0.18989448791496574
0.11777395198544766
0.03809893266698607
0.09778193619243249
0.04599470671466209
0.1892504427243807
0.03324230082360024
0.08948777804854599
0.20113181889181175
0.10020469707977252
0.08625898106051984
0.08972488440120908
0.12453071994319649
0.13452694786889763
0.15337119683886682
0.09113403719283598
0.10220599465909241
0.10440821683771832
0.21431626040987659
0.1402016267482475
0.07817040166649118
0.16930088937921065
0.05766370979278158
0.039116029601416594
0.07473694344248047
0.10581282554603533
0.11312210376703112
0.06415290625131109
0.09774065971957059
0.1161541670501604
0.08213486270227913
0.14080779267773544
0.12127589694762406
0.12329194079340046
0.054510311446812364
0.15004892753379598
0.14489472777148182
0.15121485735430074
0.05515601178470133
0.08494069695771378
0.1086478096705652
0.2485998928960663
0.10915389630502309
0.1345570436163312
0.05879345222257043
0.15166368618923726
0.1015138974576728
0.041736829652050986
0.04621141544747609
0.1032458752160619
0.11564036205667
0.09017241554824112
0.09560548733803419
0.22044060044686842
0.14028340371607198
0.03988313238965379
0.14757233883298226
0.12370262669275081
0.06506828963949482
0.12558979290045483
0.12048985377162026
0.07446010920481808
0.10193428488007245
0.09987259211942882
0.1532056270421907
0.12045529047360559
0.15906332802096232
