0.14835355020395305
0.0770370402829213
0.14256862527393518
0.1146499758618661
0.063621269774183
0.15312058164570788
0.14943026092801243
0.15176919590220053
0.18111249370965882
0.15595341386472392
0.09729432685666038
0.1974610974934623
0.13290556201310896
0.19829347337127676
0.039390419821799555
0.22677732456616245
0.15168517830672196
0.11264041670000033
0.1006807035557195
0.1024659092374776
0.09884763719119712
0.07061937330437518
0.12947223314301795
0.12163957388009335
0.13705036428039744
0.09480086760877425
0.08492739106899234
0.06698940135893011
0.17710136974909083
0.10754437724705607
0.13693670856354329
0.06414945611465615
0.0883338979577811
0.1356691646067493
0.188711116004352
0.05568019969038219
0.08984055167084053
0.11968413039296548
0.07155127189232545
0.19618178841526737
0.220989414724583
0.109278143081057
0.10366455822452891
0.08581460969434626
0.08734356812528866
0.13655665523144556
0.10100671248076235
0.05653413096124972
0.049730846837029864
0.15350470043252798
0.15567752551354258
0.03924315975496414
0.044279048554588744
0.15148713403232264
0.1332186731052645
0.10134924649766715
0.1835230792774524
0.07005028991664883
0.17191831846005495
0.05635540463632518
0.1344518664905267
0.07706829501012791
0.0699773266746016
0.11406677959986462
0.07608136328103986
0.13363285602524222
0.08781577152161785
0.06897425031224838
0.1547092403020967
0.07734433042884399
0.10132109327090619
0.034056822539262406
0.07293972530738903
0.07487420007480353
0.07108990592574645
0.0734112510511818
0.1495068422247554
0.15126904094289653
0.11636322099230832
0.122070563409098
0.04911174934329255
0.15583581851339046
0.11966066275888139
0.1200376459576016
0.17992144873078292
0.10477308152854363
0.07032672397534459
0.05000603670071966
0.13845928098673654
0.07486273241866612
0.12901950980718838
0.18087608247944745
0.1773795892278164
0.09801726030847886
0.16344107232625535
0.05333320637798302
0.0875176558887807
0.12745582749456655
0.09280760219895283
0.14152396641076517
0.17974217813041707
0.08939571968073344
0.060811525220150715
0.07988839480256231
0.07998030258456479
0.1520435139693768
0.1369616256881231
0.058315191668069054
0.19495618766741676
0.0781766387043138
0.06630512603401974
0.10092465380180263
0.05229700933755637
0.1366625650375396
0.11127653281596826
0.13317520976194103
0.039825007477053725
0.15995421117647027
0.10661751822467427
0.07345678865003408
0.14909458058905925
0.11345913915664559
0.17415464861998817
0.13239827894973782
0.19018734114672656
0.08050171872770616
0.11542467667033615
0.11381688869429606
0.05679120177007203
0.11576396474716062
0.11863667666794293
0.05163281782637724
0.11705080625726208
0.1388924049277223
0.12000426010030944
0.07258797145702071
0.1935329224072709
0.045358774889669724
0.08567185263008102
0.08214018528227353
0.13003604635176078
0.2214051730994137
0.14167889946904338
0.05653555854244773
0.18625135866202525
0.11277431826006895
0.08483226981065703
0.09147590540801315
0.1636168283018491
0.055719365971484504
0.10028876665193272
0.18044419758130936
0.12257268042115088
0.1904466954184292
0.14073669519604118
0.14130990876901925
0.058398475913701973
0.04508875677916129
0.14221323495951788
0.0644915997515923
0.075652688644986
0.14349505935854182
0.035225567148591964
0.09432031266186718
0.1668563737777186
0.0606917534744951
0.06353578001614815
0.14709081241780864
0.06971484797173083
0.13361296454139568
0.14081208528008116
0.11630174747665145
0.07666835856970408
0.2085328268907341
0.0773352661250662
0.1024819161236457
0.05174548413913567
0.11483953066372206
0.1264288586328445
0.16570482627383556
0.08798507234506497
0.13098178761742937
0.08183718399653886
0.10698405265068128
0.03547052358877491
0.06256975721602931
0.05557064986815283
0.04949875233611613
0.11690345945484076
0.1348295953496384
0.06284401496644938
0.12073721183711356
0.141302227659151
0.0783794225754982
0.09227920678223465
0.13200647618260794
0.25850982303550635
0.13753316096443466
0.18691643739932412
0.13025055167138921
0.1781161267613673
0.23924847190533527
0.07984444323949377
0.06222003691100783
0.15530860663066048
0.14840778305794788
0.14408169391432943
0.09024727719521257
0.15471278684536036
0.07256343211211286
0.1016087950958795
0.10056067928681289
0.17033777818894744
0.16866237316461158
0.09424607292573657
0.15233763657923896
0.16673435262404537
0.1222081413602059
0.12968250488522096
0.22306633507104742
0.09848858133866846
0.11849717424040278
0.0810821461816784
0.11184706649485807
0.09594751454962684
0.12421384738898594
0.11100985567597163
0.11197250952200782
0.0533870926482002
0.08723381557084427
0.08021680895749773
0.12192076112068277
0.11460428137034695
0.10323135718162753
0.1398417595831884
0.10044981044263782
0.1048920796585478
0.019794761865834513
0.12898085991640115
0.049427055013668064
0.06847434441682959
0.15063042099780813
0.1701281259430711
0.12220915667270382
0.06334397087025177
0.04491364245914244
0.18360882012341023
0.07610061656815953
0.1678126784787624
0.06849411809020342
0.15436417388600848
0.04200719546778302
0.12322664867678049
0.07384263145981988
0.08950440074589468
0.0853694847107219
0.14548177682131605
0.11601642431451961
0.10702166201392292
0.09962364225412812
0.03810682691627244
0.0889271238185785
0.09621206904969468
0.09414151450278871
0.036471966791846895
0.044604344053636884
0.08816990600538754
0.06556249731702453
0.11946501844166366
0.07651088951333415
0.033890970985951736
0.072407082322217
0.05493334705915366
0.14454148779051096
0.12519151341961499
0.050423969600529646
0.08538218676481064
0.14770260790808026
0.0415665838589788
0.06225726397539984
0.07628152629109887
0.09235274849039295
0.22152726426952718
0.12363768209694422
0.10887430710497964
0.09699154464793977
0.07614950826779626
0.14651444598497546
0.15579901452898762
0.12408136758715174
0.16636749258782213
0.15671177636045916
0.06683789775703294
0.1405693024500646
0.09570778931262237
0.1079710351074562
0.16518101482063774
0.10769179144318644
0.04662432949180698
0.05894881487211185
0.08976352798884794
0.1274401436611774
0.13054449883674432
0.1103388856694746
0.10338175947208866
0.11195032884693058
0.14294899764764718
0.1023444025401582
0.04166760549738682
0.07057100113233776
0.03235818522790787
0.054179829828492974
0.12091840105349327
0.09359789361148219
0.07787056414347497
0.08068786100103037
0.0763924449807192
0.1770533538761575
0.1347137003304825
0.05362117837128447
0.09973764059058203
0.11119123831926053
0.09641319839702438
0.09843516348103416
0.0648209484528589
0.11266248838529498
0.19037349336479342
0.14540418520395978
0.055852943297668635
0.12593948140515746
0.24447110731961058
0.05916076383521921
0.13031699062346255
0.056631925691390333
0.13943600095027173
0.1113630983070612
0.18197336093685287
0.15423952278964118
0.09274091535504249
0.13250912020299066
0.10351467398169227
0.10060145464570489
0.16035644653616832
0.20030797515965254
0.08358077038612637
0.22973103306762027
0.12592864992623426
0.173899169728244
0.08133174554437371
0.06643808093431408
0.1206591625349019
0.12497802357989908
0.076726943235126
0.11250571102355186
0.0778306809747421
0.12648890284197362
0.11662513421074237
0.10627556974755899
0.056333722368866246
0.14123688718242414
0.12100346298586269
0.07177660414037734
0.08156568936282806
0.2492538122187817
0.12049691536681784
0.07061558210581506
0.10378542744999274
0.14853431133462316
0.046427605494246335
0.04735051606392369
0.05040776228191959
0.062415486806166084
0.16479095930332105
0.17123502024395607
0.10363240023209525
0.07822700140049914
0.2143985497463604
0.17400760580387836
0.12916645131938295
0.1637235823817284
0.12436632541501255
0.16273442722140072
0.10002472898934457
0.033126749920333036
0.16285033869855814
0.0903357409983715
0.19846270894575224
0.15825349823922116
0.08126294136361344
0.1869477973373414
0.15779821176289519
0.03824817391986995
0.10280121816987585
0.046549887522919296
0.11913649707241868
0.1352359840226932
0.16812923358436666
0.08665275788053921
0.08686338298189707
0.18671001820999567
0.05818222253142813
0.1686818411634699
0.16083294243434829
0.18267648447276522
0.1246940208511458
0.1399533211258908
0.13263213750931963
0.11899575387270862
0.08089692742533057
0.15510723296822948
0.1277617250005487
0.08528524080744608
0.09731941066752534
0.10621600126192066
0.09735222340009751
0.09056801513389018
0.12020566482084334
0.12415312332182978
0.18874342999105284
0.13304293695346767
0.047869336847240505
0.1977827924030926
0.11513821338804539
0.07079569018271911
0.045675626717020475
0.12364445842146127
0.1813792437504716
0.034919668339029465
0.12277442195985323
0.18953842748913743
0.2276609764748437
0.05418252775522423
0.11334776538489622
0.12234133532897756
0.10627440879544905
0.09279118894395422
0.14745883115081376
0.13614911705866
0.12241304544923844
0.1848638751514745
0.0367008342312794
0.1799876804123631
0.17187310943516027
0.13924526605642698
0.14629657158753775
0.046764780425486006
0.06327992160673007
0.0546933916467786
0.060613732255881896
0.1451563354624505
0.1276425172086104
0.10886779155191745
0.15389442002417608
0.06235786316560413
0.013847127940484344
0.04205377613592712
0.11695016127400104
0.11256260505728882
0.14365921223554926
0.08805682097340907
0.12650676675521583
0.09774763185260985
0.12351057114344369
0.06214295945135689
0.07368934254817304
0.14542274796675997
0.14156670815156136
0.1713064682769549
0.15119090386624612
0.1803248117768337
0.09620683148664146
0.0948149096209973
0.16454324210094853
0.04132575433471501
0.1267582581022572
0.16285372137081747
0.0760380231170679
0.10634786292452554
0.04455290090928409
0.04349139488771164
0.1158786654694873
0.13676648788377202
0.06669755602654953
0.0866713083492211
0.13439769035006843
0.03677281082748334
0.17163874558187311
0.09538460633626182
0.11405995735551223
0.11156758124831112
0.1043882339007802
0.09526343438816257
0.06356384535180337
0.15848472431597604
0.1687754623668315
0.1044579123171628
0.07284386079067694
0.06635464423075514
0.11567949332937472
0.10551304512844213
0.15696882193349102
0.0791574172230222
0.07755977975095543
0.10987143359178647
0.08214299847297696
0.059202337533632715
0.08615004093124774
0.08376073852477167
0.1605921216078068
0.1376510436821059
0.1394137611971717
0.09211620249502571
0.1352525358013839
0.12467755986489965
0.11983017532139324
0.09714916895829176
0.14417381093311143
0.09488800882244589
0.17001217076699676
0.17291099311209146
0.20937587607652036
0.09555987535213413
0.08720226689790052
0.1046509053245762
0.07132033959048788
0.1183645824064798
0.15416159430529983
0.11677549850290433
0.09890356901403248
0.1425507172275653
0.0680352554691548
0.08058297933163228
0.091380330445742
0.16934920705484013
0.07586749250258794
0.07728007733036567
0.1489261252341285
0.20738355360059132
0.179528386006997
0.01567800908535884
0.0888142055929523
0.12409898507434444
0.15013520905498617
0.08183401776948765
0.11733652458990422
0.11527939242338867
0.1161974986514477
0.09079959929995027
0.07041225002916941
0.09327199438866565
0.08027581593686975
0.11411828896977462
0.05783443079674792
0.1415322733370875
0.0689915184998533
0.1985385854394069
0.10835444311076176
0.13234986953745248
0.13281742515966177
0.11639318004280193
0.11262754509313941
0.12742725562010757
0.08736942256098176
0.0545057935681032
0.11296148684742448
0.16175008245472336
0.15696889829759608
0.09762404745514174
0.07613080419167652
0.08608880263634024
0.12119851137086582
0.1322342211361374
0.07954740324584747
0.06220619136055773
0.07175149046846313
0.09948304611811862
0.13042563128535278
0.16737469960192056
0.10499037572455984
0.07758989190647389
0.15129365709913922
0.09391682920882936
0.12157258678797904
0.07893612389525595
0.12011192413662293
0.16312860435289508
0.09827740278132194
0.17417428472194588
0.11222099523284479
0.05972072636618006
0.14323096352493792
0.14768638917865765
0.041261090248771816
0.08364394861453538
0.04391044019327545
0.15401792545343854
0.09778284539299802
0.1073508337491085
0.17409657042464974
0.08696408804071311
0.06163456297679431
0.214138891911888
0.08202899212984657
0.11044411144478068
0.07358515125996527
0.2028944811438407
0.2157311063817841
0.09378783611598583
0.1595475201833765
0.12739935343937206
0.12690312965786585
0.0681168210150922
0.09235260309575496
0.0730274214159316
0.11503977992163508
0.07052086469210751
0.11922044544283804
0.12556454741623774
0.09498975523261263
0.11882273593666612
0.1921154949471667
0.18254419406076117
0.20182529325799187
0.15504082830853405
0.0467642391238727
0.18036684509456072
0.0758592499178451
0.04698156351987797
0.11253545436071376
0.08164341463420734
0.07064913570250635
0.13015607894530573
0.09770116095365176
0.060364802855356246
0.14047852315919263
0.11679663526323332
0.0617175494801226
0.12988994899186912
0.14620027781850178
0.13252529858994264
0.11237608112520836
0.10185427999820128
0.13400852643065161
0.17972222039546537
0.0644309711249886
0.10799130159707383
0.14850812747102238
0.13319366580760317
0.11918740030860225
0.06576737315080354
0.18404701628852982
0.14814718204027738
0.09663570525169592
0.1036916757594115
0.061688585898174185
0.03817823411425004
0.039999628351799925
0.10712159299728732
0.1104277078581583
0.14893172296449064
0.11152367670607027
0.1323625811413862
0.16936590893252224
0.08172752681936851
0.08988913438795317
0.05931126454315556
0.1193111033540301
0.054314934578190616
0.10202580765963407
0.07077114278433456
0.10150386586769872
0.0851349807555826
0.08909159660664785
0.06790003262864129
0.16199414201867232
0.11871592381513413
0.20284601667679805
0.22860489743563506
0.1014970337297037
0.14397225164710714
0.0854036710363053
0.10555375222359593
0.0913599698547174
0.24828496729158558
0.07103189745012717
0.041682531661476195
0.04645757867538433
0.08904038040674658
0.15722856081757633
0.09895783648387606
0.09961709528879616
0.07761108774209739
0.14898215778584123
0.13275152788710554
0.11617597411495645
0.04296516943924307
0.13416282196588078
0.04382585694173161
0.15907884687584292
0.13066620681045057
0.13564930467442987
0.15560372806532277
0.100478620089792
0.17698079032915895
0.1455795225628186
0.1505975334546566
0.15138775414239747
0.1667942360938277
0.08978607481159051
0.02365904635997676
0.07439208009673882
0.09308899856414174
0.0961976349128286
0.12368851824891758
0.07658665438353181
0.17476659005584003
0.08707713647809093
0.04838950968755687
0.12433592836234525
0.13234686110725818
0.09988320823596261
0.08793677881558086
0.14422503333808723
0.15555931686546456
0.048706879062768244
0.2694806182422435
0.0970806337402544
0.1518322693753674
0.11790479112301763
0.1400961675944096
0.14897938192480814
0.12705637283179752
0.09810803786377346
0.2110805915268891
0.05916506361369921
0.12950143457973975
0.08249349106562914
0.06834500682394475
0.13031977709157158
0.061527988788896024
0.09344478306762333
0.07820425181708275
0.14007742620527247
0.1732567261018522
0.07151987642790981
0.1504374859127117
0.10107857252979503
0.15378853824197344
0.10544769531213272
0.09674302740181233
0.10501743413675697
0.060530357200429936
0.03396856611858161
0.18046904906553252
0.11172857707251854
0.12387473742616364
0.1740648259310154
0.11632804814723387
0.0780190437679264
0.0381173735779491
0.14660068936226164
0.11153008693613391
0.14584091284466894
0.07303981303879836
0.15693087092534194
0.1259936630374563
0.18549574947065414
0.09083043966227144
0.13998814082302985
0.15630172791717906
0.16642695979979125
0.19093952983537668
0.09328769944337385
0.14528490024932414
0.11417448997660776
0.11347433028944313
0.17804392915289277
0.13879195259070767
0.10113883471639547
0.13220410222197657
0.050201792004766814
0.11256365934801782
0.1795434067180091
0.14901660305489572
0.14137330315809904
0.10083717780034383
0.026048527211495486
0.09714878872994585
0.17405456421203502
0.08777637610600755
0.11137201670643795
0.15040316366268594
0.10452476086613653
0.06551146088920579
0.11192684886281648
0.09737873892734666
0.13058677022410284
0.1267435847767858
0.11836858850817618
0.16357543025544727
0.0870026204277951
0.21246750937076017
0.18936429416900505
0.11976752313132064
0.16522770535065542
0.08008650260319528
0.12957736671618594
0.03568784868974877
0.09924816545966698
0.055598963581987446
0.029839044814916876
0.1379254536848946
0.11181980831192166
0.036394740579066984
0.11887485045429053
0.08835154034893486
0.14410630901905788
0.04595303244665011
0.12083239265500631
0.1345479260268286
0.2260701968697375
0.2129274069882977
0.11496453766296277
0.10020423680436596
0.12156504918910166
0.09607059244607989
0.11426289027606776
0.040096767107378306
0.06495756728157003
0.137900706171203
0.053248260004516275
0.09385054890748419
0.14857964348692104
0.10763022936607425
0.19049107461117604
0.01830444126577688
0.06991535688777079
0.04740758724388841
0.0837326708028036
0.057160483389498626
0.17082382083529407
0.08326604668305417
0.10947508698896877
0.18923851366938124
0.3196815522997149
0.1372223346963698
0.0740032003978063
0.16541141971802845
0.13095745152514904
0.10009087139118983
0.061180359073747956
0.05848515383546355
0.11565405333779478
0.12177861862268133
0.1647801948077737
0.1426365983708108
0.08043116801118802
0.08689911697617056
0.11610082448573436
0.12222668560192154
0.1721376178026632
0.10382948475916469
0.06298383741138835
0.09930182596553648
0.32304696724508025
0.09979688219363396
0.07231178932453253
0.09755055054219484
0.10773739960995901
0.09765031376659496
0.10430799373989905
0.14001689280049437
0.12626367975858976
0.2662733234264564
0.08089980081292825
0.08422088118044851
0.15675552053932237
0.08611518273919272
0.09250671726345129
0.10246351051616903
0.11163663913621864
0.0710957402824665
0.2009253010058374
0.21073876631842778
0.08323713154465862
0.11781259379172275
0.16271250437271034
0.09459498818828954
0.09509407893029602
0.07183462682003791
0.09702961287358292
0.07365301787803283
0.1559003930733897
0.10732601276828607
0.14786109124920804
0.21834946215915646
0.06405691292174026
0.12954819279413943
0.03817107833268411
0.18746480714775693
0.1905064288751474
0.2601573210339837
0.0631488546683927
0.15385199061014979
0.05964568041480481
0.08350469931752771
0.1403658476195263
0.2264440599672927
0.10838012805625813
0.07847452888079601
0.14305127167517406
0.07683695114997925
0.23002471966097085
0.05672709613403237
0.06994103124066701
0.10873396671790504
0.1204864090335165
0.16195945631264283
0.10011289664687266
0.14066815664378854
0.06169105238923011
0.2369465307149109
0.07622925875817832
0.23051137834839308
0.05672886319525822
0.1936047809800665
0.08635443636178768
0.04243578226542728
0.11223859374958173
0.1555849722265217
0.12955835242449293
0.08594197405502449
0.16608204639067736
0.14763985423727416
0.10582351245458277
0.0773724148318835
0.0810579530182254
0.15807636985682585
0.1158590787643746
0.07210270983923665
0.13312069984334907
0.06090559905365909
0.01888877322465636
0.09760501035564668
0.10198768671666372
0.057372435360136746
0.03563579474996527
0.08664626685018585
0.020047033282888604
0.060852156674164354
0.04680447688233246
0.06818400328967325
0.14496177795099732
0.11302104477241176
0.19913018778484173
0.0649026527369346
0.11816619422152094
0.110011530457081
0.16208439091455717
0.05725521084112161
0.14427794154752951
0.1030333302745251
0.2231711735258765
0.10307540641846667
0.06813948271894482
0.10313820783984581
0.10211526887419925
0.0908653205355367
0.07278168076821037
0.12160987081885784
0.08973043901035105
0.20438917183153663
0.10650220777310311
0.15162722885028906
0.08385065661931237
0.12171461373053283
0.07163485620175142
0.08692519248498995
0.18001575427664868
0.11344964411103341
0.10714919753161842
0.2493235093686982
0.193109137961987
0.17578416703738553
0.0874734766042123
0.1513529911944346
0.15296754268083912
0.05309022340269511
0.09003469557176769
0.15591021149848008
0.11757884235231046
0.24513156651559048
0.04340311211807275
0.12116008703980574
0.08673014055834495
0.1868400005122492
0.06603267691594934
0.14214548183966677
0.1395496805271972
0.0727242916730292
0.11468331633623453
0.17411810077702414
0.11757943971326125
0.13369842274676735
0.13243801919322595
0.07500798305235716
0.15700362901688658
0.18525812970966266
0.1644458444222042
0.13339539496511255
0.04708954624833385
0.0486259261035755
0.024097094938312243
0.1197014535930622
0.044320460437333065
0.10956093468981555
0.1510589456229265
0.05820936970876912
0.1371280218996548
0.05533335382243315
0.06661832034045023
0.11189702504095182
0.1908755336668504
0.10542849341920492
0.15226915422635168
0.10768678560123399
0.07372366966843925
0.09236499451879973
0.10292151541064451
0.11280318105418509
0.151901976766411
0.10648183813767519
0.16403104014985742
0.21232686781400473
0.14526173366198022
0.11746393210196386
0.1255425362969719
0.09392446220139705
0.12167522149483131
0.12539340677379754
0.08944429617136926
0.15118203430388205
0.07870269485565114
0.15123400899969514
0.22964433158465125
0.12290960236976348
0.11895934031527783
0.06995413060384875
0.10567822854168671
0.10558404950262096
0.06944019133499373
0.0872451050081804
0.14699111038710438
0.09891056704772529
0.09458704311060243
0.08110795644506998
0.16694343448860202
0.05163756245125654
0.12287700119322358
0.07991477235021568
0.13694977666159996
0.11231093419396365
0.1688992109407267
0.11979115484277819
0.048212365442324594
0.07932646892297171
0.133853198937259
0.15059006520522616
0.06814647952399229
0.11305930997444726
0.08661275424165553
0.05906541923472375
0.09523320382735448
0.07632511376402921
0.22862010004333974
0.21550495203731107
0.14364869379184572
0.17641557687039908
0.152736033280951
0.08865569560026912
0.12525537304185227
0.08153238087100415
0.1594708555360463
0.11274410845104103
0.12760229134211312
0.19486238113872992
0.04579541200619397
0.14578073973678768
0.16630801749133392
0.15460964683320388
0.11398372441963567
0.1381823394478986
0.10281487029535305
0.13561230327621734
0.1574448539948302
0.14598821097838632
0.10194679571235525
0.14133020812744584
0.10767518731595481
0.10883712968745965
0.19894582016088036
0.06540336005231842
0.08001025625715594
0.1029797866266013
0.1139347856084289
0.11347471557390762
0.14010389344766747
0.09242069581744985
0.07319918903527287
0.1583870991724528
0.05827455558955025
0.14565023022186074
0.10999615657599023
0.13053662077714207
0.1698306599888908
0.0748998023809423
0.14249547564928203
0.19226924748777693
0.09104198736921364
0.07338351567507592
0.06492396612891811
0.20233847401107313
0.11686224785386619
0.0963999009428573
0.07915050314540789
0.10831752387046202
0.05296826384475909
0.07569289021710726
0.10907270227894471
0.08830667992600338
0.06133777799996373
0.07537911863512166
0.11700572854825707
0.14284134392062872
0.20182399505228854
0.0916505090391803
0.17345119310788826
0.12634515140088715
0.05666206304784438
0.025761181921064323
0.11814451771926393
0.12943649553923242
0.08231710447293066
0.1483148814723427
0.10267358211216346
0.08117687957304047
0.09690867656832244
0.07432070337806376
0.05533681863093611
0.19308914090819193
0.09038309092089644
0.22366825907560547
0.132577130086169
0.2086296337471952
0.15270409365599696
0.09861045684439303
0.06167421327812505
0.029573714395217967
0.06550368285774254
0.13328968567117525
0.1204642946653701
0.07306261810569821
0.11774487322161424
0.163200557827795
0.0869216765919496
0.15259272586468245
0.12976448557420167
0.15586174947181447
0.08780303235518538
0.05723858481487177
0.15790147231406657
0.052155266712263115
0.11328364736122525
0.07535769019106732
0.04267846710183471
0.08839926653005387
0.02998258269616084
0.13279967535834683
0.14912269903780004
0.13868771018901344
0.05578631189310499
0.149378106682509
0.03447027543216973
0.09690943880181
0.08797850399051567
0.13745850392746087
0.07995268337493691
0.15913528858633647
0.03972207486082546
0.18132770183599528
0.09996815354826936
0.13739072776285444
0.10343383141516779
0.10269234956136185
0.08171009098071448
0.07359127778736313
0.1503033824896989
0.1553916704721394
0.15971507207987032
0.07794907689580585
0.16839323173887188
0.14780452510642617
0.07075839199698332
0.13522325174139932
0.12730757265311562
0.20536495868976257
0.1354300808414887
0.16028202676157713
0.10831212327414565
0.05019730027443613
0.13534849321727305
0.12803481138511094
0.12306478841371113
0.13792947089811666
0.13920827549920875
0.13631412255387357
0.1683432135659414
0.11502826980636184
0.08267672099637545
0.1263170031787014
0.11523853929565661
0.05819873229769442
0.12096644662824985
0.09639588107954469
0.18406642423116085
0.06621798542212623
0.10589151259835472
0.11272046627098706
0.097869155608385
0.12501690424468304
0.07370198096792077
0.11408104771787157
0.21843864414106945
0.1018324668466026
0.11610629782213913
0.10293160279819329
0.1577840782295347
0.16679770817323797
0.16378366455862947
0.05872467047535865
0.18060100223366843
0.09114898526712209
0.16749192304729318
0.05650869419972105
0.05493393472520268
0.0978571462750583
0.09825158410614693
0.05919514463518367
0.04717802215702181
0.22066378951848648
0.12157766337021854
0.147090360247385
0.06835601618306948
0.1600756120128156
0.12139725785263135
0.11160645341001334
0.06425606694908202
0.059493417097607956
0.12452676476259361
0.07438966305608923
0.13618192448448815
0.0625804383127143
0.12149242947411917
0.11137132111819631
0.03967602348008778
0.08372916689022669
0.14558012810168772
0.08813311301337937
0.17254644744828462
0.17588257366978477
0.14123654746860373
0.11719099289783899
0.03331627110208961
0.2340177102211625
0.16942947639320574
0.19851396583247122
0.07689724784624502
0.20306179990491022
0.11554468270744575
0.16861423839290182
0.034315026719614894
0.07856938666489073
0.1384154225592693
0.1131046120336064
0.12132254331241224
0.0670213226321387
0.15458531366432282
0.0425680546209555
0.1108436571831695
0.08938725332088975
0.10307672159216325
0.09299814126769644
0.1027513102918466
0.12246455678064774
0.07775127806416288
0.03702300578116141
0.07793757283256242
0.10937427001476978
0.08640881002625328
0.12797512637771494
0.1461976021006979
0.03198812635086163
0.11357900825715458
0.1300692957214331
0.12064206221495158
0.08533036157205971
0.07518061445360388
0.11623872598810753
0.1136032237352154
0.12378032915721525
0.13918418058920376
0.10674224731323216
0.04338704563484089
0.17522969315717846
0.0756280881024807
0.09630810100020269
0.05247166978748875
0.24174804786086865
0.07884683236322004
0.10223711464135793
0.12445474274533004
0.2204861320215026
0.07618162462933392
0.13391017028698615
0.18735356640281506
0.09084692629064497
0.1437835725956182
0.09820691904583521
0.13137384799143562
0.0918828322049334
0.08457537613826357
0.12429386261506524
0.16648080583456598
0.05687138443953129
0.10526279701022899
0.1154949309316758
0.22077882491080517
0.10484797772336574
