0.0556348797067191
0.15129308762155375
0.09651606075464239
0.13445362003500919
0.06959960472027195
0.12095605756065032
0.09781210800936661
0.10207120528470551
0.10168918111795205
0.15041545848557394
0.07749074415552666
0.13181434839160047
0.07150931494382393
0.11103118806415252
0.07601133969492556
0.1605004042970151
0.11594946061011797
0.1021730287576236
0.13571502970735094
0.14357707637022415
0.12301940088586219
0.14022830939628783
0.1502649114557226
0.1113149913989113
0.2347638424417176
0.053031978361732506
0.23586245884032403
0.18687278534516671
0.11099194364147807
0.14814795357225763
0.07992295192549277
0.04652072932099463
0.08499923177389299
0.04616807382650089
0.1320743508106168
0.11129682660953683
0.07164307561571136
0.13814444576345944
0.15429740296995417
0.16768120860687183
0.21710841729208089
0.10117414756466912
0.149820810072996
0.09629967855502297
0.12448297424025168
0.05595950355303398
0.10132142446959362
0.09865016579723726
0.20730844846796673
0.1354598002366735
0.12052933280114247
0.15082163850251548
0.1297045271883807
0.19814278100526134
0.07949843778742688
0.06500781236224656
0.09226691623618649
0.09323710001282823
0.14125040830499694
0.07577356040963103
0.11999268909024041
0.12586601408673526
0.07321812810963217
0.04152568499131088
0.09566606142785375
0.17936441191042923
0.07085795507464944
0.19966883272964275
0.0337184929548878
0.09510675142881443
0.16206746946863612
0.04448793146368686
0.10442468778252247
0.06803516733172113
0.0653895420767541
0.1540562692351223
0.11881728920815059
0.03623700646512615
0.03658011110095787
0.13148249990265498
0.11327405847095659
0.09081723792299329
0.12067193427149508
0.059536393781701065
0.09397118967801169
0.17277976089286523
0.17918650789753643
0.055949177546255675
0.11671827195391271
0.11314910153257923
0.1438743648713866
0.08547138005728842
0.10518009848287503
0.055270796153501896
0.217205650139881
0.10110409617326177
0.1482312392837339
0.11651991355563251
0.19436347877062582
0.16110778490017835
0.32327840988326245
0.25891254450162704
0.09866928642450479
0.14446696081112592
0.11335901277093433
0.07013969168384157
0.10221506323931553
0.13880697725505942
0.1396958853532255
0.1646109677153596
0.1358458617845865
0.09666601942351236
0.060130355383576445
0.11683411143126898
0.07820850018270457
0.10514574863464221
0.14005259170712647
0.09377999396871949
0.07608564273615405
0.10751072852117056
0.11950092855915452
0.16783477323294108
0.16675827198000845
0.16930638970990958
0.10827741681385693
0.09322034596317604
0.0884963088556569
0.08865580285421247
0.1387044324784494
0.08277884521378051
0.09992597168046082
0.11620492033535587
0.08277149354350324
0.0625036071264809
0.07549272803603949
0.12953150823630916
0.08774980754883217
0.1794684843504733
0.040629942669946004
0.018823802282842788
0.12605864884713658
0.15646005799226345
0.05439688364742389
0.08747842424729184
0.07560756642520074
0.08210566314002579
0.10471484792369778
0.09877061074549158
0.23226410173653436
0.1318644535669388
0.10429451753958631
0.17322152329775795
0.11349854978411855
0.13275180268987027
0.12696491529752785
0.17644670758052844
0.09350488396407049
0.10025617610999826
0.13778547562639737
0.11511173289124407
0.1687058664251283
0.07369467034677894
0.0712491283819017
0.1834000843279498
0.06481947941287959
0.07901967917947823
0.054608608986704124
0.13624931487399083
0.08947070531566222
0.21015859390103983
0.11514779913046981
0.14413665792447253
0.1589717308792965
0.11779693634213448
0.12382390407676523
0.1020930169883947
0.11295292261601715
0.10303508930267312
0.16527588583767186
0.1110421717340281
0.11842247541814246
0.1383367455954117
0.07489181345173154
0.12888162672669642
0.13342469441971927
0.03803648851745562
0.08574235879501849
0.04919894266804992
0.06945444369501975
0.08067296150802765
0.10851662936236547
0.2270765376767291
0.05753720970170167
0.07707271201868733
0.1972394423297914
0.16021737321768906
0.1532449352683885
0.03956016960540941
0.10866044325300879
0.05181980522981947
0.08461174687402831
0.1492284196045713
0.053999618066464784
0.12264445140835092
0.06989135350505517
0.09712454567066249
0.037612757601924514
0.14059645495977238
0.1441203347255577
0.035640563246508626
0.11605775774955496
0.0905626994093287
0.189088850119747
0.1022091979052688
0.10076723121450758
0.07732849555005136
0.10234404509678281
0.10663615049161138
0.08582899460529053
0.07981570749677955
0.10993770643176742
0.10624320061513134
0.10037729726890576
0.034875654390270475
0.14923678847449703
0.15589096188356086
0.17617259270279775
0.09297056501576195
0.15945113509582035
0.15862943396362852
0.056327889296328
0.046645748501815486
0.06959269876776451
0.09609057080501783
0.16569346196293822
0.03424355593666786
0.08266666284732319
0.12481903789020982
0.09602712476006361
0.16280651559097584
0.1073572964984873
0.1222094752294118
0.12298546827399005
0.12866878547242575
0.16517730517797474
0.06381885333051311
0.04344449847544276
0.12790960716769575
0.09616367159381348
0.10346471221757987
0.1542467628918487
0.08135040881958587
0.12267092808158425
0.06101284669638693
0.06095593622048195
0.16102076832060222
0.1421949057380171
0.19110042302172492
0.12323479063433515
0.0815320047435593
0.1496857513471138
0.10414793055110677
0.15075390882055517
0.1318988310869939
0.060274886443962485
0.09929818078136919
0.16425327161109754
0.09626123510223818
0.08532309621317015
0.1440159995421711
0.0794812746105843
0.18746471350408733
0.05058072494423381
0.15108072737040135
0.13130145719313666
0.11510995323160589
0.11807539495550816
0.13702341811583144
0.17668401484198742
0.09993309042269678
0.05593762338900239
0.09132855236402204
0.11974099933129577
0.0731276207588993
0.0823568757143898
0.14821005928151865
0.1034127627184539
0.2021269833266951
0.07603521714092339
0.20091618385711696
0.16225246457829587
0.13012695440811825
0.1324017807853194
0.197503839970105
0.18810802653565953
0.1546540347279061
0.14439916718225826
0.09269635114714404
0.14581240035838258
0.055613658182105355
0.07214256244469444
0.04144984535258708
0.04615817897803793
0.07623470729131894
0.11808928618652254
0.06674731530897832
0.07808577488965686
0.055126391869794594
0.14926416785685295
0.10359687431985183
0.06755824944979487
0.15570647421731412
0.18786240714694782
0.02944878735967318
0.0712140763966708
0.1345948929597055
0.054864700273304576
0.15483281553758407
0.06111590577764658
0.13174752727431582
0.11317117904056981
0.17830201938682883
0.12269523220501456
0.15002410912948527
0.08951989834733463
0.1250737927701312
0.16274810295034414
0.07003743670962287
0.22381005984162608
0.11820726267678804
0.10770954867890986
0.1480547676481053
0.16998950658124903
0.11858322584365785
0.14250302542163032
0.10822149779666314
0.09331906150078517
0.1155667594977414
0.04956028819331775
0.1020324689021374
0.1172351703688998
0.12355573089854666
0.10558047098071269
0.11175381092059503
0.10673520592233152
0.12425156072373097
0.19667506403838228
0.14612461397490506
0.06404760266030189
0.11198046166641565
0.14574641991670093
0.14721123490683033
0.12613197092562672
0.0753466172217819
0.09106894362382044
0.09761206973151218
0.061531191773395624
0.16504171400609027
0.10810128027812915
0.08844992365909873
0.08599826243223531
0.13079735802586726
0.08483416218802722
0.08973407202307201
0.05528331613429535
0.2114956635239402
0.11207164606574727
0.0871001549968849
0.14256836774510684
0.07276989680680403
0.18464959447148896
0.15790747780721676
0.07997298382777039
0.1129680215479306
0.10304876757164115
0.057470525531663666
0.01973563101310063
0.1912885744850876
0.13032550529942227
0.09172662642588589
0.2262374556170509
0.10471610023751342
0.12758710455313726
0.2040943667734395
0.08947371080250789
0.14207605587158123
0.06361161303590569
0.07726520827892101
0.09893995804889053
0.18007755031248066
0.04079166910584338
0.14378091029896553
0.10846535663711522
0.18090965917256277
0.09698617835491849
0.10719749621711143
0.09789068830726268
0.11363228682945589
0.11777228850409782
0.055323285622728084
0.13811040743349293
0.14809274524829746
0.034648477432462285
0.10335964258246781
0.07553149543259653
0.09144899595028097
0.11955082429573641
0.1464404182122172
0.1636460889520683
0.15282422818961502
0.1528186202408864
0.07251389525946596
0.1681957002774219
0.17893432675920667
0.07804225749186643
0.22243242587219136
0.05441497810042358
0.07591101456949416
0.05760301593330735
0.05978396321514022
0.05727991812485141
0.13551905804515707
0.102658429995651
0.1477231562076119
0.166365162435241
0.059830784786065495
0.062353076388914845
0.06598029867437033
0.19230588232049128
0.14060641090134987
0.0853069064362411
0.013484415837835748
0.059478888088267685
0.11510138558620325
0.1112378166509641
0.1507250315301043
0.16985445045395423
0.16516881164283073
0.09384329662325774
0.1569789746151232
0.1416745681867584
0.11868662619063099
0.10023736080148624
0.11674814848107944
0.12883857099437337
0.06672884236712519
0.14061359580607408
0.11993587242843295
0.06296083820231306
0.11081708629753055
0.11514667770344819
0.12020105786912798
0.036704948253334334
0.2120350133432032
0.1500487233977207
0.08675933637009925
0.1288914579934886
0.17905199879480158
0.1241424143143223
0.15029178454558903
0.08948156907447373
0.08841803805733701
0.08926314161697115
0.0823316571320568
0.16297655242739073
0.058894336242309296
0.0805987945661669
0.15104507239397302
0.1255587379207568
0.05615433966877384
0.10841977316619668
0.23688567822760623
0.06369757707807025
0.08998078640838972
0.017893973096497772
0.17135155658983384
0.08542802695094359
0.16155429098031185
0.10427535836074646
0.11443651055327114
0.10620025378226133
0.06568671959241386
0.08357818478853112
0.1654895889758947
0.07959254114080587
0.11302590841932318
0.08731539705957184
0.11393954862804058
0.09917838499877583
0.11964199617616963
0.07690494744505766
0.16545440454225832
0.1292446008012524
0.08850350608067506
0.07507434903411782
0.1326481621709489
0.05231383122895044
0.08872193412143553
0.09478588133762933
0.06267701779370734
0.04030175474504697
0.1323667629514655
0.0991554426394384
0.1558222197837448
0.17587365093692975
0.03939597223946136
0.17571272798212123
0.13478949171539925
0.07663750814251416
0.07275897770391662
0.11234984242058381
0.12050894460372273
0.14521490924970823
0.08737784157394429
0.04151127475524286
0.16446729291621343
0.19149659414886824
0.09842424320620619
0.1253807022543125
0.04290872543538887
0.0725777570003933
0.11223710517629017
0.0645738872800115
0.15424323559430556
0.11379781284651821
0.12270640117944903
0.12188231782822607
0.03760376603401837
0.04613382568181347
0.14132771250689372
0.15289785190894153
0.13610008825754072
0.11553847799771477
0.07209986437464254
0.09202138294221004
0.1150265581928704
0.11287991891123261
0.15876246790372697
0.08395852464138959
0.10686349018736536
0.11759563286352309
0.09872212026278503
0.17458680885340644
0.16143349447401922
0.1001792638363072
0.11425423753463064
0.10088457397110014
0.10204604507547468
0.13807207186584985
0.1289805948475947
0.12481706790677562
0.06491196842872511
0.044471483420641215
0.08051278237312394
0.10211975291482528
0.0695891328311523
0.04239086221822095
0.07123283818115728
0.07023510095902445
0.09751665197599442
0.07357028119238138
0.07164769915833445
0.12226365680183643
0.12767968326208992
0.10310882870555382
0.19695835759780853
0.0996857367860542
0.07613949565456851
0.17179815765637707
0.12426973262049007
0.25794237159117633
0.06983185824950344
0.13624445029645485
0.205911595720999
0.1351436666734615
0.12291684655852367
0.16415241054895663
0.10183956645642857
0.2033230664547782
0.07471100250558937
0.05152124632173225
0.10042238998764201
0.04587607393325915
0.05091336261401199
0.2188033341862335
0.056875548946178946
0.05900510937858614
0.11504217060565307
0.1300960365539305
0.07721324812496046
0.07368775950878743
0.07860463603337538
0.12499164312305441
0.1782698347189742
0.07718387994967435
0.24714881339693962
0.08607569635496405
0.10646870818181801
0.24420791250541335
0.13531873231360217
0.09013710725814872
0.18220383664901482
0.0923986377014086
0.08321207531057266
0.056047851674971755
0.16949096324604598
0.14276695185729335
0.15365482297025954
0.16760233578116832
0.05553974362831672
0.07034148661646464
0.08543320670352818
0.11279299467061903
0.05395711211532504
0.11193783902480905
0.14544195047020306
0.08266776373322743
0.16626559933598653
0.10086815378736563
0.0779307750945361
0.1365288633653685
0.07012579123993919
0.015405356648497773
0.1284100330375886
0.048263195209246434
0.11163676362944841
0.0830548696115462
0.10637430425775352
0.11283766911235099
0.10704341733627754
0.034747701363740814
0.07642760564324774
0.12183831085568911
0.14434196507860922
0.06594773340847675
0.1560366797802179
0.03889849313060016
0.11313652289061575
0.10905112424231538
0.0694919806233144
0.11065564205198454
0.07571303708447939
0.09364730415948065
0.06980528953190725
0.1292977090857657
0.16744706639607862
0.04680445674267853
0.17936713679894983
0.15672721322342548
0.07199909408592937
0.15947455738631375
0.22202000159264207
0.11484773988844621
0.12816131412757392
0.045061822113516635
0.13252761865551116
0.0902340872055302
0.09180144826297763
0.22231915554417905
0.1547057220328931
0.11795602661982979
0.15232988450593907
0.1306357173609771
0.07978374482197725
0.2096973358943939
0.06409746697256288
0.1666003993508104
0.04872648234717601
0.11924040704783904
0.06204101447021066
0.10960612659124519
0.1810861025467626
0.1485311016913474
0.13338410866396783
0.1450090311225491
0.13007268404588948
0.12073426859806892
0.14736609863341696
0.26889786237863444
0.14390873936329063
0.07447640638354627
0.11114265734165545
0.1689144239844711
0.086976906738551
0.047326473812159084
0.22905700794997938
0.08309847096626995
0.12281285919017709
0.08383940542761162
0.09428474624240529
0.04755033025260575
0.13587652168336267
0.05626840095209573
0.17075270299366072
0.12075920333995005
0.0749149497250939
0.07322690461805115
0.17115067850303384
0.11425780683523815
0.06760883490405609
0.13628366194158134
0.12290668333242818
0.1153868430115096
0.18480475710203775
0.0413348350836628
0.05143070762155865
0.1474538438265584
0.24036730905751771
0.101917244813218
0.19212384561542067
0.051282894810718654
0.09799392132171018
0.03953051484180028
0.07543743699115969
0.06296274940640255
0.18717475306278702
0.10233824137987926
0.07499301107070644
0.08458625938766677
0.14118787434393917
0.07763688546538024
0.12497183865519276
0.06741370104071064
0.09631639189841561
0.16837231233518896
0.21632589538291194
0.21411492431649456
0.14190998448401312
0.0971100181081885
0.12340797897398431
0.19714647955691578
0.05612687093095632
0.10723201039939982
0.11925134414133241
0.12069732909466925
0.07896559096401885
0.1289905780861892
0.12454548418755722
0.09644359465925426
0.16490365070179774
0.04974077925205208
0.05710837216695407
0.0474598427208891
0.1735961561653813
0.05981810180054864
0.15448047339931595
0.1165037101709971
0.09945204091908738
0.14252434623387222
0.06899716672152542
0.08703981215272444
0.07378994323975328
0.12514744334640257
0.04218831720674832
0.1319357416737644
0.13309119241004375
0.12159744378701334
0.1328937159778173
0.07970771654385657
0.10850881609870933
0.08758615327794779
0.15498815951566855
0.0629895837772937
0.09829542820436575
0.09973340473703035
0.11314377187990453
0.09483294825772921
0.1710515027432173
0.05218399530111699
0.11576540369198891
0.04339994892479612
0.0622796712272069
0.12621908082185898
0.1257034405719299
0.144767484187451
0.07935832139688098
0.12075052081777975
0.09087426085695847
0.15514186445942849
0.08854889114722113
0.06474075610319603
0.11210036516420786
0.13938140122275502
0.04931058848891675
0.1394374838410336
0.037741121481119425
0.11265215664489944
0.14581326032762632
0.0964433987856319
0.12060630484921762
0.0765416251725008
0.05834725556918524
0.08622428710910941
0.03901411043517723
0.0804257411667589
0.1499946796400284
0.14321832391503897
0.14159020152132434
0.13132368064986702
0.07620131966718988
0.1136431596102006
0.09472507552336445
0.07475273535242963
0.18881064903650976
0.14045303173788246
0.1459398432698852
0.0725819426157153
0.12910408607466717
0.0860611408017886
0.05480287547528769
0.13888477655492956
0.11066356719617089
0.06191161353031721
0.14747934315539918
0.16791452327936252
0.10210190102262544
0.1117966338488693
0.11107355776706518
0.21990950690831262
0.07594652308025099
0.20184618085101272
0.10292720704400649
0.039765610469031584
0.17560310691222683
0.08911751079478708
0.05656394882736325
0.09757688104428786
0.11169647477543942
0.10933380343570169
0.1449616361296923
0.12007562176505517
0.07222539210093458
0.09028804905761256
0.031758019430805036
0.1896234660189197
0.10026289509344662
0.058912446747049575
0.10584998431222002
0.1817856458057571
0.15848744682411775
0.1076794055932606
0.19077999478865212
0.08732739479989077
0.05950942558336553
0.08265600653571435
0.046402908110989474
0.12356462886448424
0.16438858907923276
0.11606411640438864
0.09804269971085572
0.1817066370729264
0.08498371001048001
0.12410191666944456
0.15370886779591686
0.1010283727870362
0.16871111292510726
0.07270578130551286
0.05870980404501629
0.06174007556557634
0.17742673188848515
0.0806880162879969
0.11046446192917538
0.14317116694024154
0.11500348022702936
0.07061664566017416
0.06849455419359005
0.12181747399965645
0.0881412837563052
0.0432414872120869
0.09013700684017843
0.05823361368321908
0.0968509867855012
0.20175183383939013
0.09198692971278505
0.22529195501168572
0.1194096753855816
0.12152009285818348
0.14989269243359238
0.08676888756719574
0.055974849677888405
0.106531628259037
0.1329870380787004
0.09625670352753052
0.12957235973899142
0.12936551025077
0.0964383387230795
0.15127557834327204
0.2205948721822713
0.11837913507388996
0.10518973672309283
0.18241581455819753
0.07314419081263458
0.07994214425958442
0.20094851337566094
0.12657941224407146
0.13940636151003943
0.15165524072676392
0.15161437748085427
0.11087769054108586
0.17552197400358469
0.06563083739456532
0.1333090585500079
0.06010129984857408
0.1270110534242142
0.15006283664793063
0.07849369516595622
0.1098329400278854
0.1635158039640351
0.09982676469644373
0.0926236696116321
0.13193717962032395
0.13482518258382056
0.11307219051479077
0.09920058993329725
0.08354538079842096
0.14281591590182008
0.17977205900153176
0.03641680176353691
0.1274046300928646
0.1300868646297744
0.08057432350377831
0.11063148416315124
0.14426213908728122
0.08102178161121751
0.12074699997567914
0.11093836110503848
0.08055821884166564
0.15516374253985654
0.10526071555355954
0.06231023414221876
0.08919944660599997
0.06542389423725375
0.11045401218858535
0.14827144466512723
0.102085345297965
0.15421109646903391
0.11170359287843147
0.12676008171060757
0.10650991268164477
0.11553088091493009
0.07910904502209572
0.0871452292046933
0.09878705792001632
0.264864478599808
0.07643362497327107
0.24327176554991
0.03370588811539717
0.22184862522065074
0.0720185073632496
0.049650403411799084
0.15403511001628828
0.11805763047120796
0.1226252140827958
0.09232749557656247
0.10177214536497149
0.11916167854404563
0.05228435328777066
0.13281623317021124
0.03383454978066542
0.148027273195715
0.025761181921064323
0.02604587066618891
0.03904958141126246
0.12140651004822414
0.09997601210314642
0.07320087841483755
0.1123648698754897
0.03938221315201332
0.0956098280207874
0.10859152885023976
0.13650083218595838
0.04790210346680292
0.07409756416165626
0.09513450525134955
0.11176050056120743
0.12169211151902581
0.155846452034364
0.05866317203022191
0.08594775746153727
0.22695226294108375
0.17312905947960303
0.21109661968788918
0.12668439973471812
0.11599079474579635
0.24869830866662176
0.11551559641893984
0.14959700659789196
0.17918346844494334
0.09799508327441457
0.03293211171853319
0.045110499645929586
0.08680629513794492
0.17431888277970675
0.1725931636312931
0.15965585269698124
0.09167791641265624
0.04662180413012693
0.13814694052410234
0.1577943639594318
0.13518489885339224
0.1749629918910439
0.07852409132647761
0.07574089014751373
0.08696360062692891
0.09068236149101458
0.07945685834008019
0.09909789327846685
0.09803376453164175
0.04404225197445771
0.03319330893687354
0.06954238621668361
0.12953737955910596
0.11092051758904249
0.04550263087412281
0.11904479586384406
0.08677131873606761
0.1378221659061652
0.21739072459786826
0.04944398672803626
0.11838435766088297
0.1312481982632785
0.13874582635980476
0.10851483217002306
0.13328619528951732
0.22900940221123386
0.209581433058496
0.07515460803908149
0.15726180034490853
0.15500387403625548
0.16036560593086507
0.06317904343859475
0.08625739250721029
0.13803193604212471
0.19962601639908034
0.08430408890336968
0.09668905999399356
0.12057121923095722
0.11211539509998629
0.13710997559676372
0.14743622935751313
0.15279099304681348
0.15567192006407013
0.1274633674764462
0.09653035601369434
0.06880641261434818
0.14143005855447383
0.12488720120426926
0.18469543455669665
0.04542497872065032
0.0636664915703987
0.14756879744083237
0.10230906722178713
0.08734932453795145
0.11394573212102908
0.14067260084992608
0.11253856033523449
0.1730427390499269
0.1113695949379129
0.07220029405056995
0.06146711776195955
0.16503939319365712
0.08290752993498939
0.06120980914029063
0.07063692726652034
0.21496284205025223
0.13967797924393585
0.1413332458569326
0.10916305313565687
0.1075843839681133
0.08991417178524899
0.019415365663234197
0.06766947776872957
0.12105136702890863
0.059523726334748145
0.1489945508942202
0.07230074952996535
0.13414699349715453
0.15034245909354935
0.1281383934992225
0.15319522263245292
0.13627617691814126
0.06089085039686722
0.04528868984436172
0.11537920674783693
0.19235584188424723
0.11876853557522186
0.10810127692924276
0.08672766511411129
0.1290027247588786
0.15312562893514828
0.11203217345794463
0.11807760178848982
0.14821443295290465
0.10146511612657143
0.04398452601258437
0.07718524213813244
0.10967178976927248
0.08498489926429402
0.10094040986066298
0.11089120285653299
0.05748034783054328
0.047305621734915204
0.10096467744671254
0.05252393824505526
0.1893305244143559
0.0673030818640507
0.06853587004053807
0.07793196704115729
0.1349308809276057
0.0599235220686378
0.05477759922835421
0.12614910459798312
0.16553189017409362
0.14665426155003627
0.15571311835665486
0.05794598641743999
0.20220982062510484
0.1386862857278182
0.09540420868481475
0.05231285063486873
0.0769847410140689
0.08814998730898735
0.08624115579964237
0.16025368604172058
0.16165969101232847
0.06944447846256568
0.17273282539347248
0.028839963893080214
0.09694415447115562
0.10473966048725734
0.1122922862817168
0.08606466927429625
0.05686282036692654
0.11466383752796881
0.06331201925647277
0.10544962375617373
0.06953520063869456
0.12327193345755284
0.04834961307141609
0.09816524280419564
0.17978932110142568
0.043873798979157864
0.07988133401080236
0.13254241839387498
0.06646345827782521
0.11553476392588251
0.13794511523467132
0.09427148360423368
0.08726386522913207
0.09065283872465597
0.11818031248117973
0.10531300861015118
0.21145717843717754
0.08042126805751355
0.1339658024179406
0.1550615516555665
0.16298002443057316
0.13869843295104284
0.032331947576260435
0.1063132312363073
0.057857799253507994
0.08647306860395945
0.13264259511156803
0.11891657972030414
0.08231357665882102
0.16256820530339436
0.02334104567521949
0.1475896275075517
0.08085295544874065
0.17731996922213972
0.14155736492906176
0.13854294472096207
0.09031045230277251
0.06233141220633128
0.21978182243439986
0.18180073370711572
0.13433135159822382
0.13255364721153132
0.08038674549340341
0.06578623052701701
0.195698222605103
0.11803464827876443
0.04300554654534063
0.19047206242230263
0.1456093873310487
0.17488994187491336
0.09767763938818658
0.08819216742063579
0.1542185871249181
0.088639945747602
0.06879534238458003
0.0980784749587304
0.11998645181766773
0.08984176744171161
0.18556388124126127
0.11895263914022608
0.08028492654408954
0.1468254842334515
0.10390006086638362
0.13766664148075552
0.11739416105967326
0.15781872321645282
0.10456224981171718
0.18569324689501318
0.20559869633971284
0.033113151000086466
0.12014473277661852
0.1375899741822091
0.13648302762068296
0.08284431839905482
0.11847172593339644
0.0777589988160709
0.10546471403777341
0.19693980583107434
0.15860774924912022
0.24531910725178016
0.11113511804236256
0.09604072353977208
0.11673319235246643
0.06482483737708836
0.024069635162481236
0.07333686569568042
0.03765931009881377
0.1869178476841545
0.15306241794842915
0.13987347952144819
0.16126223678925228
0.16993708041404357
0.06638114513736507
0.08996035537036949
0.15313730020292202
0.1521573758449781
0.13805766130657993
0.12037556252442916
0.06953127044511506
0.09579126006611181
0.0932887817006844
0.04904205491371574
0.18925594523310124
0.13630359305393663
0.16965257006102175
0.12753931617540865
0.062042152167600756
0.07559111750797508
0.18187244811169517
0.09548897997801445
0.1895123378159385
0.09568829032614193
0.15703812783317542
0.07065702998544751
0.1152712372616236
0.09218392355872065
0.18779378702262695
0.11463757997208872
0.08544057444154071
0.1728378587823984
0.10474157568713142
0.08029283327057116
0.14821737208248675
0.07545976268568944
0.07310068259538086
0.12590593668814196
0.15519844506637814
0.10691252563253775
0.07069375609793144
0.05499355904605911
0.07517787328976226
0.21199087820219764
0.2250041138279744
0.09437884505763158
0.09903298620790289
0.07240610459982097
0.045533566117633546
0.1865857780604108
0.09684695131996734
0.15178406855404475
0.1311254004861975
0.18840099393726814
0.14523423084629283
0.11516186566612714
0.035621154349352764
0.05304515283564458
0.0821417419049304
0.09627057463833105
0.05333109167831573
0.07184210671291529
0.1691894066007884
0.14573724546698882
0.31917520914613884
0.1657801983673256
0.12158852682216612
0.12123693944310188
0.10339137573894305
0.08767113652449046
0.07737191324547653
0.04244404469380674
0.06593295777861174
0.13045930019434407
0.13999277912282343
0.12175181440717607
0.132378378997438
0.09242114983283452
0.1340239037170812
0.10539863210452412
0.13271525676475823
0.11308220046520631
0.06095790802483559
0.16447815893803347
0.06141716451875061
0.09969119858443179
0.029532188633204393
0.14298436450611313
0.09632282501268802
0.043009272553174424
0.1785884870970909
0.18132239405774814
0.11517370959500688
0.058887906964928564
0.19724326747478368
0.15148741699431603
0.1673892297605066
0.10501046738469412
0.10439776364539055
0.09997435535255947
0.17681984685271634
0.07495128951235731
0.07442874688413871
0.09519949578419416
0.14097540129904118
0.03507446078949622
0.12499615414781143
0.1049253119009165
0.12011708881953298
0.05467289435752316
0.1222227299749442
0.08558165668616731
0.1159478572142808
0.06636594310987556
