0.12251375199111869
0.16608598325622007
0.1642583718162938
0.11327586914923644
0.1512223789970966
0.0558957649631993
0.11618552886956791
0.1540779346267871
0.10009009991647586
0.08008350152839548
0.16860087526566675
0.04987176343678179
0.09003223394349763
0.11105693931514429
0.07988453913907156
0.07868670336667233
0.09504308263213299
0.04915584788180091
0.025761181921064323
0.15542433776607414
0.14302063564715053
0.09387384539671795
0.16977812548994836
0.13882850371193647
0.15343869422219178
0.09059716419913678
0.17493608903404467
0.11528914910650231
0.17157657149724942
0.1132966918556421
0.039421069651684106
0.07165221403879313
0.243320192490858
0.1460670772786732
0.013577805412630078
0.11531721925108894
0.06758665756411313
0.0967865131242232
0.1736180156725367
0.05249643946636877
0.1326506479073269
0.06466174268560529
0.16578809230120567
0.10666517338265745
0.07762737297528272
0.1121697286598197
0.11547048839199281
0.08544870681622668
0.16149939795440404
0.04621847832259208
0.11951642200541321
0.10708719868331852
0.07202297255030592
0.07754931788694429
0.06365418889599049
0.07281949233253449
0.10255098305974233
0.08792473769156933
0.060506026719486995
0.10241510242544412
0.08976568529087482
0.1532614408419252
0.09563294297768374
0.10560302601461949
0.11567765385911563
0.12024603825503138
0.14335047285209343
0.09655593456507307
0.03643744838660807
0.22906974135174052
0.06497922828223433
0.033218736653769926
0.1974745419500954
0.16071561049446045
0.22428420748745626
0.1336778237632205
0.09099430141748037
0.07377832417747818
0.1544609922246419
0.05696147854200903
0.11525724809677865
0.10219053765598206
0.06248315683203209
0.13045395635458654
0.11364216126212369
0.11218556601638409
0.08604803033963068
0.1382020004890657
0.14094188373674182
0.14286671494868908
0.10628577260622968
0.14147021309495308
0.10860572017279202
0.11913607104852725
0.2347150074460055
0.1083189854206933
0.07659170446423338
0.03779842812305256
0.07376473856135331
0.04690599853865136
0.09803377003249245
0.14540895140781837
0.13142650625814611
0.11793888234235787
0.06590262845819551
0.06873243745848648
0.12199128087447997
0.043528674634459134
0.1531128445354144
0.08067968811872982
0.07957360242942167
0.08738887433095242
0.13237872230364262
0.11624244278099893
0.04460303126064816
0.13893458926983387
0.14465989346597324
0.09208644800070984
0.12822351174670843
0.13904030599653538
0.09704822217787609
0.16093078328883037
0.09632972383737845
0.2095011990559948
0.14174417264617675
0.2063692698396862
0.0377790130351968
0.055437211098604965
0.058766050769052246
0.0584977735497928
0.08046301392911245
0.12918694067898748
0.16284280634761666
0.11885992841767754
0.08313680000908784
0.147355300226292
0.06980073247348281
0.13312529834223807
0.11083989943208995
0.10447582286723316
0.09822806638784283
0.06182283167226628
0.19180296380177034
0.1089027006611085
0.03964213847947731
0.17948313108076616
0.11842242241359192
0.08564476380618695
0.13442766927165622
0.07135172490477718
0.03980033733231593
0.06755905081608889
0.13038165257168755
0.16535867854322706
0.1268823448986586
0.09880935522646886
0.08610219447842514
0.12757963728361843
0.06864535423256994
0.05105787394319239
0.1084360980789121
0.08489321984416778
0.14421121763102493
0.12628135262466428
0.06514898610068366
0.0873339885867498
0.16438622806260472
0.1657652812251707
0.054043549921339445
0.11516893806348598
0.05603424754013306
0.1309089100238956
0.06776175935622296
0.07556317670528041
0.10034184351031733
0.06021329128928494
0.1509426107110518
0.14096498643733982
0.04669868919656702
0.16641207031373365
0.06490115014059651
0.14645583095363537
0.09437454828232057
0.15034198723587475
0.06554391585039833
0.14686898499651135
0.09333899934524471
0.11528343168004594
0.10988984813011653
0.11483868257302209
0.058904310629072754
0.21997182702553536
0.11372851330274042
0.11563932699594218
0.17626830915675215
0.18953942089346382
0.07516486264195876
0.10777297650100263
0.12690998735914027
0.08691979717092801
0.12571189409065162
0.10253515142232927
0.09037846696099643
0.21151236921178906
0.1817310186632585
0.17963727019609924
0.11608469558028195
0.08688055986212329
0.07707410372423745
0.1191422058166326
0.06253296291404291
0.09033824368023252
0.07720182669199742
0.09645172102641977
0.15883145729166248
0.056119849492689645
0.08599616841667782
0.09645459269747188
0.07811447824236996
0.1713732987308636
0.16541705214147082
0.08077650011650271
0.11306577379641583
0.07272139100730514
0.16818380825310142
0.07070296432983898
0.14435073259826314
0.0896253275736409
0.05959092528119773
0.08774770902629998
0.15105345267577858
0.05638558839223994
0.17837861119628082
0.08932579847145715
0.105034826243377
0.07317189419442603
0.0317746216019805
0.07593447681360457
0.14438452361448972
0.03946236780387444
0.1276137219496305
0.08970887623738379
0.1530800601636645
0.05153056823169624
0.08748104091025109
0.15513247196743682
0.07310072627340575
0.11680914955677436
0.12012355874625796
0.2115692242775542
0.16660374575001347
0.11094253235871991
0.0936166441484333
0.04515057568337407
0.09587548629497836
0.12528937524994713
0.06119056324966387
0.10409104510908339
0.06969107056672878
0.04980119265924855
0.04631657743034797
0.13576564692092005
0.15464508939138955
0.21068923707385118
0.09701405629536834
0.12123857059049206
0.15447977751767028
0.07619943800425853
0.08811370599165039
0.1858683805998163
0.14010650259159416
0.11101579112274661
0.14308940568052494
0.1359791126677592
0.04947346257744205
0.046056285624452103
0.07827569594170682
0.08630774452925147
0.0884533104203663
0.1685285626719312
0.049387164594249376
0.1477298099529161
0.05285491913260551
0.13211255265077912
0.09772905660526884
0.15512240236225383
0.10067229731801726
0.16210644951907854
0.15042299279816898
0.07117368023322505
0.13651754621117454
0.12549565008584354
0.09541064377431764
0.13294546158825712
0.08617565024260514
0.14623944054307683
0.12449338486724328
0.16038677705658277
0.09918615726836338
0.04799312463412704
0.09665320999542952
0.1156700257942173
0.09258198138623137
0.17323005028869642
0.16786450285822746
0.04071744878973294
0.11500066059486858
0.16186652137536614
0.04551816581919855
0.1512699622611332
0.10784415807243243
0.08423094168721537
0.1514484318724727
0.08213569846488569
0.07607350463539281
0.15428208975384297
0.06315271261398121
0.087269563124315
0.048309348048312946
0.15042616868548392
0.19293781250163086
0.12417023807407057
0.08630338613492808
0.09151962629069285
0.0779848704936139
0.059102105155376464
0.08041371635120823
0.11978495928720691
0.05894904061796721
0.13373666237182344
0.10498989915174539
0.1342842120671253
0.0735365336272194
0.08059584005550029
0.1294407723191716
0.10234886699118205
0.12773069272970772
0.10100327250018615
0.08329108839259523
0.2021684984664222
0.11368312027075629
0.11149432919005509
0.12035959821037517
0.07579259018803261
0.14589110307315217
0.14836922599850394
0.14286827530766338
0.10011406820268928
0.10166840087439484
0.16756967681046658
0.06905498494749664
0.05532517105045305
0.0708192596069789
0.059996266066398636
0.15543797387274882
0.1235469745570915
0.19686806239777005
0.09577275453771825
0.019797668193010168
0.08640135064291773
0.1530674722716582
0.10111752019966531
0.11822973733623948
0.12152783540530561
0.09595044184633252
0.1344747553659954
0.07177264454306524
0.05571356700131866
0.09382811055209345
0.11329104158653376
0.1444216875930093
0.14058694542870157
0.040932989922093425
0.22751865161915674
0.16184944341278862
0.09349740999965626
0.1617434455427366
0.08359802379696266
0.09388048175816473
0.06651703506060791
0.1337926014306445
0.03641873911390087
0.07882314693521024
0.08951766331611612
0.11524943522881917
0.04520293368368636
0.2074903576445493
0.13818684685196336
0.1649203132790647
0.18886525930936515
0.08754073904481205
0.06965866542068122
0.017937944594635293
0.14406991783834783
0.11699307552749146
0.11248229555543102
0.12352642529732905
0.10715752728296404
0.3188722839751874
0.12024824140975728
0.05446948774898786
0.12116628725107237
0.14705672411165843
0.15563039540870846
0.0962597305106834
0.1630821339978894
0.0867434078620786
0.13074948573246817
0.1564014017984738
0.12382119913384118
0.07511928142078801
0.12101667674923716
0.1317194648093672
0.1465971702323197
0.09483211827177952
0.12336767777485329
0.12472349400963308
0.17583125111873976
0.0732679268091424
0.08884798105017751
0.09363561625735854
0.054550919063068734
0.06235246530145205
0.09021368474142709
0.06261240790178677
0.0765542454700523
0.12306033348068302
0.19771412912527697
0.1133357794545841
0.1511223386534344
0.09312090350495092
0.0848618949927651
0.13202201167958225
0.12434471215003243
0.04244507421869112
0.16194441343398433
0.1396268303600913
0.246230662192567
0.12909859244025676
0.11984211815527099
0.08816223541776481
0.18732238045351388
0.13300751738165253
0.15778449475480333
0.07218813634024698
0.1276695932405824
0.10125319906418237
0.07270382114971081
0.1421935040147489
0.11856941785618087
0.06602798958065813
0.2009161544486756
0.12298652625112827
0.1963741552037967
0.04545115192268075
0.0970040597051792
0.11912857293455742
0.05509492058686483
0.2036163135122618
0.10499560514700741
0.12996847485019855
0.11142162017115328
0.06421886211204675
0.2200489490445028
0.17326218968611193
0.061525250798493705
0.10529577711358813
0.032341165089212164
0.0797370132860156
0.06806190934262495
0.05991227130909372
0.03516358194808109
0.1596313202551326
0.15330213694931796
0.17309131303222494
0.11279230341110119
0.1754865142974243
0.1304585007899
0.13798311780005634
0.07031836611473714
0.07865841743337001
0.17712409616745992
0.09678684944742223
0.04395102631986877
0.12269459212854833
0.04765823394156832
0.20236672291639504
0.13909128675064578
0.147849480588304
0.07293571246485857
0.14064996702146965
0.06307588678661703
0.14613982354669028
0.13831840063444584
0.1445016212696653
0.0875298159543548
0.10529864921474827
0.13516518730645277
0.14385006859104985
0.07237737447257876
0.1361795333321121
0.13950237983859085
0.14198751441386745
0.10134163118452819
0.18018347304360335
0.11401167698956696
0.07567557363952698
0.32304560728638987
0.17721823904476536
0.16910714799283919
0.14767119643573484
0.06885105993090071
0.11217518163541437
0.11638679685860918
0.14080072290956902
0.08956406975781221
0.13831068950685232
0.19750239170665812
0.06285451272592615
0.09448548492045439
0.15511421101812048
0.19832876110348557
0.06006382456952481
0.15522047931124555
0.09853091665094431
0.12070065229203787
0.09919523666924614
0.10230268764992802
0.10338654335008843
0.11125509846087517
0.15727051865977815
0.06194081680293983
0.03906598149464691
0.13281098865149096
0.09611303633187594
0.0698088567073064
0.17017140410550094
0.1794671230207602
0.077070268385791
0.09194861706941318
0.10583538057931446
0.0696780473717219
0.05875513624859226
0.11751329990249876
0.1341590286531905
0.12039149531442615
0.05978235039515227
0.15008877117639915
0.15607095615813696
0.10322251670212106
0.14359927225311372
0.07790952687239248
0.10028250062253737
0.10028409166976208
0.12630834965576324
0.17402668628890314
0.10063682431003547
0.09812472313159022
0.07470695155471095
0.18783422179521778
0.10252987983564285
0.0464905236238464
0.07003119898786081
0.2228101211737982
0.11129627009053153
0.07906826919956704
0.08719934580178197
0.12298264427736937
0.09574927192832233
0.1343368664101207
0.1897560540540962
0.1405154608904727
0.060977969554657833
0.13328123455323065
0.10040316208833704
0.05533705407764401
0.12094044617251977
0.08301622328581643
0.10321641789785668
0.04753888743115729
0.120203160844473
0.1133168601540441
0.11398459701036334
0.04662155573353824
0.09707979962994365
0.09962810966226564
0.04465773053359011
0.07386019012537288
0.11226737241380097
0.08312575877099729
0.12105672545807292
0.11842530656572745
0.057726597583461096
0.03806783160805515
0.08520217460601394
0.09660763451029572
0.064257568526493
0.09350029865796086
0.05174344676703148
0.11223444857965087
0.1364534752499294
0.09785901724437797
0.08554407712544525
0.041575655665291256
0.12052969664731611
0.042222241979726516
0.14814477504981316
0.15920131206201074
0.14831111177378659
0.057682013713101866
0.09657328262090138
0.13637509168168238
0.11603487435118374
0.12539231107436216
0.043344303185323535
0.13170521777373503
0.1292045295785869
0.1294891105216813
0.23150276986389617
0.17966160448416466
0.1656748774250213
0.15096334371502204
0.03661593101013177
0.06959535355124227
0.06213132493009721
0.13826392607934235
0.15156080032189137
0.14605729721988037
0.14946580073622487
0.1566399346197709
0.09710334137379871
0.08747278047189196
0.11630561793674214
0.07325733346729049
0.09158289630577326
0.11183121202336631
0.08109139891609661
0.17323155085696246
0.18177324919240498
0.14512971994323673
0.166356340114771
0.07070669014966717
0.10595222454983043
0.063447378010762
0.08221502765815146
0.0976872926237055
0.09481752597357225
0.16952704213972544
0.22773596696293016
0.04890644901709363
0.1800479717761276
0.08562138148349127
0.22194852587351144
0.12883066094865098
0.15302630758589603
0.1252280252575055
0.07608578500658529
0.12988334503067434
0.07201520989360323
0.2224999077658141
0.09002513579852595
0.06697670745180917
0.12580882634848975
0.10189959390788055
0.02949510455871999
0.12188376029639414
0.12150519692750926
0.12080078776579126
0.07535150919758449
0.12508749105371172
0.06161039077383054
0.10232950977987691
0.07586059358688851
0.16467196897427655
0.03562092532780567
0.14501989080322295
0.13547845810706421
0.05137783080881296
0.11174212437439865
0.17018025225922775
0.1419615032481021
0.18961076786009526
0.12518222723895706
0.09023730076972335
0.0664056763684172
0.14838970206808744
0.04851090182997059
0.10493772055989722
0.09627661489631384
0.1657076111848187
0.13789242864801976
0.06145903370200778
0.08170765400858138
0.10532491029058019
0.16439115046607547
0.03428807846221098
0.12947779228206835
0.05610142959605855
0.16831890532240942
0.11445588861763432
0.11780383323573174
0.12826526473147765
0.11960756137634246
0.11664652075681388
0.18113573841974123
0.15026510456579378
0.07514598272054256
0.16892911520690412
0.06961172668025647
0.06611912489434565
0.06109297805170886
0.24065704343136354
0.14007853904693948
0.05951672244476635
0.10481096154027905
0.08742255736405821
0.14216825581978065
0.1970319019365737
0.13702609108357441
0.13651929542448793
0.14173078329116284
0.1541240486789145
0.11764736868629293
0.06373772801404545
0.04972294308539464
0.17094482132295427
0.11114356639874602
0.17127577176999068
0.10540333565591443
0.03311971541222742
0.05741752526805853
0.19124307966229012
0.08293850623882448
0.1182553784882094
0.07578883906739993
0.1366908401196672
0.09203374864052218
0.16288436373128742
0.15732949361159318
0.09227329256382008
0.07629346358531816
0.0699269235074832
0.1116558558572722
0.11255428159070309
0.18903957428782722
0.21829317609888027
0.05897589406320775
0.10337465025260986
0.047685676777540806
0.22673357055535082
0.062144566498386365
0.099831074313014
0.13855040236167315
0.22082026562866588
0.14308013449229487
0.11869754076982328
0.13336473905118149
0.07024116405054719
0.13663888326871132
0.08079990319833213
0.08287608424770243
0.11531570064428838
0.1677752574938132
0.12261756285241347
0.11066315049647904
0.07809428953198623
0.04351754563929372
0.11386881248812866
0.09898286019205223
0.14138417596663103
0.16900963341971048
0.051890673411825974
0.10860201752731603
0.14832264425167627
0.06765629614568058
0.16756503530238467
0.0723628791577591
0.16370401051692768
0.08880561599312527
0.08063814699066801
0.09652558264262937
0.08922136788893346
0.05229698810618466
0.11115235990515973
0.10979414198388987
0.12341058575162724
0.06704009227259783
0.11601152408102343
0.1851066153983826
0.15607725480867116
0.07614032494091982
0.20000959830505147
0.04052066915022149
0.06306854090161726
0.08077781153841561
0.06579374803588976
0.13835669479288923
0.07107637614296061
0.07595586654695125
0.07655058540508257
0.08740663694594705
0.15896776150456632
0.07230730309938324
0.21418558839100174
0.11112797797619228
0.08503583146196177
0.15404630286453314
0.13239111299901174
0.13196744233915547
0.06393453277744124
0.1771505261806349
0.12040685408885149
0.15025561289478173
0.14084432632893282
0.25819732134705786
0.043048304034344266
0.049488579758089256
0.0809518574794281
0.10827290009799437
0.1326546239307384
0.09959250439247146
0.09560073803467577
0.041659452409793615
0.18993648913234012
0.053096687964548195
0.11472812316147264
0.06504876851969743
0.10632717446108257
0.13981290962588064
0.10233492678099285
0.21799140401447398
0.12678681255751
0.09194685999171398
0.14814116150128534
0.07972658585171664
0.20115242081538634
0.037708752210797586
0.03374400258958187
0.044118800629989546
0.16532734896412551
0.08622122503205824
0.15599348441140815
0.11328551199409508
0.1099971831835115
0.08547224854984002
0.19981274355932394
0.10848011428216395
0.07564356396605404
0.09904722759218335
0.05351110554495166
0.07351664718897852
0.1773676127023279
0.09267161136288907
0.09852714809548453
0.05795177276757872
0.11192399804843137
0.07732437134498776
0.11124170950392454
0.10503944024258587
0.19261353870721706
0.1576635927601514
0.08691761835533843
0.0922799721178082
0.08288970010021021
0.18284671319536888
0.16908599460816348
0.08310453764006762
0.16258029164713242
0.18488213823338442
0.05477490014048707
0.14976673474404106
0.06668666651244504
0.08869982732287202
0.10456240603480041
0.10471985027899294
0.08016627972691147
0.11541693984301517
0.17972496489833628
0.0347826248156591
0.15776518210432075
0.09767465607129877
0.07459573264633101
0.15886052837794187
0.06347043551751254
0.237322261780937
0.14168598158382406
0.0740497097865761
0.1402355410009048
0.04254616645083223
0.03673217642226593
0.1455141346961714
0.18164536601261394
0.13295822516879927
0.15331474978571988
0.10686583970481667
0.12166254386032532
0.09261227334644401
0.10089736195923524
0.07481166022481602
0.10899561307787205
0.08354989231399591
0.0767992296528008
0.225536675702842
0.14313236725133655
0.1024871253401253
0.11970837406689458
0.08619731128043104
0.14145940546143707
0.08868939284972288
0.10914353326792282
0.10874855986284039
0.10302801170464017
0.17937652079480151
0.1729803821799402
0.16535628349329695
0.1314947236504374
0.09524305449660223
0.03484530820157596
0.2487309432850119
0.21195772352125616
0.14790329322915058
0.10708149724607789
0.039849948936057096
0.16498127928021217
0.13227786506929912
0.11883098627487425
0.054059973447098626
0.17612742781609136
0.11905155177318966
0.21913763836467995
0.08006616109431955
0.121811900696664
0.11931466227586296
0.05554954178656448
0.1559268443239605
0.0961950095124631
0.10055435381552678
0.07473675888975914
0.20265637789715352
0.024077477322636074
0.11822827247710146
0.10767951820688738
0.11872923319720954
0.12459703485548713
0.034943798920984884
0.13714547727229812
0.07960517995069272
0.09800892413253898
0.1847520243357923
0.07547061572915899
0.09246101981958618
0.13267275676374726
0.14908014010545342
0.12064511942418894
0.12201060708904359
0.1813172511331152
0.09942457055780839
0.13552558741933657
0.15039781387397042
0.09652437041028865
0.17912466726614398
0.054790836161247906
0.12635891211935413
0.07011454045024007
0.07525601053884948
0.13150250744940437
0.13566945787730159
0.1120415818930712
0.18751917697818962
0.04730155632698502
0.07531942643884841
0.061281594135951405
0.08392620439121469
0.08855431085125492
0.07515226119608637
0.17964396747562708
0.08657716327066356
0.03373316006581613
0.15055970460559312
0.11701657321192253
0.07641081542462098
0.13547516358941428
0.12101199362703081
0.1533510537009321
0.12900841810575292
0.12469740822636412
0.15010109719256484
0.08106274599503885
0.05586459724260085
0.21283897673194707
0.06919692103373433
0.1016108242489302
0.19701537707975214
0.052517656519299745
0.11693600068978681
0.043034613842403806
0.09099694680818006
0.22929864621549137
0.11843711953356674
0.11865724157811103
0.10229626604049674
0.13779820048038235
0.09131653813154403
0.19105560691855644
0.14919813444753371
0.12813058706266822
0.10214873804246763
0.16298755838544082
0.07782104990506149
0.09081875199857936
0.21746346046708942
0.13316820091779774
0.18849506752366274
0.1744635424736167
0.07103253441180639
0.09819780211863416
0.15787659415730546
0.1320798853754438
0.11254247533240942
0.11124378131043765
0.07277589085546451
0.07738384797270621
0.015478143827816133
0.1730044588930084
0.24433982978858257
0.07607241213425933
0.12064871010708164
0.12587372848209294
0.12978804695390445
0.07734311130769153
0.08458210372487353
0.22577278826929115
0.10423960597917734
0.04672312139069189
0.09941267388545684
0.1126676654607883
0.11365654412063164
0.24742089757512212
0.05839623415490578
0.08637794720961468
0.1243893847638756
0.046278828105386076
0.12087042731758263
0.2361758781685926
0.106660839544613
0.08706978720883499
0.05777147809895787
0.06023250761946291
0.12617285762147648
0.0697554178520733
0.11593794181722099
0.07744337676010285
0.1834724027504908
0.1024811416414237
0.1470862516486232
0.07317636045588131
0.11065479121820139
0.056739932459929136
0.12323442188447899
0.05697817494775121
0.1290719471086818
0.10447404346164592
0.12231663105875945
0.14585306839718798
0.10015027157671903
0.05626795108093786
0.08047145718431371
0.14844991910461705
0.07731838014528333
0.1523178424679725
0.11126085662917319
0.05651899296821268
0.08578261782159155
0.08505707839594444
0.08228658794873038
0.1867231769983708
0.14945521691588873
0.12621230484322157
0.10673086280424941
0.11879604080969847
0.11413735264334823
0.07931641593407093
0.09886084761830531
0.16947820000630787
0.11830400386737384
0.05497698610398857
0.12254225599290032
0.17678417389838674
0.107626499815346
0.10958887651256574
0.03392957500333612
0.11929443719246526
0.1596156579893523
0.1559814979838195
0.21043572167023905
0.18769574517294552
0.10311527080314897
0.2167091186385405
0.11832829194885729
0.1290734425671755
0.1497548119441997
0.12292483500225136
0.10565775691170813
0.08252348122939691
0.15457116611721924
0.13884989747219725
0.1879473075501005
0.18182955473219592
0.18689265945398992
0.16020351768304575
0.10015333621700107
0.06889366348627753
0.07256745092398681
0.13461536234438232
0.10842666725842022
0.20597349572135257
0.03908661647002377
0.1386262978892996
0.07963432739925513
0.10559704057027615
0.07252427031337201
0.11287770393894551
0.07132643962328433
0.08698140376780682
0.15170192652203296
0.05822671450609093
0.0929540426139005
0.07072418838329525
0.06026943607669019
0.12527816731063712
0.1207121302753159
0.053080280580524865
0.11564562261575916
0.07692070274092543
0.14364512756337877
0.0856381708373632
0.1239612310101189
0.11302597493413195
0.06580010394796615
0.11441786190989305
0.11109062378904806
0.15232593728637298
0.07234367712397052
0.05493000670010028
0.05084678862887034
0.0234192217909382
0.08487401533005784
0.0562866601862908
0.10551883214221038
0.07833812814580712
0.10856183658717024
0.05729427470113693
0.13916988209588546
0.029614702020900437
0.19073440721798846
0.06236564541330384
0.21491178383997658
0.14506713680100672
0.14864618055304968
0.1890331400446588
0.05606089865989828
0.09658925293831719
0.1311134073152993
0.25914902883760005
0.08461388226289489
0.15153513252114142
0.17018329127736667
0.13526598234901274
0.10516602749593822
0.033099575989344925
0.06156238031558178
0.12273579222098757
0.09070845856400196
0.14456533067094873
0.11086929474735852
0.14022541875070746
0.09973170611398574
0.01948137626297727
0.11580474986286077
0.12172384177410973
0.06489658581738363
0.17516326367182197
0.1856833371229181
0.1543311950102619
0.11310162949599757
0.11530286746018939
0.1672458005642282
0.09730739465290635
0.07019634464579025
0.1356111723282912
0.1284573615308251
0.03915111271447989
0.10853932380325403
0.2688403333483037
0.11771175645441434
0.06787262951561224
0.1455409890987208
0.18277823815778804
0.1297395230919883
0.0893301611847808
0.1923346676191451
0.15282144971908543
0.13328254713120405
0.10252420307584259
0.08864781312192667
0.16355347532518508
0.10105382172984669
0.11245876941256068
0.12872477194803916
0.15025596795638652
0.10958825515150114
0.12190536833592523
0.074308849732809
0.028961906427223693
0.1790497966242218
0.17210634798190638
0.1557159316739286
0.13609389111420922
0.11201378734803583
0.08211168975175592
0.03766280128396173
0.1568450353116384
0.07542622748904365
0.07967276163019824
0.1369828863571249
0.08157306670754723
0.06107172179791506
0.20205273302204207
0.1306421166798089
0.14916340722410773
0.07985902496619758
0.10665478471408962
0.08286063495310857
0.13195584966514676
0.12306536706848932
0.08015943739356596
0.11318440652283018
0.09660004795168158
0.11540281201335299
0.13249519664187198
0.07209536863289022
0.12687719813004764
0.026045593189858926
0.22270805863989143
0.14225205310284547
0.035805850805893956
0.15972401301196879
0.12335691520074125
0.09540848505157207
0.11308200552550275
0.16309093079212275
0.08071034108816635
0.12520252665674408
0.1541105432916665
0.09256759282064853
0.10194305021899414
0.14009368225376048
0.14838344093917236
0.10383758860585317
0.13801926448446683
0.11029638747768158
0.10649229977750567
0.13032159675648164
0.06974823328342517
0.06561994957333715
0.05977037314809074
0.09096836188175741
0.09091840107553018
0.11170128788776401
0.09756883698769347
0.18207539126332853
0.10081822508682207
0.165655609035776
0.1545340618229157
0.05601396697426894
0.21070285577425646
0.13879751054868844
0.10365324980620119
0.16413561369538432
0.1784984834133772
0.07913516052809734
0.10000803175818009
0.10372089372053411
0.15856883000787766
0.11705832202470168
0.1011560275899686
0.11459799536435775
0.15484552112071118
0.19182332647316228
0.16128456550892978
0.06399139892034109
0.07252871456063284
0.09812597072076067
0.08866876653896287
0.0656716433009634
0.055003679252635045
0.11540631368408483
0.0944672300557522
0.018861407547295192
0.20374281773673802
0.13623477059410022
0.04308599283176982
0.041412915320953786
0.045714009921036004
0.09923208883541702
0.13288922394792352
0.1364712526464432
0.08761753417522014
0.052360585918549835
0.1946423724142406
0.2650312563440749
0.12651357474558833
0.12908108595057194
0.09910450078008437
0.1068171235338028
0.09039027679554434
0.10719271254336969
0.10736559999237341
0.057653998753684564
0.14745665128134985
0.10231632911291948
0.04408881832241413
0.12771403327648934
0.1020390620091627
0.17531307969533774
0.17304744305416664
0.09899958284851765
0.14753839616866718
0.04555289315922545
0.1438649645894891
0.09815945992750746
0.11241380532628963
0.09390961868555724
0.12007306268580481
0.04164924871343278
0.08874554342969646
0.11125684097604274
0.19715561482300267
