0.14045106837318738
0.10212861214097427
0.12121741889762806
0.13955582845335715
0.06861388091931317
0.09969480374224289
0.12119962224645486
0.11103461499925926
0.12462399354994118
0.10747815684632481
0.14468447145341976
0.10510026272803823
0.13248347292415727
0.10136249198103917
0.11892110465876221
0.07611612296884226
0.06411149238059617
0.06667547641197896
0.03491703127518888
0.06354040932461402
0.14501384422103297
0.10757191605298376
0.0963027171348914
0.11186798308565864
0.05830106759396618
0.20416583838351965
0.13976691038422887
0.051996341277877216
0.1467587462661005
0.20168706248113713
0.0983249220907435
0.1556258545147345
0.13610594379238114
0.22125041553471597
0.0764600618762557
0.1732711209249817
0.0631218432121098
0.1686058368304637
0.026045176986448995
0.10574750979942639
0.21239265162752052
0.08589389778413518
0.13896612435818953
0.1292406461372446
0.10031811878193779
0.10201303757501501
0.0676876415090653
0.08519685561499193
0.10089644924903737
0.10705886442590536
0.09992157915737515
0.12150021493799128
0.062058187825041855
0.10514037818148997
0.09007009551237047
0.044244104677170784
0.10856408113039635
0.12941133829279322
0.06537789461485023
0.08882507707936572
0.14823972950066686
0.1453443339792393
0.07061348421458918
0.1651547290456752
0.07600880318929656
0.16654840501959572
0.08676900796946659
0.12143380725014498
0.08520188886658302
0.15941688949861502
0.1682991965442038
0.08775136637867978
0.13875967237161688
0.14991824847839277
0.10002565066490528
0.13033561828213003
0.22722288678158203
0.04163497378369912
0.11126989836266
0.13500584661663104
0.11954463918564047
0.09408853697729294
0.14931087848561095
0.1152639347342381
0.15167015323871538
0.13518194681484394
0.03813832528381375
0.10911525397413308
0.11640688848504296
0.11269228127903488
0.054908294086122605
0.0817767733094749
0.1379780812748232
0.1600460573390611
0.13925719432112332
0.09306046819205749
0.18070525588269973
0.23875641288253327
0.10696812935029545
0.02987566121955429
0.16829217133912927
0.14873390176530465
0.153525880581192
0.14728034270958046
0.07762305046768747
0.1044820791393687
0.1668329174785057
0.15129844182874747
0.05462583131747278
0.15453022961270385
0.10161482315734738
0.11267217684362131
0.07210863896549145
0.2017171354477405
0.08979882240000646
0.11328307055893667
0.1293679755639714
0.04447849745734319
0.09274489667705808
0.06683885300035718
0.14502145578054945
0.07724364046752744
0.07038698928228063
0.08356490072468235
0.18089320667710773
0.12394855291639287
0.05817490216521347
0.03974075341723059
0.11119992492988133
0.09473905502881198
0.1542931940811358
0.11364281758037344
0.13798263358547297
0.18244974098643665
0.18133424121371672
0.06344246995840366
0.2258293086582525
0.16323352944887162
0.04662457789788012
0.058067775452479015
0.1402103118582506
0.14678090253341053
0.11324604481993583
0.05559359850604737
0.09711721246273246
0.1460317120970486
0.1553637589316285
0.1331229250421794
0.11484676335309385
0.11006227036934144
0.2143007428573232
0.0428965423508273
0.20462837334960476
0.07255843676204092
0.17788819045859952
0.16061568617467462
0.11904640168297706
0.0351620977518884
0.17400844327070655
0.2448772168988021
0.09768044376257586
0.11856102263280349
0.1223653777569527
0.04616417052716908
0.16237164595803125
0.11593119116310185
0.14121697064162936
0.08603251923422243
0.09379030523723537
0.14271663720086425
0.0867921916494159
0.14770940847841305
0.06803175233597428
0.09406384405559477
0.1504732244673584
0.05329513644988994
0.0589988062378921
0.14374579693743386
0.18434795241957455
0.11441235220620707
0.10256295505676973
0.05964972756711557
0.173597862510045
0.17394790498464532
0.06297970329146386
0.11179669117767232
0.07323981768086044
0.14108321922497588
0.075944413492972
0.12227379276067546
0.0869322473352462
0.17354056965440698
0.12221752423033581
0.1368574211923417
0.03803459019481415
0.24453291862495008
0.08678069443473739
0.12083386468047351
0.07360243471281301
0.04671504776528426
0.07787584818580526
0.17581628723026116
0.10992444949468466
0.1324009755158335
0.07168625802104643
0.07319490983395092
0.10917170616587693
0.14921054343528709
0.14112225407519013
0.07147259880556985
0.1484892834346715
0.07347571323909945
0.09411464900203377
0.1930344145333685
0.05666860749078858
0.12667389838316262
0.19812298530100256
0.0765213902440831
0.053833277531392124
0.1652033416643262
0.03235392562581996
0.13757415587506455
0.11670689303667031
0.0817556253116037
0.08424232902448274
0.03627766396907728
0.11238017785796098
0.09531268869334308
0.15106006328943075
0.15558162022176023
0.13890944054425397
0.13735655785391646
0.07918103618667234
0.171148141079035
0.03668001079969662
0.1397128766277517
0.11956862694648605
0.17171209527108836
0.1400967621947895
0.05901158418178717
0.09623923038998339
0.1296667990868469
0.0735368458673923
0.08000410465424168
0.07524437728247924
0.09231501121452226
0.10152190791319278
0.0879575780959072
0.11610194296777955
0.13394969793699682
0.18610139980730026
0.11861087188289043
0.1274130343352182
0.09738783715030708
0.04639422819241195
0.13549526733134878
0.07472089663366288
0.11093932066994347
0.11500930764141867
0.10042716589313336
0.08669027707494956
0.0930904754629521
0.22038298298871722
0.10965499889792912
0.09409069314603018
0.1290507670719914
0.047754380348255056
0.1352783368215894
0.11511128763128764
0.08095382755426156
0.22302075847372654
0.09202082657221185
0.11746390447338526
0.12250278686426225
0.13418504684857008
0.1549918021730165
0.14510472673406824
0.08536519061397953
0.08318142124756821
0.12018777943377792
0.06165121721304706
0.10480481596804941
0.12148657384979586
0.05652416441738157
0.10346652755994709
0.07979851974402165
0.15483351030394218
0.14330186875872436
0.170848945642182
0.10437617134469286
0.11328853085908508
0.09754844125693335
0.06312641824927843
0.09070546487921798
0.10743100868631902
0.12335107912044756
0.08041667117176689
0.09569887648771294
0.07821030396403383
0.15193600671329696
0.25852320397643075
0.130676161617032
0.12199830985413822
0.09936233874991024
0.1751319726657116
0.0762082663475455
0.12129576113242903
0.1474108642108079
0.19034001487821495
0.0472960255479584
0.07870419795113362
0.04403259835882106
0.15164280948187328
0.09985645924801152
0.11054855302466797
0.08620785817727775
0.08083406045298794
0.10719708805064765
0.12002369200101946
0.05803151192037213
0.11147785187864956
0.08099927609013408
0.11781723190647253
0.22193300643191713
0.09958344450567015
0.15207392988393373
0.0615210617732642
0.08690201376636386
0.08158173530977188
0.16720297648194488
0.1907689312497309
0.15635853345862868
0.17323276095374318
0.06528769548928798
0.1272860351623062
0.1012467414562733
0.050021640513466026
0.0849340543298529
0.16010191065737978
0.09880762517543347
0.07284208075202092
0.07776461438935785
0.08361433834411698
0.09376422765262979
0.17710566895396748
0.11285144305174385
0.20814048998227574
0.09116479620122035
0.0726261320608851
0.07584754792414615
0.11976592825828244
0.11311354532887172
0.06842253530038661
0.1484889472348007
0.17384179935620592
0.08926950664989423
0.1411430134006935
0.10204100594791173
0.18305264023350565
0.1428206089967727
0.11701259467475948
0.09748121458493288
0.1665067511582115
0.06820252825255149
0.15147317271305177
0.05031923666907647
0.05008607529474658
0.042610394083707835
0.11775604213903397
0.11942308436307882
0.1138540595392224
0.15536739565764054
0.08786916637059106
0.11602131610652885
0.12139572111726497
0.0438070142549191
0.11142110068399123
0.07595067262106342
0.09485459382672175
0.04192204316428003
0.046930271719514804
0.07779214685087973
0.0570080103593534
0.11986946865720005
0.1862709180846681
0.09785207474541903
0.19708833853403393
0.10880654323625477
0.09072185450715653
0.11158589685880216
0.07027006695199517
0.13889545069863612
0.15131956861400872
0.0955749557839072
0.09113059488763149
0.07546799175249742
0.18536281794108253
0.08887795980670876
0.15526843661486311
0.06941110385868703
0.10814496475717104
0.13006813493612368
0.13033284601956036
0.080163374092295
0.15017830476683458
0.09767139102747725
0.054244920824077156
0.15997504978385646
0.22811652837192375
0.11204614048188906
0.07343693212045074
0.06541734202101837
0.1352412413304513
0.14821557178762032
0.1330924716044219
0.06400859422594243
0.06465745865053693
0.212028592228195
0.1958297385521015
0.15368091073850465
0.09693037643592203
0.07842226776737599
0.1217181003504727
0.05919377962436366
0.09741411432361803
0.1798214266152843
0.10200449067671366
0.15671074098782675
0.12247743845326062
0.1490036547845576
0.11252572023613001
0.08630881316854017
0.10359365318697343
0.14555717929054723
0.11999167997721134
0.13716101127034647
0.13204183969270708
0.14441530441421876
0.16430154731343732
0.06250421692523168
0.056544410515292465
0.07286282788448928
0.10321535274796337
0.1008158780112317
0.07063128811191285
0.08710446298007464
0.15087117036376566
0.18356390475605106
0.20262990134525496
0.11806743388508226
0.07903684775105878
0.16863253189601812
0.07425186183094294
0.03675264785049399
0.20021424125583334
0.16210509184814287
0.1139131163452396
0.060422067170933264
0.0722918113117976
0.13203299661185758
0.2136745054459573
0.1557284212436718
0.14228965348582584
0.1346244965006566
0.2483924687497605
0.06556992941580223
0.1793072410370795
0.07419211029820737
0.06048116672033091
0.0883055259744519
0.04832437713131951
0.03546907484561613
0.19865268154827082
0.11126219857973796
0.07445920579612306
0.07043741165852486
0.14565320140105187
0.09611304499720603
0.1988019010213931
0.08131121298654312
0.1540331435118529
0.13249024189509787
0.18943677616455523
0.08629123270415259
0.12451213402544783
0.11527897367000868
0.11605049552087346
0.08756389958327997
0.12879862617479143
0.10600068013804598
0.08311598732230076
0.1717331293640765
0.1296312627243838
0.14135921698678458
0.151382051183166
0.15816257397972008
0.10816083811620329
0.21081712374341746
0.07677564611339185
0.10027887872539927
0.14203271921008156
0.18896713021544145
0.14101272241240034
0.12024794072327592
0.08074982448847684
0.11225095728540417
0.039184984924769704
0.08910321165028397
0.10258149453568986
0.11511719861627048
0.07095947956407199
0.058240379935826814
0.1119837500274651
0.09440604812136673
0.07199052708518879
0.061123265081285565
0.12987822074178432
0.14552523825823932
0.060473131963786154
0.045292416301785654
0.2342256071172133
0.08086020383546143
0.14049218233874414
0.04238379698091659
0.16381561900282232
0.08631515415487254
0.15125690236650277
0.0981295346124729
0.09214064033540054
0.16982328853752693
0.1054516908224216
0.12597851485331615
0.06435325749505795
0.22084543099733328
0.16913048127009989
0.09681551166806478
0.09713130332796659
0.12558867168037152
0.10197252968549854
0.17654275668558325
0.09561673204573841
0.15742490985277155
0.08149743050777691
0.06461108567698046
0.10939557470811728
0.07380532943463541
0.10075387556241455
0.12086240186072587
0.04663968359425331
0.044829562511476566
0.11729071922898535
0.1035246084187534
0.04241208338567622
0.06540733650244228
0.12377079587148222
0.15396567660467605
0.05329920551891155
0.11321446806122899
0.07523698687990248
0.16636296726111477
0.12617300221919364
0.13249166707695073
0.09592365495783507
0.12327329924083706
0.08669990467926168
0.07678287333502198
0.11251913409877987
0.12427988196526589
0.13226069556526238
0.06492488596361104
0.06160647935247382
0.10011092448983816
0.10839894451710225
0.11662304737756374
0.22174132191328724
0.12883365039280728
0.1510023983495672
0.056386459247281695
0.14850668873138678
0.15381295506399767
0.07554984403238339
0.1335015742684789
0.05305091789871351
0.06885126163214803
0.056294462293109714
0.08948393257992683
0.15794613822840345
0.06278567513105385
0.18738273868860358
0.18723415593108306
0.20176822769984637
0.10297887128175622
0.32297206013491225
0.06830058477232588
0.08451617732079206
0.17954896913011767
0.08772330006576855
0.12528102057198304
0.0698500089539718
0.11953130278707395
0.059770224695350975
0.03528603124364089
0.1819578353308755
0.16812249668133772
0.04704139932587511
0.08589680986388258
0.0776860947739802
0.11255326471885899
0.13668867799056914
0.1974566338695822
0.11244696503230052
0.13968045090951803
0.05879292454716511
0.07706921759967936
0.07744998507476154
0.099412130437383
0.07035660780369984
0.04869123395073467
0.138762371696483
0.08596664156260918
0.1491665826292929
0.11140850535564037
0.07331960435984204
0.14339441019601135
0.03812462367103451
0.12729670250377667
0.1686231419173437
0.20267512457953055
0.11447604275634761
0.09984720741810431
0.09879839108668546
0.07124414590008948
0.1187952295355877
0.15191306782463743
0.11458863642251567
0.19286676522285134
0.18851886264586018
0.22066068173381906
0.06999317278217179
0.12639485833330427
0.15733129611575086
0.09300199878438367
0.10548572003133104
0.2198749836915058
0.03993511998074473
0.09048671526410376
0.11265686041432234
0.1027072267448887
0.1821118618389698
0.07804140823662338
0.13698138005525817
0.04681934950886571
0.12172313135069215
0.08559743568288371
0.15053580721733192
0.19423352136686792
0.07992971813195993
0.07269230936571039
0.1155851290892322
0.04101245542905532
0.13836543257311792
0.15089487795763898
0.08555735249722121
0.13677178398397521
0.11389189951586767
0.11259141082555026
0.10597088328588317
0.10701314301247916
0.055470295938279755
0.07386990307780406
0.13233685696455716
0.06254322061281688
0.17447883596736638
0.1256940338906469
0.013761426745135846
0.05153140632919926
0.12109408539824051
0.05700914829104222
0.033863465486683814
0.14632667314823677
0.05645996359072929
0.12097974547536225
0.17585169293403505
0.1180925102291575
0.06115268875864049
0.12065705848984754
0.029753385389799172
0.19068436159026655
0.10047826714921967
0.08983441883752404
0.03374405224508505
0.1148848618736734
0.04189776339994646
0.2148808855159083
0.16490121468244373
0.08529892303289444
0.09060967197767282
0.120390196294229
0.07489075010724705
0.17127282232012989
0.1419408423625267
0.09892009029591835
0.1550448645253025
0.1392382092718319
0.09363126026074192
0.16471045611165733
0.166063825184688
0.052822427903255934
0.1537746345467431
0.10624333465479517
0.1111421152796957
0.10780611891893789
0.08854243725570629
0.06820782340824877
0.11138974064315203
0.09459128773540934
0.14236502086815686
0.1121713444769441
0.12680570810849334
0.11372181676368044
0.09753768196887205
0.12989120960498077
0.14869976140712826
0.015611696030536817
0.1805588448636697
0.08799938606169781
0.04895941475372998
0.11917921160104258
0.10283879901303679
0.036466080980253016
0.10656649198819088
0.06438805659910235
0.10627080059201185
0.15046104255731682
0.08110006503107951
0.14406869995780702
0.19769870590088862
0.1127734602122007
0.0905682783189704
0.061133970546528756
0.04988148678748053
0.062386982475823166
0.15299225060615027
0.1344533095737124
0.11525965974124548
0.09979111452276247
0.19222731945703955
0.05852944918641638
0.12935644187954182
0.12526221377059024
0.12222539717922697
0.09620385675971556
0.05808640066393807
0.20714245729490105
0.1927906458540821
0.11967239797685672
0.11889471891139251
0.10049394338785124
0.17796270917844184
0.1665094181851112
0.06460224776105047
0.09757910411795412
0.16931629500604894
0.11247565949938844
0.18926433636421375
0.11602075949107152
0.1897252648417434
0.16960320446807367
0.09022524163475398
0.13694372822165196
0.08653545799779164
0.04567321038647245
0.10649391338186719
0.14750576632618945
0.11601813654067851
0.08338811456569753
0.0918016554230797
0.12514311217592944
0.11490836142853698
0.13348755281949382
0.1577182039415198
0.12069253381144851
0.15426089168774898
0.1039926749031151
0.16276507883990018
0.15356509593580828
0.1276577048789926
0.17053252387674606
0.07060266674774322
0.06990268369160878
0.06641498802718278
0.17955038533900095
0.06606621494621648
0.1086102332723542
0.08739935494759564
0.21799539216572902
0.09770022846343539
0.14234044880655702
0.0824303309077132
0.07819930208166376
0.12260291353971574
0.15169268474214073
0.128877154195023
0.12896622136669583
0.07224958383881597
0.10106653625773042
0.14063476377086456
0.08121913725947114
0.04139964347374619
0.08961626278747373
0.09444546077848819
0.04564427863271176
0.1579814197264314
0.07782532061334407
0.1682892326884845
0.12044319490146806
0.05726775324287487
0.13285570191039106
0.09629187149628524
0.01971720203795416
0.10236655249690751
0.12328877376058825
0.07162096860694445
0.10463751863013052
0.2294593912725128
0.07748274416982309
0.07300332344539943
0.13580833219494814
0.07733113619584353
0.13585602023323984
0.11047285032015805
0.11170309163120545
0.07891450000516156
0.1447033364381921
0.062162587242831184
0.17680535094508823
0.11552728081314782
0.16596665375042066
0.1031335806676373
0.060299811960501506
0.11873933479921904
0.11825728751139108
0.08966630374020647
0.06588378366276051
0.08521586683926455
0.05640136603214326
0.044994390229787296
0.1464409825980632
0.1367184274553671
0.10059240430990882
0.12952914101884308
0.162515243935631
0.14311433346797123
0.11085739693637883
0.07165457916433883
0.07686163876111846
0.16698741416313173
0.3193106169971822
0.10719015167049359
0.11920819457705673
0.16350566042349143
0.14725276693123526
0.19033421104673853
0.13867536500477917
0.18013384084467884
0.16285935470454224
0.13224853919028418
0.1053742636024472
0.15903603422615833
0.13365759341954794
0.09598274573549423
0.04965835927088811
0.15469762237767795
0.1718398998034624
0.10339237621224218
0.1808736339473771
0.12219440332790646
0.15661828837131528
0.06228415989571557
0.09511533654604022
0.06778584956508286
0.05911220343446626
0.07426133228461876
0.061528409660841735
0.09824532415481893
0.08224117050994618
0.19827937558121048
0.13612071522673055
0.16575286156951322
0.1618831698622326
0.1740463704786458
0.124896705306326
0.07048271103322483
0.0662078428260097
0.1678530862458223
0.10392452026902389
0.20785356597068966
0.1615324739897415
0.06786617335830658
0.1489548275659155
0.08136533985498841
0.16447258020124544
0.12749855245400055
0.06210849957728976
0.05543601721076989
0.0395333499464679
0.0821245482458648
0.12749336081014803
0.07478824703615965
0.11194887193097965
0.15492778352371706
0.11659208212458395
0.16983048886303606
0.08229342563529286
0.16643636651415317
0.1427781399467195
0.15742516221449057
0.21246776219690744
0.0319374945248184
0.13566524190214393
0.12762437064521692
0.09097882918773305
0.1320292191153762
0.1511232460578713
0.17930391089132208
0.10316989467961146
0.13034564843706858
0.13284300127288884
0.05800917033061724
0.17934839927628435
0.09960857666671498
0.10331105569283974
0.11300923232918478
0.10046067280340402
0.10817343518287077
0.18840931782136347
0.11362485179948333
0.17384713634796853
0.06794568261593921
0.14071940441481937
0.11016608525987093
0.1902153618697629
0.11714028211085081
0.17988621560155427
0.1073966724471403
0.15751934377361884
0.05901408300455285
0.1526718312177068
0.03999516119856846
0.12122544991381583
0.15011254654209552
0.13168248786014702
0.16029696024110573
0.20074419200079927
0.14503914793688796
0.12395281118087534
0.15021357468826582
0.08463093621939953
0.23651419152241115
0.13747552456237405
0.06194962101216845
0.09200691218231814
0.16379387356500527
0.12362683957012106
0.11967394347961502
0.09133877551014563
0.07057736618209076
0.09682384806313107
0.07634309280913747
0.07030343627698174
0.10289914333008546
0.13422112769932762
0.06252311569670038
0.26011127500835685
0.04936988707363933
0.1367591959591931
0.14590249154923035
0.09177603203219652
0.14540673199667845
0.11640305936008492
0.10452966742828627
0.06069871698182896
0.21812260447781753
0.055745766187385234
0.13861804050420073
0.09872926142897245
0.12615326129807627
0.08923714946784989
0.14202342544295374
0.09625696572781038
0.22619393931384324
0.15123555577157616
0.07512788624241364
0.19009482591366386
0.18511857915192073
0.1298902435860658
0.11606473675325071
0.14805205025007348
0.1918681919376651
0.12393887600701954
0.08921961864153861
0.12396006708464744
0.1046402533964777
0.13107586333184237
0.12600141333201828
0.043297528795170424
0.11342991295401977
0.14794406911326693
0.11572169902719191
0.08821495501008764
0.15591345095130557
0.22561508874768588
0.06155158408473756
0.1300116668884397
0.07590272405406741
0.09613033573643152
0.13057762789444743
0.09677001296818148
0.08784875454753167
0.11667216792660558
0.22874098451862152
0.09915198274906184
0.2694104051375856
0.10864504835136926
0.10270102665651047
0.0928103176294707
0.14046532269317652
0.0973254490796193
0.1267221364647239
0.14403158813523992
0.18733809308427252
0.16989109084805448
0.10786786595885314
0.09733316364534252
0.08640919284886234
0.04827395304274185
0.033977391161397974
0.09946692562088379
0.11763123304520233
0.21545756421882045
0.08067777144482371
0.13973439596895332
0.12932534098747786
0.08827325272719232
0.10834397783338616
0.05743351340330448
0.12474454779728743
0.09346334371630272
0.019980608987769943
0.052340896252552664
0.13055926980822188
0.10113952484124815
0.08982371662735009
0.09266866738064736
0.11666350455948664
0.1773863615122348
0.24874406868594362
0.14912557062333
0.12275063111528976
0.07979798443878242
0.0812997745987557
0.09013306684175454
0.1554728769307734
0.04632330001366844
0.1663990758511165
0.059424780198602964
0.13830236731676102
0.18018488833924512
0.051527476701587444
0.147069664582922
0.16438991225534094
0.07148638422474102
0.03330416067529562
0.10453975144152541
0.16352750664908583
0.029402575432859103
0.16595547650467662
0.13701102743896876
0.08647833007642254
0.0457998462454905
0.039630861815626466
0.050289431242217034
0.070797740204582
0.10287920246654136
0.08760507162544047
0.14395848841672973
0.13202395527328928
0.1413584018493938
0.12314151807222487
0.1519494258699973
0.11732681257380172
0.1393994286701618
0.12207453182455849
0.053985036554969494
0.16261621743962568
0.018887220060460213
0.14331452456731789
0.11460882702733557
0.08352636675563589
0.024099405843759827
0.11587797581088524
0.1802445895151693
0.10155765221322946
0.11394320424473188
0.11597368634499032
0.07868426515401357
0.06988373830374195
0.1461623143453324
0.033128355929516275
0.08759198917759008
0.0969966053453871
0.11706577244095692
0.11860934874470165
0.1439423495880872
0.09333137301706718
0.1564127213180407
0.12784322006153034
0.16937219487632058
0.08022455058361766
0.13293967642562368
0.04736697082596759
0.07093643829986346
0.10527602388563902
0.04116935828329385
0.15594431464977923
0.05519594105896261
0.11374165184956943
0.1324077414639979
0.15282901012122058
0.1271060777591625
0.12129819741360562
0.15614553835235886
0.05432289318662322
0.04105149134450382
0.09669173801173465
0.16316245864510806
0.08037650506660174
0.1868373971454497
0.12485161610400036
0.07288344776024135
0.22983484324634448
0.16017627391790318
0.051533234122635725
0.14718622403443365
0.14877418681465854
0.159298074747619
0.13206706733367235
0.049319389509947194
0.11381494452629096
0.2660078348572188
0.10271998482591968
0.10550403688277477
0.13661269451967228
0.12720190652493246
0.12604162117002146
0.08321810223159283
0.11437815796687953
0.13493830508606244
0.0772030977269036
0.08747229956206512
0.21092160188039205
0.11899163413526713
0.16329000357675807
0.06969983191794485
0.1351254731818031
0.13642402683506324
0.0798366392103512
0.07360392786658075
0.09761340646181461
0.16841797205597175
0.1762041916574461
0.08717945951507979
0.043681390729857945
0.08379290861419005
0.10653522676168821
0.11670156606500554
0.054796834480913006
0.18649710432954553
0.1480119008580187
0.07329471312463197
0.09258851731862743
0.13204019889487162
0.07295773820761808
0.10613444985971233
0.094840788811015
0.10271019067954713
0.07635946882356201
0.11319768284407628
0.056159348421535984
0.12344519624117034
0.10525437027579371
0.05553408790738558
0.03440551892261443
0.2031570617677961
0.16194227131801384
0.15734286767014236
0.12375087654545934
0.07167642872975781
0.07536923677188637
0.08757109811524608
0.09489925335579771
0.07636564308600162
0.17433371424143895
0.05326465616638722
0.15517130262812903
0.036929984470732695
0.19532923249097223
0.1056860512724102
0.2483401665805507
0.14513488006365258
0.23021064546456046
0.11014309623529678
0.023608975879556682
0.039292259597252584
0.06649709588313185
0.09198514691409611
0.07745692656107057
0.17388486250828664
0.09080108286838268
0.10298607481570887
0.09806430333890219
0.10752236775118294
0.1159683720004631
0.129451461815795
0.09829293841101827
0.10617242405787707
0.15930448803393268
0.1182547940779368
0.07841570373434265
0.037999864776069384
0.05636800864433052
0.044452709548093446
0.14175990886518874
0.1541659100380735
0.1202808555606262
0.056548492318303
0.1096246440969971
0.11226384804879991
0.10174780583415091
0.12415240519944945
0.07991265207158989
0.13988025120419004
0.2235018129961885
0.08396290474429377
0.06344919704176356
0.05912644770717059
0.08656756565088373
0.13346780972686648
0.12489355519167265
0.07932832820512545
0.24146240859086715
0.1205236130570522
0.12354611296424145
0.038055679251084044
0.07967751724434954
0.06629798613904024
0.08217749621452844
0.12408059096711
0.13302902639287273
0.10301750677580404
0.08797471895219972
0.15870598295205038
0.08814013084846732
0.10149164907700323
0.20939524571876106
0.0662018607165731
0.06391296320099128
0.13315746863941463
0.06063184228700952
0.01816690415810519
0.15250251141854068
0.05571321459813825
0.05521424438254653
0.10216650623236062
0.10715469326426898
0.10318224648655121
0.19332232427237211
0.11396720313294126
0.19826924676686575
0.08727101257726856
0.025761181921064323
0.04807232586705115
0.15664455995084203
0.07640957665668549
0.08917840740364857
0.09702298862331803
0.05666697963383609
0.07669157849391682
0.17221524220256096
0.13348870229461085
0.0816440727299844
0.18002005971464272
0.07833148584767193
0.04336004520464209
0.046532061208938484
0.07244684118885139
0.11554395387168913
0.09233907523787471
0.12092667507318683
0.05222621215127676
0.07593212187611628
0.09810683652209637
0.07704397766315411
0.18360110454349574
0.08347205613816987
0.043323532609441426
0.1567702964655441
0.05291665531540936
0.1438714848496161
0.06941421268459841
0.1428025385323279
0.0798662851986695
0.0933865942318607
0.12108243381932086
0.11215160959589118
0.11140777760118274
0.14569297693938799
0.03425292009220762
0.1262117005496152
0.10958082430389887
0.1329106442649322
0.06862430615095778
0.060697187415663365
0.1334282748671286
0.1410232512244971
0.09876399392991493
0.09137160305874283
0.03566645662215134
0.07592818628696765
0.12580284014877524
0.229887659547705
0.057186454505938074
0.07565999581289191
0.13443175760342072
0.09676408289362583
0.06691530511535365
0.08049346954260092
0.18374885323891169
