0.05899996717011301
0.046949448149110416
0.08542900290274628
0.07005343227702031
0.11300963799721638
0.08831756146493751
0.042240114305650125
0.1078590855541934
0.06988480925698883
0.04950883620721695
0.10180326349814812
0.15597825404663324
0.14802108958924756
0.12014538488759685
0.0962103556720969
0.04308744483563904
0.09758043906425216
0.18437744257654856
0.07320580978973472
0.10285245084910599
0.04873473579128359
0.07502893826111934
0.1418399985379838
0.14460154662724714
0.14640079681551343
0.059786777498841745
0.13520845290273376
0.12197804621904156
0.09782731636540509
0.0891133285029389
0.18136345250545088
0.08033560390819722
0.12056659402719933
0.11190454075687094
0.16891952002316774
0.09284844715995245
0.1637707893395822
0.1405268264286622
0.08844835671037105
0.16669282823582954
0.14400981218216996
0.1026348478199767
0.21240535006376687
0.07502250913939484
0.1743788121116745
0.17330720853389495
0.06823950640142736
0.06242592935309151
0.16674211196547026
0.18461392738119303
0.07378004319696603
0.12402103137622461
0.046823936040054547
0.1610423643622611
0.14893582977965783
0.16829441917988366
0.07013930277369511
0.17653235803480158
0.11695286107467485
0.04651364912547419
0.1424067668698752
0.1021698579351416
0.06178789463154219
0.07444201082320785
0.05585910781595311
0.19947808920472138
0.14890479268757922
0.08266305661466099
0.08079917903347596
0.09505221480502009
0.12551339406753784
0.16895330273001352
0.05509652248215833
0.055456939828578404
0.13471442035225084
0.14088153042017848
0.16334061264368832
0.11445038662254708
0.08210971203876218
0.11736262589309719
0.08552049869900584
0.10136046869474129
0.05694882268568913
0.08654384822139106
0.053383564180895744
0.2164785424004446
0.09415350357177094
0.21870810461005177
0.10092217941899696
0.12762247844585434
0.10286435716779657
0.05436350388031145
0.09800019974188076
0.1828266360816993
0.13277981907692576
0.097909604957152
0.07505879391640605
0.07826985560637074
0.11801592884503308
0.13550213229175304
0.09889537433555952
0.06076012226887001
0.1506556276844555
0.0774784921493506
0.13951671239590333
0.17252729652955065
0.12738527176377284
0.15942572811257832
0.09432332599657187
0.11947035691186274
0.10674745003739629
0.10147455338448448
0.049569939823661736
0.11421537099048396
0.0952794306557242
0.13292613023284094
0.12331832573738419
0.019909504962179293
0.0970843209914382
0.10502550849449849
0.07100566114159648
0.1212912803715343
0.12095470491227094
0.06085708670530191
0.04677544092809177
0.034536223331729184
0.14811239119068448
0.18050229140962806
0.07455527162656526
0.10936596607686684
0.08972733418036664
0.1036467655538206
0.10506824171592818
0.14527675054480174
0.05667625925267003
0.042763200599564496
0.11715783989757346
0.07162915682888851
0.13051103989751708
0.09133005436671729
0.08140073575217459
0.13334958037662548
0.10512202188364342
0.21459587759471854
0.035313206552382674
0.11380188162258871
0.10411107404590803
0.1733003497278968
0.1894895985830047
0.11875536262811033
0.12746063039945119
0.08005330203048985
0.15164736539243395
0.07273574328208239
0.09269108863060978
0.09980493343409862
0.2663528127603658
0.14568271321876985
0.10140551098766856
0.19280605455720853
0.08930334089519544
0.07379511007568877
0.13698118989134114
0.0382322613828778
0.09570837093371114
0.18145774144653995
0.07200413927618175
0.10894059743144859
0.05315156881330987
0.13236492404770941
0.12330743640966704
0.08897116212010789
0.10731851812976048
0.18056040204954246
0.11814352330450788
0.1864028684456042
0.07747426240930697
0.09840485885887858
0.13953736508950618
0.15127719841322815
0.08997776165872104
0.06587859915738375
0.07089617915979239
0.09284312302579331
0.1410460009610891
0.12410678163634078
0.06638337799033286
0.1890907770856171
0.07803953306615463
0.2243311396645889
0.11256551370402784
0.20306431960427637
0.04724640417206469
0.1311196783142725
0.03654410710086575
0.0546448407532544
0.08044249351363467
0.06339921642134097
0.10882532307762263
0.09657908534909579
0.11664003699194954
0.040055837479369985
0.11696903987568857
0.14351274804296066
0.07352850410683913
0.1509141377312919
0.12176648943648699
0.09108145819351186
0.16551652340496212
0.02973771492684489
0.15949316454012263
0.05840458749278246
0.1722057268318941
0.08390616739043473
0.14494374689452127
0.11847147949695377
0.16050243741684034
0.07514792314666822
0.1277518787289228
0.11984584395357863
0.11887066848216984
0.1331863866885838
0.15535300387888085
0.13800847543262745
0.052400100522158995
0.15420122811243397
0.09164931684458832
0.1281366652148052
0.08534685264459975
0.113099952710408
0.22399155242637273
0.12391492244679517
0.1345008286543297
0.11147997111077447
0.018888370783578183
0.16707611580116427
0.17396491725168825
0.07606367358103745
0.10570224212330495
0.16667191199513362
0.0782815576535974
0.09267814254512724
0.07278866342287575
0.055923022576624244
0.15421899305174208
0.11615361811384023
0.06227928270330552
0.10602982164037972
0.07634738318777026
0.198280571821815
0.2603799234229005
0.06852207169325641
0.10024731186983223
0.07310141626050783
0.05646827633742519
0.11070481026882041
0.10669489244620958
0.17422734057749995
0.0734207899112051
0.08902879697125983
0.08754854730822842
0.06918994136314027
0.06800674562936203
0.1130694786412182
0.070736366465671
0.12707613511506546
0.12549273951534462
0.21033407083619143
0.13263768324585126
0.05603681864965295
0.09961452959603216
0.05058784019313812
0.14641720523374166
0.07616127200359854
0.061139155604813124
0.07109648866051461
0.06997295059219173
0.19671542447885954
0.12065608831513668
0.06158309530655222
0.12951890573335104
0.1143815689622986
0.1800974229204325
0.14446544358166155
0.10836007213262759
0.11502090676884281
0.09165974079255845
0.10397865457753841
0.13616626112226257
0.1412598744374849
0.070754794063623
0.15469053098709615
0.0637715140117105
0.07116963968151922
0.15958891078435886
0.04687486611805021
0.09694245039139698
0.059196411766232256
0.10774244869498455
0.12728823490508884
0.07692786312744813
0.17285935567190824
0.1574358137138803
0.07812530820345158
0.14172168546588895
0.13158945829303065
0.24829584715153022
0.13763629139717737
0.12120406029011083
0.09054949289379292
0.1415628180111965
0.2030911422307455
0.19549399108910637
0.07209047429330072
0.03493605975567004
0.14553704433234055
0.11582637949133891
0.11549020882456261
0.18959292940456068
0.10159686142586015
0.08210353700569685
0.039497948069040716
0.10298809188022096
0.08711839436562827
0.07452706681977153
0.08536314530131085
0.09987223027034939
0.05639644687352833
0.2029949036679627
0.08110545891861325
0.052017725264286004
0.15566844568102162
0.15525022563588894
0.07596602234291328
0.14110879120538475
0.05742839713989813
0.12249022272475762
0.19389649206855994
0.05668605721457818
0.08693676360668705
0.05342021598399575
0.2456599170996951
0.16420217438958937
0.09629848145913715
0.1799818691566801
0.11209894692394465
0.15744596698048094
0.13894049975267847
0.1585512780931829
0.03830727283431346
0.06862394984777347
0.05504859627363706
0.10513451448487775
0.05021710825978583
0.0992912867928762
0.1426921454151501
0.03335123476472049
0.23738309198883062
0.08008301703857917
0.14001378344453497
0.09724304272324516
0.07402369398118469
0.06661366717288342
0.22674901190838753
0.06849929667294928
0.09306776200311494
0.07537980668168695
0.1327424745213445
0.09042831929390303
0.08396981132997397
0.18196942678673814
0.11487181474119257
0.14649265618223262
0.06928362010202353
0.134114498309746
0.08042910136695126
0.11328998392566926
0.13123637767862553
0.149664601888182
0.15149326365243954
0.14766385619485692
0.038366998748016315
0.16575763522762849
0.06809691956105406
0.12248714487838953
0.10063170187750273
0.07574932288862607
0.15599117484732766
0.12625013700730806
0.21130755357466172
0.07092836458053169
0.15567558316773566
0.08725491648195574
0.08532375655453736
0.1442919257657714
0.10679315779208144
0.11425893523092749
0.16623050595130243
0.12248618204092258
0.09651042057115082
0.07883727025630995
0.1305347305121195
0.16759199977860387
0.09907951880085257
0.07325726151219324
0.10683933726425104
0.0763446315277583
0.2019804251627378
0.11163109206039326
0.18559156671521726
0.12417200266694664
0.15992956060910948
0.1404202720796263
0.23092916035994968
0.1060046104491085
0.05546072464579155
0.15446342537233299
0.08823099036663062
0.1346538419410736
0.10335725629927432
0.11846064269257724
0.1908973407779268
0.1773612557694126
0.12023648269512656
0.12465990335036312
0.14313887170742762
0.05871745592439687
0.08707404795115203
0.1373324986853255
0.13594311180862215
0.08072152237996094
0.08044218318001932
0.1326677608615459
0.21887530305013692
0.05954858549648189
0.22085746918796192
0.07806838939784425
0.052554851268776986
0.12145212173817185
0.1440033600511547
0.11343915492626887
0.10966454574741712
0.1545904504632726
0.09867863800729362
0.14555171634569297
0.19111065714924683
0.09902844340569243
0.09508494789815271
0.15798077533807606
0.16728948514917227
0.1306915999104855
0.08335304644409644
0.1444052689010947
0.10411919732273318
0.07918071668263167
0.12377258072065979
0.11470348020002621
0.17717502772224264
0.10010008441957424
0.07702252041239865
0.14915149944896192
0.11167462651456771
0.15329650429824965
0.13245898203763562
0.20932058203766812
0.18748711998430614
0.1027510666830836
0.07282040979525839
0.08718082844902554
0.13551542878386305
0.10397402466163992
0.1506197409307838
0.06996919420607056
0.11557544019913363
0.08652475486714808
0.13490128693952277
0.10002985756418577
0.12445841906583288
0.1334816933011816
0.11236600961182597
0.0776826518871107
0.08844591677513405
0.17013780188855254
0.07717448465759331
0.12414712390223724
0.09838298708549406
0.19866366469637037
0.17581842021152586
0.14021292930325197
0.06351431249450615
0.08574300079487403
0.12970965367879667
0.1074320475063626
0.15217456185828104
0.13769631622224776
0.04186890621482236
0.12448993045892814
0.059303288025374275
0.08001205990621961
0.13313439337170446
0.19331739479657756
0.13274333112393658
0.14564102261419168
0.08714018871107625
0.19043413667518183
0.10438556991276719
0.24439455617396943
0.0777757115664548
0.1269916731066243
0.1744869341510682
0.23029380286890375
0.03973039273154377
0.05740594332159983
0.06714291247017608
0.13848961212456753
0.1543199765176482
0.10224105789367521
0.0812689037838393
0.11015354934980476
0.18745563267371482
0.0823054171739843
0.22133759193512156
0.16516323887031836
0.11739897520991659
0.1491629637242011
0.11374792804780232
0.12943766435048326
0.05345036368736861
0.15724496489374712
0.10739963548998581
0.09306169862912786
0.07288143323017846
0.1355995978428441
0.0909724428574186
0.16708222242452234
0.04573950864580298
0.08996371030840015
0.04498403178116571
0.11249632335781358
0.11379235303243047
0.10850987873348776
0.1707488622176942
0.1908046292546077
0.17999130715499131
0.1187822325015073
0.08671094946497293
0.11199229834077142
0.1177175040406981
0.03567703570255651
0.15993421490014179
0.1336742033163379
0.07398472710049701
0.11655746241542998
0.1744225356495559
0.1217601636317099
0.11763728699005392
0.09080158813119545
0.19889772271458006
0.059387810979114004
0.10345943798105782
0.14727451647635764
0.13786408344207252
0.07883029056555074
0.050583047585800664
0.09403187497728878
0.025761181921064323
0.11716446929175223
0.12056130139251771
0.09803515030547397
0.13457386410705746
0.072998768978456
0.07211380484150615
0.09716147692305685
0.10728741146788476
0.07699181755640579
0.06438098393755626
0.12655133639235916
0.05322313684405844
0.1814019080655886
0.06288184524381156
0.07817635482525796
0.10211211232786717
0.14871941937619698
0.04363848035653758
0.12032164854942165
0.10546521329602121
0.06426472013760014
0.09705397760388525
0.1312129712435195
0.11605178473186512
0.12530731666896514
0.11767625693071411
0.22764773772797356
0.06089041049987467
0.13026541547578155
0.05227840935059269
0.133369477416563
0.1558934590077715
0.14188825636900945
0.12580251595774936
0.10364474325960789
0.06830374633567357
0.15217897148535245
0.21343058377884888
0.14001512584259318
0.11981872811506239
0.16877049135502314
0.03002060045174631
0.1628596277482065
0.11642436106703445
0.18650460945649425
0.18179008648611816
0.11511416784296476
0.0874820290726675
0.12188585445905827
0.18037278862295567
0.10505359683075047
0.06855919736668911
0.08397889780591226
0.13650904526896587
0.06264903043635447
0.16423462042177028
0.13386620284283565
0.11976812009905784
0.14636952559752264
0.10962428593630832
0.08958873500518386
0.11542930124497362
0.1094297356734069
0.13416185625105592
0.11278132885798255
0.07550472953402443
0.0966407271255107
0.12115511230015102
0.11218955543584505
0.1274156868028446
0.04216674911520814
0.06512176086075382
0.07674670393885659
0.146131287967726
0.10982602213225907
0.10367099853513087
0.08437814938260792
0.1758241491163227
0.09724251244946876
0.08693357816136885
0.047467828036367975
0.08088122453893869
0.0830452711502685
0.1102915138593799
0.07974757438008792
0.13415332994215087
0.0470983059440302
0.03313639189578617
0.1450358399245586
0.054464295928072864
0.09515203573048008
0.08545512472435211
0.11655229024267263
0.08605156417023622
0.12576641100188618
0.17424294108197963
0.12457817143588212
0.0816818032706065
0.1534242564122078
0.03441272252878
0.1267855024665911
0.06586468261955906
0.17047553203618704
0.1512796168518244
0.1530072231453771
0.03679098263661509
0.1637995955559598
0.07762078782834202
0.13272128131463407
0.11171696670768413
0.11375441007823955
0.10004023141718629
0.07299367279870642
0.12842629024084698
0.106601676898338
0.13060805146370474
0.11427546982184525
0.15363726041498796
0.12658737078280854
0.09046489684537212
0.07778147697658877
0.07792003590557571
0.14050803609445742
0.15610982499776932
0.06181881943504856
0.06471062115986337
0.08858125106963732
0.05806663771810931
0.0943788942974973
0.04274692263077322
0.17991703461265693
0.09987338575054856
0.17932088063952795
0.11457151389207214
0.035761966943745914
0.12991663951189147
0.10323106706515546
0.046757620937812217
0.119314404162464
0.13980416307969407
0.11583979652503541
0.13681376595135566
0.12636394664856354
0.12225885271202218
0.1636579243349018
0.0482960690819674
0.15150327577196857
0.1364985691689984
0.08798551328623483
0.15840683087572918
0.06620350776453751
0.10256606549426779
0.11194656204114928
0.1705542504404026
0.03236365085892943
0.10787626964810443
0.06056199107964957
0.05910351734137754
0.03203010622008337
0.11184032840673513
0.11403821262068743
0.10805816627290499
0.11826062385875365
0.11919381378845828
0.1924620084081548
0.0710241060319995
0.1988027157397597
0.07223251390810963
0.15399428226787962
0.11648145714829113
0.16727131908444334
0.0823626108559089
0.06173650194988556
0.08688959599887297
0.054355404493946984
0.1211886363118759
0.05660173321296277
0.07075683273231911
0.05579957492624326
0.11175197069919754
0.08691415401896567
0.10572379171548844
0.18012911193289832
0.10830271421467075
0.08635678801744888
0.10144841357383345
0.10133642693281183
0.06680994172588377
0.12789589706077167
0.14290339836490268
0.13846471630930227
0.2076503534831617
0.08343477163554155
0.07061111668260278
0.16236772101833694
0.04343628595488037
0.12444433657155675
0.07142337180230739
0.05701090132797025
0.1047129540970191
0.12903313340796113
0.07360592372588891
0.041734500769851995
0.193947218569302
0.1490458837230983
0.1406610263650659
0.09054731361448641
0.0459864383869863
0.08715026133095873
0.15238858514831632
0.0926583305286758
0.038212956357247106
0.09615492566742063
0.14861562121910207
0.11959466077319487
0.15252184311307931
0.12981781024758576
0.16932425567583648
0.17831681658475385
0.06557483062798401
0.07211413502717118
0.06505045062255242
0.12178272911807751
0.11188225456907114
0.13099501544835954
0.16107736216856453
0.04465335183194864
0.11318661439010792
0.2022781681593762
0.14135463231363066
0.15084923915047987
0.043491538838599464
0.12149527567676924
0.07417906080025533
0.17149237928017677
0.2585301927372825
0.055671180764926144
0.18652272217070304
0.059162830240105234
0.06564304649012587
0.04138056459276353
0.152807485895475
0.14715419163238738
0.079400139319557
0.09843247806290009
0.1630726397679366
0.13085705828427546
0.13714754628383038
0.07586800022283137
0.10924197198733522
0.055915304217558685
0.15616243552390355
0.14970593845906313
0.06076077737725641
0.1415235261156449
0.08364038636773759
0.1336796702787892
0.11282149594532907
0.1151105064263667
0.15712423726290162
0.07875330909159087
0.10193823647562411
0.13803184701906868
0.11996996187058231
0.020079247563283498
0.10492993114394235
0.15148820726269766
0.1434579087233953
0.05705871434819212
0.09312602714591067
0.08543700103062282
0.13841491991042695
0.07322898959352091
0.03413636094449306
0.20932638894253358
0.18383242109996056
0.11067658892207582
0.05731765702309595
0.12305858384946157
0.17699752966099946
0.24987796275085136
0.15021452126575824
0.11567301415980277
0.18894457240449328
0.09460964247954323
0.12211225413943115
0.11606083449481873
0.07411288373164186
0.10039786993667126
0.14763195872292287
0.13901189402038577
0.06646228153939582
0.03929996638081259
0.07014222807322022
0.19872422344302818
0.15716545378668992
0.1742637553174868
0.0790115390938981
0.09996077735371824
0.1189780920819366
0.1492435215681018
0.0989941215176343
0.06420042023640064
0.11928421077369772
0.19339106877760812
0.1696124646901996
0.2045634071826495
0.10643375730677249
0.14172589782290942
0.02372019929686269
0.1108371656054788
0.08139743757612207
0.11377330144294821
0.05925647315557719
0.06514644412151278
0.09829089285147337
0.15840799518682044
0.13068814050539626
0.17411141174244812
0.08375391292664089
0.126853387686715
0.05476523497737809
0.10092972754446103
0.12457914852333953
0.15925851749739892
0.0874674827147574
0.14925698871200757
0.09288707534226635
0.03648104751814725
0.11648309655971179
0.10272192978468454
0.1828585997684044
0.04984574036035145
0.09369776836036525
0.06329154990484033
0.06195388366433033
0.1992649576239215
0.04797728412385865
0.09192581012638737
0.04887879233130578
0.09567467156544814
0.018404655939215985
0.2418792580361504
0.08614938502155503
0.14422409923922053
0.16301695235846053
0.11528808571462873
0.11209402254429689
0.13523810799745026
0.21242570406095884
0.13086213563758695
0.23952130049780285
0.09338642585872393
0.11180185675941555
0.04922744736404972
0.1782191423561209
0.10537667473803553
0.16480627841833242
0.045231712806797504
0.16387825306950235
0.07935494733834879
0.08164104866108428
0.08750178538987281
0.14234419936468912
0.09515085127026789
0.08792922263892432
0.14029444631580495
0.12024071041082196
0.02990157610655874
0.06498911404158561
0.05855599610041398
0.11339245813921943
0.04662432949180698
0.1429755322597969
0.13232064124015638
0.14695930436511864
0.10059408891697277
0.087876504637939
0.07538329693880838
0.0735369073061459
0.04187380453729904
0.12140254605554227
0.16803218785742247
0.09225046059838171
0.11868730044023351
0.042491225362770176
0.1010220121420633
0.14625259485728861
0.102402536890276
0.08853288402467657
0.0952867133769786
0.22089214136622173
0.11992503157251953
0.32226628714294014
0.09628081870617565
0.23405776141903795
0.10124781245581986
0.12299829447741589
0.08867634096119761
0.13732465470967825
0.15393294604075697
0.081349244844355
0.11404123487950656
0.15228220126300768
0.09722536782995075
0.13285964229968197
0.22807231904448463
0.15559276420218915
0.1268215349812961
0.1081844367810065
0.10297641484279503
0.1241108667810731
0.11980749718290719
0.16207739610304303
0.2500109644611665
0.09638812019425672
0.16048942206250705
0.03991815553754625
0.06239964673833089
0.09789264966672524
0.07127516792943477
0.12206110090023749
0.19088927805235736
0.2005315191493589
0.08720644897319096
0.015734626628613677
0.05039479952656277
0.10297472366772775
0.12565394709450614
0.10699893068576444
0.07735742330017674
0.1582244046114729
0.08500730854749546
0.16430055649636327
0.18080073234386265
0.12466934858218602
0.12338153443047134
0.09673460109974896
0.12171496763912101
0.16867034517481042
0.16685945406019376
0.19077211245593406
0.0839114448594263
0.1007611022476032
0.1371082951742585
0.12971689736832592
0.09656221020341613
0.2303851204051349
0.08130807877300915
0.10757790938864806
0.09450827553148491
0.10862980526493798
0.11139108342523789
0.1721214163477017
0.12759092207279107
0.15591031939066208
0.11261659773379559
0.15741268641510928
0.20881151473526086
0.13936435006824377
0.06642785659878987
0.2210374823454515
0.18078433313659623
0.14881695335387646
0.06226866014859675
0.12298585135598043
0.09775111613374629
0.061073539488959376
0.1691170043908394
0.10226061535308226
0.04845693713126803
0.0612266710053666
0.11637594017865012
0.06244310614864456
0.11300951652308479
0.14968389233297097
0.038207462215657136
0.15511068525990515
0.10815324088991177
0.11731751447799801
0.10935302148962027
0.08119270667811736
0.07631277848498719
0.11477918130634715
0.15586306547737047
0.18708842115914867
0.11115509379693048
0.13273941226040456
0.094758208821731
0.0984727897158999
0.09241134955072344
0.167139004438559
0.12492358103594225
0.10330741422959952
0.06702806272962572
0.08211398455996104
0.03988785336248062
0.11764087924103671
0.16581730560593805
0.09928794111707157
0.08390839836906833
0.06853985733508926
0.14793389987373842
0.11655537857755915
0.1426712332299394
0.1209956535524582
0.18537485888682279
0.17523670190434196
0.11301947500660164
0.15607444723882638
0.0416458947868345
0.2219836449700691
0.15493126764504053
0.12281217977548906
0.092705366734354
0.10225354121380566
0.10618920474995266
0.22335061819234228
0.1174673120341932
0.1031118108513598
0.14908030096835406
0.11342697376675709
0.07611601856766267
0.051713711121073085
0.15177249333750112
0.08006805499346034
0.11679069237584398
0.14597947391783223
0.08954901057978092
0.12510840215318547
0.22852978867309195
0.13392559748291208
0.19766535138956456
0.08998327226732197
0.06201312907576714
0.07818836065425755
0.1629864965992729
0.03569916924333806
0.22931591423396136
0.1897279350022716
0.1405848574826447
0.06707417039404773
0.13568470959271683
0.31960444706677144
0.10470670492737535
0.15124871130981551
0.1691289687028915
0.13966290824833996
0.0978092476969963
0.13002525271470666
0.10689427763918004
0.07194817105810633
0.11647488982811689
0.08976773273450724
0.12225665341128175
0.14276008417500277
0.02410321636869206
0.04539890302573339
0.15925621949023114
0.12485686496294834
0.16199859518419052
0.09353307497568326
0.15204741779546754
0.08617505412957605
0.062494545142654116
0.08984233112052169
0.08505578662539583
0.12778319253403755
0.08815907194439498
0.04728790422824018
0.1477500685037859
0.1709227998962493
0.10658176101108828
0.06362421206802925
0.11169236223660813
0.22099709035123474
0.12956616957255127
0.08915733467777415
0.15293544399106318
0.0805435846444164
0.13452304687057007
0.058240428346495246
0.0955012105597718
0.0818582302335326
0.13033578399099038
0.10294290935580502
0.16516374178946527
0.07642215472586575
0.12176129863469262
0.115834307510328
0.07631785559385267
0.1906607964963194
0.07143791147928936
0.15165566613865872
0.10366542449496369
0.1312593426154669
0.14435102259711943
0.09811882639415467
0.10429600970923254
0.1261685727465263
0.17734679257645358
0.061737269620494695
0.16184512185482494
0.10034190470873447
0.13845227303388902
0.15070020021048822
0.05385145654650639
0.18403464080750884
0.09112808570796334
0.135610624915091
0.026052154859446522
0.09394123568318671
0.057423511211482134
0.0818588784520886
0.09006911440282439
0.05835367198564504
0.03671225271354364
0.04397837512904555
0.07947064023198494
0.1029331033857096
0.07645209831392899
0.14067132017697334
0.086509039477749
0.09721273679390839
0.05982594289122187
0.0915182321933032
0.08788296549276171
0.13335957565394657
0.05678472873813792
0.14425246271743472
0.1514513964707523
0.10824258217522324
0.07669083332071093
0.18549221473326954
0.013907188114107223
0.15466763663503208
0.1561499504928867
0.04615369936457248
0.11241477884281094
0.11305470623955657
0.16352750875835254
0.1459726234876805
0.226497296955391
0.09190039541439138
0.14588106755697475
0.11578696846786023
0.1111526501514661
0.14830756368323725
0.07367424424707585
0.0787368958885697
0.044422221060070724
0.03412150241546975
0.11931303096309637
0.20265410942677806
0.07642130849872403
0.06966203820742525
0.20127926516087202
0.27017811340859127
0.06449536594047417
0.1409219890978852
0.06360935323146445
0.06257068445308714
0.16633232244483984
0.13003347534597054
0.06563325079851672
0.17173077182116497
0.08817382037026666
0.1570356161969206
0.08212205462020007
0.14271228666798128
0.10937922804151719
0.1279674098875962
0.17160528672575223
0.12290680311191106
0.1569689136498767
0.13305721721709804
0.13696943894639174
0.09540017262151257
0.07400111995453697
0.06714376538784796
0.14565941938612378
0.17235503183634568
0.1219212713686896
0.09107428651183039
0.13876135906865725
0.09123246811703456
0.16015019144329545
0.12049150824401
0.13359576953579178
0.07051529568727942
0.04444826669660819
0.04743711949306858
0.09537262272953041
0.03391336258209477
0.1459658420657671
0.13741139376223485
0.07716485284488032
0.1648942511430785
0.15167357820098792
0.19471817146194256
0.07626388256270503
0.1685861077485414
0.1385953908874976
0.11263879467415036
0.06321120973060107
0.1225956482596674
0.14820085557846613
0.105507568912838
0.07681462730956691
0.11863484347081961
0.05685546673112744
0.09799769238596298
0.12125624808847614
0.05700119027944101
0.11414038155831233
0.11239020569166282
0.11775692138382256
0.14861152956259174
0.09965111862331072
0.20578913397795234
0.17516311027763878
0.07060685462028429
0.1260506907159129
0.10784370292467388
0.2292274234687991
0.11618381988545609
0.043898218828558135
0.169347420839514
0.08693170560433178
0.08792319537668458
0.04018025149168491
0.18748193522751616
0.1293368837811124
0.05840329164153688
0.13240470699367599
0.15836129276369273
0.10566949942154362
0.05169571203060404
0.13763166207829974
0.07993870240770308
0.14376582965487275
0.07646118936409657
0.11287389849397028
0.2155015306937166
0.09390510640515234
0.08702965909675923
0.1247207618000889
0.1403245919203758
0.101878798557278
0.050317002767983274
0.08177098064788246
0.05852203501619686
0.10025374124514833
0.0371701814098717
0.18085117871699677
0.07857644346146819
0.06791558180951966
0.2149318936008001
0.09740761009060926
0.14927573410166936
0.1367117382617441
0.09740656382483577
0.10313973726126956
0.0973508197618527
0.1506114856819648
0.11285064932583964
0.09847497838810135
0.15661933106718642
0.0801796276332376
0.04473362071621342
0.11321696542333219
0.059268509381158144
