0.050434661952016624
0.10178077847094964
0.08474142991326794
0.14541731935716495
0.13877649944039652
0.07533313536451836
0.1334849434772468
0.1091415217168979
0.14625820846323676
0.16785092739505428
0.08150795053791833
0.09898174886615672
0.0670902735020258
0.09757408417226848
0.08039357464830199
0.2112241280594344
0.15997169776708192
0.08853327447347982
0.05666401607527266
0.0740479666414216
0.09483140528820758
0.13380037055707458
0.08805175034678968
0.11858376830699359
0.09756857330365025
0.14968327517983557
0.0440067843720857
0.02606503072191603
0.11723564931924899
0.10407144416890031
0.07690541606214331
0.12670126790689554
0.19194268509319473
0.15076028103944142
0.23761302145873947
0.06271487368109623
0.08607055267279337
0.13678819485319568
0.14372513956532385
0.13602580037362974
0.07034841594541684
0.11985210507210649
0.12335419852145461
0.0683235247333696
0.09077990921583066
0.1259339646515483
0.14158893564236158
0.14071261389687578
0.07405687398274774
0.14172675070011517
0.1230217452270602
0.1105370401795219
0.12619248704832509
0.14144589248516815
0.1208323465207671
0.09072592458121048
0.09110810502140426
0.11576360500618728
0.12173766956729996
0.09755710419690702
0.05473535076857201
0.050409030312561526
0.07037312195495007
0.14196812942941453
0.07963362100847585
0.19803995065533206
0.03626630792704199
0.10852384210465679
0.057885579713683584
0.09340806195106688
0.05000158753994466
0.13844338959127056
0.12155146402325373
0.09950992125504729
0.10883781734249118
0.1658253935779025
0.05250436752227696
0.18173130800031917
0.10989151090565387
0.10090202441227045
0.1593377379271465
0.0598064940195172
0.033903632468374106
0.061794004030058615
0.13184102223610206
0.1237087921095827
0.15810734768973672
0.08171007016278611
0.14273814662799064
0.09460770440438603
0.12432533028246691
0.09960904324940069
0.07636728012279577
0.07197656472410564
0.15786185888496726
0.1283169591459015
0.07216632494620823
0.05411045272155517
0.15678067818420288
0.1189164885336276
0.13000348469973635
0.08349795000000712
0.04044235219790423
0.09471566458581333
0.0738795777112573
0.08205716778304895
0.032388336125017715
0.1614075841335959
0.062051693165538185
0.1145035205042663
0.1657596679614525
0.08869063713834177
0.11063369697445513
0.09603165540653245
0.06463107389085343
0.13364848651376057
0.07921403797711798
0.09648689359480755
0.05598982709753017
0.14699754911493465
0.12018838807070693
0.11654279666697658
0.07121047837057244
0.14810614101638972
0.08652116491433219
0.10982866591775714
0.14133958119390447
0.1012680778567015
0.1118334141337059
0.10100052884170445
0.06824615648550594
0.09365976919669283
0.2020330062590652
0.17348602382664657
0.09891655283905665
0.03857622920394291
0.07601958246525382
0.18161283041307033
0.13777954835124845
0.054172314886718316
0.09142701608039618
0.14100139442082235
0.0964216347347035
0.06907247756940492
0.07098172702248748
0.0963340475643067
0.17400069732937545
0.10742493199247437
0.045949571941881116
0.06008600776339561
0.11619466817263323
0.11560716607974846
0.1362979180155795
0.13734695830015856
0.06403605708450724
0.08622455498186284
0.17507267145764752
0.0971992880615104
0.06083207526640424
0.08628339768957724
0.040096353782466836
0.0556601004410925
0.07057234335679151
0.11951674224323375
0.06370420681483689
0.1475369794559111
0.06054110542279111
0.08489136992210726
0.11678666837661687
0.13157499395756236
0.12725997624980048
0.1443757739794013
0.14262727924458785
0.08272165565716862
0.07253474897187209
0.05218902274876636
0.08500987961519854
0.1304946000408944
0.1434839273216252
0.12098205188709894
0.07272370436554869
0.10556792474145625
0.17276590962007268
0.09210718690297678
0.1625825539820795
0.09736438439974898
0.11750075737598366
0.12735866715527838
0.08171181531106883
0.163029075359638
0.0853677161921617
0.06726756929793125
0.020597457515867758
0.05703925742192908
0.09059703778276136
0.1148326745865478
0.12164962047976839
0.042598275389773996
0.12436126760920295
0.16114804166057356
