0.12185623951943712
0.08095089573674015
0.14195976241587793
0.09497166414679196
0.07936446418680129
0.12506410737370796
0.1501049235701552
0.10307373500173353
0.05102930391296238
0.0746201208789166
0.09032674860132398
0.050476735712486606
0.12549533851287487
0.10084504537688403
0.06375160906983161
0.04165663651145613
0.08725640029242088
0.10203880344985004
0.10097859681690284
0.039963622612378354
0.17893982866851574
0.0503455593177687
0.09488399901816985
0.08703877845051988
0.09161274573853434
0.12517570551874418
0.12514207318927775
0.07216750985592942
0.10479165599719743
0.18629348414769378
0.0889418814900042
0.12759921448132044
0.06591689558571072
0.11339389485851771
0.1402514915482972
0.14709243448449566
0.05887759623777095
0.14398092275923818
0.08284724768029972
0.04168139016384264
0.08682388173431488
0.10399971197910869
0.12387665213588948
0.045279851435142564
0.10807366350448266
0.15921717566703314
0.15842340425990256
0.08838096862945256
0.12620474774659135
0.05489200203378686
0.13309924745635737
0.14694514444045167
0.051951421349928216
0.1851444258715956
0.15202366664990496
0.06351415215360172
0.14300072871324407
0.14735948702916907
0.09451102705898635
0.09415986982504647
0.12364555531453902
0.12036925524776983
0.1225025168564367
0.06484264580976609
0.0695388829878642
0.08112778902392392
0.08793350822778614
0.08355165240665446
0.10733712894041418
0.07433085603768086
0.12236904813664765
0.10495206189048684
0.17205341672714566
0.12289411096233105
0.13785013945179486
0.15869510964264644
0.12027476278290701
0.1030539217341113
0.10776619445814867
0.16224704582352079
0.09164514472810603
0.0778996630367184
0.10192610516378381
0.087770422260723
0.16211363226287573
0.06047588463621848
0.1083645639857813
0.12579637200582247
0.10369794940433047
0.040582867976715876
0.06908073127812095
0.035915192320200746
0.05667454818065355
0.062294366616343626
0.05309885493817288
0.09635309174783376
0.15838671887463343
0.1655244364958241
0.10474935050199433
0.06362446560889973
0.13934192444759083
0.22440912552836825
0.07845198060549585
0.0613169732090748
0.042171690577614745
0.10366860593349925
0.20499589701750087
0.10384491110720279
0.08868074701541259
0.0889198092330662
0.10543833129139521
0.1732436789795287
0.13832452521889105
0.14814500212707649
0.09953775287696848
0.0663651900638193
0.10495881866207855
0.07025063550442165
0.18276091853397716
0.12230398868137353
0.10023535092183998
0.10660384153773746
0.12113128093884859
0.13594722305433557
0.11541173283956536
0.060646324337771375
0.04997666400891032
0.13076016591236242
0.06037677327529776
0.12798082168551428
0.09599772275216432
0.10427517603965758
0.08948067571991251
0.09283265049561687
0.11469245408243578
0.11278738674888351
0.13787766077421806
0.09107440410707766
0.12566731481034418
0.09014735967306058
0.05973682411185445
0.11769047932373099
0.14591083337453464
0.14291704043270648
0.11543693985540417
0.0639413231717139
0.07655504848169048
0.10447806375355603
0.10065195724720247
0.08381588086040828
0.05534884901362061
0.09095372638589397
0.10674882177199137
0.034041809415355395
0.07589710983243395
0.13479360036913363
0.07111615150870149
0.061522474027023634
0.07791998983226749
0.04090386889534963
0.03628094978157394
0.17402823393201505
0.11128801136570489
0.12542060465973887
0.07948362839576159
0.10582854176785766
0.06940437875585456
0.09757939648879413
0.09412504955220621
0.0881115180622305
0.11812182155718143
0.12359709505305082
0.09816812990995935
0.11563048546682538
0.14387145357548564
0.14493395146057783
0.11348955875845763
0.1250483048450767
0.14891291671087542
0.05611745073370483
0.06746724876272854
0.132073173393012
0.04863514495930386
0.09168655965905319
0.1570194090660861
0.07076451209281805
0.08710783546150488
0.15521773576152587
0.12286904889733127
0.10958726874382681
0.05124198691266464
0.06071852949801648
0.15931953723719766
0.10176449707821984
0.0621915868161409
0.044488583568361606
0.1359615055483475
0.07233229708380556
0.08694139314886802
0.07974773818143374
