0.10026191542746284
0.07780890037389925
0.15975684105002683
0.04151935539340741
0.07791187252651727
0.1017517547822087
0.09678171686770311
0.09680419539100221
0.023715221438213044
0.09839462564367493
0.11477750050264951
0.07915760994549685
0.16121887175032493
0.0380971270234964
0.09588327488982219
0.06050837426383492
0.07862464761925066
0.060483601673868376
0.07067150756795751
0.06939797064222572
0.1136902063017394
0.17344178633162138
0.11491460253536828
0.0937511784955698
0.05463765826122611
0.0704019856657566
0.10754980617051985
0.04607227510640435
0.10958011149688286
0.10407741702682426
0.05637160656809625
0.06412109724640123
0.10968583622053668
0.06500527341897913
0.0314016795297547
0.08785993128654952
0.04265146661391705
0.0738574073887954
0.11645869745327414
0.048485177567437886
0.1177934918882383
0.03223591975116545
0.22838015205729673
0.11690042085703456
0.12987091617570792
0.13297784829097248
0.15299649344493477
0.12286718972280737
0.16891454974699277
0.08789604950692671
0.11014673310144835
0.1637682372115923
0.14336736638527742
0.06695468366893405
0.1232935095765104
0.07641471416959097
0.05767378642470698
0.05592686422221386
0.06060388963451914
0.03523463245927131
0.052041080859858764
0.1718732877240718
0.1107553154161916
0.033255883080887214
0.0712822231676195
0.06264579617339522
0.10731147217033617
0.10785290589919584
0.11008944980759365
0.1469531593997429
0.07256744686125864
0.09434601148012
0.06248094265583828
0.11295747827152314
0.07903699960392924
0.0999634076669397
0.0876544311313523
0.13133554078470422
0.11889420707363017
0.14911175991877954
0.1370890801477168
0.10203166945214416
0.1462195635492806
0.0862139216620671
0.13732505504955525
0.1313649262360087
0.08533079312426903
0.06933779959907338
0.14385393625077378
0.05254417548103228
0.05893297693318487
0.14349584399064816
0.15801583006355707
0.06901922808059488
0.16537115255929222
0.13127979502088613
0.058424017303554884
0.08267090033658893
0.10797567347861475
0.09467129314549788
0.12218097278002753
0.09423217602039424
0.08788858216712073
0.1739529514543608
0.09875481532333544
0.06589331875293361
0.07984753198378655
0.12845947785822573
0.13093589509874579
0.11090241726218986
0.017370790423125393
0.10037456573774611
0.04899515710939253
0.11343817123563539
0.10210737911504512
0.026472543922649024
0.07700708441766109
0.11251645912451869
0.100867528673267
0.05018065477411877
0.11909624041852045
0.08514956002016519
0.1020282465473588
0.09727543929470536
0.07449370164178898
0.10934869608687828
0.14560248277804955
0.10909349207774736
0.08352820714696067
0.0549331330775692
0.17738868472416552
0.08683069610603192
0.10805239893320984
0.08118742382318896
0.13560644782840486
0.05931250445172574
0.17705937186451648
0.10582315091738827
0.1316879025691546
0.0768011804009364
0.10055620213535874
0.08291506093409053
0.05878722593912105
0.12796993141833787
0.06476409343609411
0.06313670584510947
0.07644740603924242
0.06885710030167398
0.19604879811414702
0.12913599661535233
0.10031244764259777
0.09504425059179102
0.0503697688984181
0.08857625419278746
0.11510489262902558
0.205588104059757
0.17167864461449955
0.055082895151742896
0.09509911892084331
0.08130331718194159
0.06976561922588717
0.040487169316469555
0.14100643771437602
0.16394590521631977
0.16570358387748887
0.09545177274136354
0.09868978668584584
0.1751134797923975
0.10344260107099822
0.05489693847512224
0.040337778151738814
0.05106333086436195
0.12450904029998085
0.06991670959872655
0.10069219187703883
0.15244215809789474
0.15880177119526345
0.1144454950247102
0.08882754763516286
0.10007130864823728
0.09724019196892648
0.10940970040684875
0.0640184633104407
0.08653024184990431
0.1252422825932002
0.0344798871889726
0.14182850185037998
0.07117114788299811
0.07362799159059569
0.06288564524927523
0.11546028589389443
0.08743434377899222
0.07170695070457953
0.1019116479835986
0.06760538229229525
0.0966230678238291
0.17839551759551747
0.19021672028504147
0.05087956496944295
0.08360947600771824
