0.11216022837518377
0.12434156526299361
0.06763259505602322
0.12192957957786452
0.11557267050659593
0.15961376750560335
0.05217995796626462
0.06930535095506801
0.14982496338792647
0.07051010069604827
0.05585555667495343
0.07461374226798592
0.12698396866851316
0.08011538911012092
0.1328734739654059
0.11610421724766806
0.1383512062774203
0.08526362496149172
0.1379872520014022
0.1694941101958928
0.03450480488113263
0.14479625705293298
0.1321468635233466
0.18949390237642508
0.05990249786596024
0.17071955124442906
0.09214383332506476
0.14865015519899538
0.10638032267679993
0.1338437219009778
0.07757316455620039
0.232661241204684
0.11315077061221107
0.15523584856670106
0.08121760873326346
0.13051664337166793
0.2711045788347626
0.11554509811683435
0.03015331908562619
0.06773188958819597
0.10619654036220744
0.10072327933965818
0.11984774295793908
0.12584799455066495
0.06786183412308541
0.08310465273037405
0.1481585881561886
0.12637128927492328
0.12459080334929418
0.05895552934184748
0.057105120795310174
0.129103057457019
0.09149412819898459
0.12161097135062628
0.06710304000548023
0.13475829846092846
0.18741394850217535
0.13087384531141857
0.0576883255401749
0.140119386556795
0.17722217179404265
0.14940940289639412
0.10646273882481719
0.06656333339144532
0.09781543982299537
0.059409247492993915
0.10451122683684098
0.12861049266507338
0.1269261268493189
0.10196382780398425
0.19091927184247373
0.09536352965892667
0.126949739543712
0.11094923428793976
0.09424189161487155
0.12507969625746346
0.07611532262230575
0.09279259034753305
0.11338354469274928
0.0405068570663583
0.10678688600032245
0.17352659582908347
0.12319297550935449
0.05202682746972932
0.1354850108961571
0.038970785959051485
0.09645429839213826
0.08391143178701357
0.09809948751520306
0.1482184905749282
0.08519584048774681
0.12505607582310022
0.12788255052270983
0.1041478393806689
0.10328795221411602
0.07437255882859006
0.09627449656009317
0.08629804608035796
0.06260105352996803
0.048504922567669986
0.13282115652306004
0.06440356989450338
0.13088969983474202
0.1242862378960627
0.1644700492727947
0.20205470631625982
0.11275873909137381
0.09957361561072466
0.09261804312813093
0.1468534439983232
0.08065206388387348
0.1052317807103436
0.09443562362253399
0.12106438732154969
0.06662459748671881
0.10256092654747863
0.0890765802939913
0.16075263705266254
0.21295955733077512
0.08209001474936764
0.1398543027220848
0.033908961879485444
0.0989660330671927
0.10299499008914474
0.08168090009230856
0.13355161990986167
0.084907388978021
0.051803363175060305
0.10028725479045143
0.06899528147372325
0.10593832449405036
0.12138661141395568
0.06730020505115203
0.03546423369956509
0.17415692612590905
0.20187628714791508
0.059131585993580656
0.042230192818132
0.04814946411802627
0.12612983232565314
0.06263379465035061
0.1880589329738385
0.08825194587725622
0.10285897870905505
0.06749371095129421
0.059480386791882084
0.0538100301348467
0.040488037898224756
0.1495560579916433
0.12947411125581432
0.09476080149945286
0.12830953264118244
0.09479974809907898
0.20725884670981246
0.13946623819841653
0.11523382977356035
0.05276437064220553
0.05737453882595625
0.08897331977587554
0.07040823825763112
0.10057827893725779
0.1760755794455796
0.05298046380404173
0.2023271704639632
0.21862589162600837
0.18659590074972612
0.06700894390090466
0.09915893879079823
0.12878857481106804
0.059201784528897
0.09018333056647454
0.06512254796578387
0.1026211016466584
0.02419854973834664
0.10158285743827355
0.11245929519341591
0.13478206655511385
0.09648057304937133
0.11052580942271258
0.11359367615644715
0.10732497025226913
0.06655019233702876
0.03942277521930514
0.08118003682380696
0.08459976892702656
0.08056981869361436
0.043794954884454645
0.07200108212794565
0.05611947484865108
0.17643073754355185
0.07657849923790712
0.09299124667997091
0.11169517591621829
0.18260032601563617
0.03599883373062249
0.13072616679559868
0.09426251473438656
0.15538954627533624
0.11896402520982408
0.0984309008172923
