0.04440592831975633
0.11980433144048637
0.07026468269488087
0.11383083272308753
0.11137202694910416
0.0366895027974152
0.08589176391377536
0.15738702394809295
0.09732130609286384
0.14446700604101856
0.10459880292451461
0.16294461255369047
0.07323405868904384
0.17389393953943486
0.11469719257183297
0.1274441216773717
0.07847862058172814
0.034953227375074954
0.05061640918941642
0.11838580713773124
0.07452920871647095
0.1518804216982818
0.09047918679807297
0.19451836960068858
0.12685108191572525
0.08631130806785914
0.10837144814099951
0.10003605400768383
0.09048224652170064
0.06247246015303203
0.1390523122917565
0.16818625000590448
0.10152277655207029
0.07152883928963541
0.1378681240775471
0.13193604971169348
0.10356568045588728
0.10951271555233005
0.13766834457207172
0.12482080424408551
0.16328143201776732
0.14481813458867107
0.15026428784214535
0.07113295681423248
0.0767594880393097
0.0847372523534187
0.23324711632555428
0.04613933426079328
0.10100989264020466
0.0654719830085439
0.13568318193506795
0.12187827883504827
0.12597336577321763
0.12047328571891158
0.12326800588106673
0.12311566493721196
0.048878999772198915
0.05163803954153623
0.21998205606580093
0.11024154078861158
0.09641502500924204
0.12231814072929338
0.17426000636178385
0.18832523948033417
0.07778174593052023
0.06179219686954013
0.09990020736063306
0.14010409256799966
0.17034258792642265
0.15353618043083384
0.040912058321519604
0.1642839851168571
0.1016367829222157
0.09982101057448381
0.16877350368104263
0.1249361962336805
0.08022905296207537
0.09459711018332187
0.1238667745206446
0.08005320293216352
0.18075347292955685
0.056788858729203036
0.07064370249948425
0.12850449443337703
0.16527610540088628
0.08883940964000163
0.1526522808924465
0.03790751083388192
0.12429120510114923
0.11047385493312764
0.13200957408566003
0.09548252827039827
0.1723538628926324
0.08100975236886161
0.0951161301833534
0.10911690236501909
0.12498391960960883
0.08532983343069496
0.15221372959415247
0.11104110672277435
0.1511571830412898
0.13875463866253687
0.0985235187850392
0.07395329919713697
0.18707385939286322
0.03146755003875673
0.12093250195952927
0.16791733692166996
0.04596270507524305
0.11992758104307435
0.1919863865029053
0.1627764615652185
0.057641920585108745
0.10698862295018856
0.10300857697256709
0.15145500923450658
0.04437870282245782
0.0474576722671978
0.09845466771357654
0.06355450110304615
0.10536137588038544
0.14218950005806624
0.09798211398746057
0.16867162518478804
0.12061137515235691
0.15587101178726717
0.06740178425120288
0.07253194022167657
0.08468672637407197
0.17964096248258157
0.10106816887445588
0.07023980244311485
0.036353120991337716
0.13906633199371599
0.1423577235069639
0.07693997265743718
0.08842590319268426
0.08803660322902439
0.10316259271281732
0.1163426941896463
0.11954748715079519
0.10312714892212074
0.16016354324915905
0.11860799684777755
0.1230869120146101
0.17351129388941813
0.17859529561010162
0.04416139668448064
0.061791668222394174
0.1471335467689333
0.10032034960542927
0.07617984780175804
0.16281572543565048
0.10745507696733678
0.15581631153356215
0.07128533284844778
0.11308706227667623
0.14129780752591203
0.12878011927145902
0.039387422974187986
0.07712286130535725
0.07738007914075251
0.043213431642010774
0.13215763023560834
0.1030428737530234
0.10615442539264495
0.14942098717265298
0.1269997598283889
0.1471669020440255
0.14364541402507422
0.18461577962135958
0.1676222893967467
0.10826225203570711
0.14260709405083719
0.06844115816235309
0.07181045506923314
0.11161679467378298
0.12792171335692426
0.11825891957560482
0.0622353475374063
0.08246632224079364
0.1290534329757608
0.14869724591404418
0.0991212422235274
0.06299002566709733
0.22289592288195678
0.08400760531677429
0.12738047095089325
0.08884628625409469
0.18403727869866734
0.14739111457429976
0.1910553656084734
0.08607234297209657
0.10042082639613015
0.09855737407302323
0.10993619704793357
0.14346878465133392
0.04271858587837988
0.1225822451700087
0.11014169763978382
