0.13730117768302458
0.04463653974890399
0.061965791023253454
0.07287660759111964
0.06854111484871421
0.05212108354498225
0.11954435084810924
0.10970085408725284
0.11246474854910159
0.04264135308575683
0.08448190346757259
0.06894421145467222
0.06639560586150474
0.1388223910090968
0.059859515353298504
0.08460866150208685
0.1688957598045081
0.18446615407297595
0.20581343760961807
0.11412585579090229
0.1563635661512782
0.1289719416971087
0.1592341692649911
0.13214507677715484
0.13254623877219762
0.10358444932737433
0.12304100802178271
0.10427099322151982
0.11569528726706514
0.1456041792444845
0.07509197677726594
0.10811023813312043
0.03552647613834037
0.15571247724269704
0.05554830133108767
0.06135950772159791
0.1185058027439381
0.12306858221658162
0.13651357764814065
0.07445286268676926
0.10186116115651596
0.0497904469487135
0.17218676627209428
0.15013241608941902
0.13264047265492446
0.05404439465448689
0.1142491187255267
0.15758078080497367
0.06033235509291145
0.11419427575235268
0.10805712900420758
0.1287890818423588
0.14773081577977645
0.08529081762875002
0.15092010226009328
0.09543862034795213
0.05739727971302583
0.06387282329320929
0.07760631260143086
0.09242264355942961
0.09681556983223957
0.10283970395882004
0.10303101179909845
0.1367620355388109
0.18236148055842932
0.08016737428961872
0.14084914194104553
0.10690010652535413
0.11015106545367374
0.05827061142901076
0.033325108194746864
0.1382781066155289
0.13538647739701057
0.17928612154037296
0.16011115700949752
0.13211900463799214
0.07632823320600987
0.08256860820084413
0.13233889109312222
0.06861572402146586
0.12477277031221515
0.08595927995895156
0.11398744274787552
0.05886802060171208
0.07265065105471233
0.06864420718964695
0.11300456034086169
0.05860934906557638
0.03941826702691429
0.05823671678313259
0.07533006345480936
0.12115090956956251
0.12355022883337939
0.09402736487348426
0.05680881599646499
0.06454425718560355
0.17143810962753075
0.11397356503478136
0.07810853179055606
0.0687773402279809
0.22458489727525624
0.04628672236770485
0.11163739825325299
0.07866767676737309
0.09974736542952545
0.130405680720213
0.09096564320437099
0.12099016238787863
0.13403597997217592
0.09975444129937745
0.13416168896863856
0.1163940647152931
0.10723240112720897
0.1041732444022229
0.16235729526560344
0.0716609920935531
0.07801295191370582
0.06347277150996933
0.1236166372098328
0.10988704334973795
0.11729070204946553
0.11244836702361043
0.10921191113044397
0.12601753644428643
0.09755950851809263
0.10956242164761214
0.13261631342132815
0.09729591799535575
0.08608482789739276
0.0564025128671661
0.08841662106257482
0.13410150029763623
0.18150874645326384
0.15030105193164756
0.10476066197067956
0.10361809548242046
0.06817747562139316
0.12596288223158952
0.11126471860904162
0.05279697505345795
0.11885439104168016
0.11887115872859427
0.1520104458199939
0.12408023676705511
0.09510412225995603
0.1626012132151145
0.07877908173122046
0.0599627847815437
0.07504124395728455
0.1775764929081587
0.14575464569277174
0.10775178988536722
0.22840047327199417
0.12072007176692433
0.09594073550073572
0.09297796069440704
0.188853339157931
0.055867509644570636
0.1549413897682856
0.07064770204713786
0.1534755662924255
0.12558303956983255
0.019516163401661388
0.07035056709777675
0.14008895761983095
0.0834742438131636
0.1066784965048216
0.11931630036534892
0.13770004525603238
0.1502975481581416
0.11387277349658526
0.04419719716398711
0.05128555834469352
0.10350297401372761
0.07487781377044138
0.04946427425719372
0.16846776532378702
0.08731996138863478
0.1846512146825674
0.12086364753881548
0.09343251074420016
0.09167898763478367
0.1374876985436504
0.13778072815283904
0.10861344181152954
0.20696129953022505
0.09447358677387377
0.07540217158319486
0.06640418688121259
0.06612284360868118
0.17922234901946044
0.060033060510620795
0.13645280801832804
0.18002820018960988
0.020194338829185837
0.0775325118640423
0.1145446575650322
0.035220442753537036
0.10636586159494116
0.13730248498831402
