0.10054813189126628
0.060116009883945866
0.1362458481625371
0.09662354867605633
0.12488715296150908
0.05984432423314287
0.0818368903429358
0.10262562330544148
0.11709964385040417
0.09107203910889425
0.05425852521893609
0.18546283638936095
0.07346300849685815
0.16769106705246029
0.043192906031366225
0.10803482831287528
0.13985985570647363
0.13774050916420502
0.09290044596921769
0.06497487894238275
0.043614789170965576
0.1553184501190733
0.13923450245363173
0.1303524088963279
0.15148008815251612
0.13808047776759244
0.16151065196250966
0.13682997570370475
0.22207253349207864
0.051001589352085944
0.12485435427636192
0.09939394522411968
0.07175623771057804
0.07404884331919998
0.15477301639760224
0.11822025902419857
0.06581058388086068
0.11050149277533704
0.05433289232003435
0.08907069761929057
0.07695205115443889
0.19725935889961888
0.11578464872085402
0.08445390637047995
0.065094503809962
0.12127129968068008
0.07047327098826245
0.12590770443772364
0.20059417785872727
0.09844063606955812
0.05293766764637432
0.10360947824563602
0.08575260376058437
0.11727631109548706
0.0908469148268619
0.10400311847335601
0.12192045311405943
0.10235702514856852
0.11597282760888729
0.10473279258734743
0.15942667295983068
0.04336780866125958
0.1045862632220452
0.09006346826547557
0.18136501336380895
0.08278052585866365
0.09593252403322694
0.06263179157635616
0.0863885291374323
0.12362109096291159
0.13432359284680043
0.14547637358299376
0.13906924509537721
0.157084706084924
0.09588729084195369
0.1548093089359789
0.10300676390484516
0.18624990869674493
0.044690658013651255
0.09100939491367357
0.035912958104661906
0.09914231188541495
0.03247627342955639
0.19934729524524583
0.06559199047798839
0.1160378273115654
0.17240326264780048
0.1497641849015641
0.07036532390520378
0.07032183114705058
0.08224397735351606
0.0904158709312091
0.05711895605139161
0.07873925603939333
0.10761276450489109
0.12157640748918062
0.17215902108508194
0.0561332749853223
0.11824432600336257
0.14355473916659078
0.06608458536123821
0.08666505665878904
0.16574731619981123
0.07805647148199238
0.12110746683997405
0.1377509909491795
0.14641900504540226
0.16810494913261598
0.052166244135702214
0.09310693890945926
0.1225554481172785
0.10216134559752706
0.09602856673260914
0.1491371527469652
0.055529500718902725
0.07022355859986837
0.09808875485807006
0.1712912130432739
0.058292435035320674
0.0901618319371769
0.12188162163715481
0.11416118633318457
0.2428146602566465
0.1462299830199639
0.0963885542738616
0.06271702864134245
0.08979654145092467
0.10292562787750688
0.10042356471679309
0.04712246917146994
0.13264276372477873
0.0600798890243536
0.15223656159235685
0.10629111321817855
0.06502733687377084
0.10570469838107777
0.0814304819657602
0.07772758856799179
0.183950845804426
0.15308181988825553
0.13088256653397332
0.05239834860225262
0.10419292264282289
0.13126026061311288
0.10728997687934072
0.09170145225868229
0.03737906601495117
0.11873499884423025
0.05681525069132299
0.02603941527765924
0.11633512791037483
0.052071343575720214
0.06892904430123073
0.05444734950710896
0.08570441219823748
0.1718671818894243
0.06813435336813335
0.08947024136629457
0.10965321094738832
0.08410738844918939
0.12471717353440046
0.122860151079835
0.1461376707852213
0.1662087929395828
0.08090217572787782
0.04426445727709669
0.11309850222465381
0.10156433007609723
0.05404216548896261
0.20685531504130833
0.10213024864505055
0.08024532981532903
0.12162445143518688
0.16455347821456545
0.14134072175871853
0.10554048767931966
0.12156262421762025
0.0838431616024182
0.14183150599174466
0.08038782694963979
0.08726892376468036
0.11546951498143264
0.1105993511630297
0.08825511472643723
0.1106378089814404
0.1283380968419696
0.031129306490285096
0.13156584724004064
0.14547995394222638
0.12071927893863668
0.08600525094897395
0.0924682770777851
0.032721906295948046
0.09847122753503294
0.09747449977679461
0.04128118684893215
0.1277722060312858
0.12379122059550493
0.15243016380575344
0.14748755158786633
