0.0778471358316764
0.13044234950842146
0.08325164001179453
0.11512427963730548
0.10664718553238663
0.10695077256070347
0.07595515220138206
0.07753979534440827
0.06651113886159275
0.09399319476825421
0.1330235403636179
0.12066599677959503
0.11166478457517695
0.1570520828349278
0.06164159987077008
0.13429519082199864
0.05916057910397384
0.05903758797062609
0.09089394010785033
0.09983845649892698
0.07431303981265858
0.04525738826486566
0.13480821667736087
0.10883425477240109
0.08073742425997166
0.10179497533048594
0.1924987007351664
0.10963590169685507
0.09906212541202127
0.15918798239503285
0.1446707931631625
0.2029056027277865
0.09592851899573804
0.11416083352716656
0.12282751626994842
0.18194165944237542
0.17927065447091803
0.2131971324364126
0.17263567201709265
0.09736112843156604
0.1205428018000164
0.1671673733862023
0.055121112360049525
0.10055090262273754
0.17934910522057962
0.14377396859682917
0.07536690944635568
0.13208582492722848
0.07574758870455264
0.06594988580885988
0.041817418822123406
0.050212614181669016
0.13863824519569443
0.09616042991253258
0.20088304923463512
0.07594443191352114
0.060603153710785576
0.18074803029276806
0.07992509804704359
0.1720516817118679
0.11537966608459199
0.16811649213287572
0.08487367441320438
0.13863232094367797
0.10668987066679922
0.0901225955246828
0.15459173139535193
0.08280402814271297
0.12182432177086581
0.09568425978847618
0.0764584451023247
0.06655908189739063
0.06886489804732639
0.09965211466281194
0.10682435735547371
0.0741264877949106
0.11335141552193614
0.05487886309832774
0.0780823829472976
0.11883751353627214
0.20728014927234778
0.12843248932799778
0.11069741536342788
0.041238480856528384
0.2304063785067738
0.13374240435244367
0.09574505129429749
0.08456257507027042
0.07235007576811549
0.12191455730771548
0.1606847913805143
0.05388152396678517
0.06277921627159018
0.09790809936193472
0.11531629047921867
0.10526842949641588
0.1608185672916374
0.04261249489967274
0.1629333666164924
0.16009356507733247
0.14439253662674345
0.11877794201978419
0.0998013256404309
0.14634993441371402
0.09558157799599397
0.10560094707580395
0.14168499338315918
0.07746490901950652
0.05067746831308469
0.08646631318868907
0.1603181557177555
0.12180761065296207
0.13234853402914934
0.09496522796391031
0.11324304230301582
0.05588156942343867
0.09242546107582629
0.11106316320126669
0.1397021892493913
0.1368424939317763
0.1440160210379597
0.06264106871102501
0.14225771465103534
0.1522664280209382
0.056900556516217754
0.0821795849519596
0.11151238911931759
0.046904420113481525
0.08059235053020475
0.09550110961922537
0.054821244035415474
0.09084553144375342
0.1507650205131981
0.0576721782699997
0.07079726436057136
0.1445853150712401
0.1147432417431757
0.13652694639013585
0.07140429267155207
0.1790936974789538
0.10642838688175948
0.10297395683226007
0.1184750874725689
0.27214798380268046
0.05128469562207807
0.13807783470993493
0.06765267823438482
0.06415693420955744
0.06228704266299224
0.11171273810857182
0.09747910133868472
0.14871572253243612
0.0833577809004864
0.12865538441111332
0.1092621233625603
0.07756889018663506
0.043498150234186406
0.09308012473864517
0.1424515962905433
0.07386067747064509
0.07264899147398989
0.07509238267165136
0.055780557252745465
0.061261273455055144
0.09787919030232631
0.09931623102643651
0.10567691327000091
0.1683718563933531
0.062064092932343634
0.05696634165137609
0.09911662227353459
0.11250801504792464
0.09493527437513014
0.1135675361260696
0.13007190842315197
0.11890676663058838
0.2331747602346378
0.10830817107357325
0.1462979547282512
0.11273115410275628
0.15813791189144247
0.08282529461457895
0.09993646103521976
0.09241250566757951
0.11684456220452219
0.08311510725191476
0.04719624966913381
0.08574176918343986
0.09555771712413061
0.05583893835339239
0.07876928537341361
0.0449515800950651
0.1262771810200356
0.11598239731429784
0.08682321347624676
0.10937640056307074
0.10862805325769781
0.17920641185954742
0.112894875346391
0.07104557307591494
