0.14427681529174813
0.10314621895483606
0.1316367130111463
0.06836251101434701
0.13213019782967264
0.161650738898821
0.08963020983139754
0.1559039484272311
0.08453641803559148
0.11345256806682487
0.05842893572465224
0.14993745092463676
0.07330527318215412
0.055719594202702206
0.08823636571917615
0.056406624083737755
0.07910996200774902
0.08196284728223552
0.10664584681400792
0.11421393289059398
0.11046933804121657
0.08671184484495774
0.17595551976949875
0.03249340102972045
0.08975096111416721
0.17008703972526695
0.22307996638708802
0.02809319135860477
0.17012005290421264
0.1623946154842082
0.10023142228925094
0.09454267084421313
0.08993430877543054
0.0458436590711244
0.1363267187233952
0.11695909667371514
0.1450462345355075
0.06935357569708049
0.1088527721277838
0.040606986607534395
0.10576296640964918
0.05005612299119785
0.06719109342351383
0.04976529147721943
0.10859330049330061
0.03840640061414674
0.09204445639565507
0.0430811233798288
0.10643083537472679
0.12888506041213643
0.09927907209720978
0.057204882284735956
0.09291802216305768
0.09720126207659652
0.19815515795129576
0.17036661187484528
0.0695462349469783
0.06887608538776194
0.13324759877297343
0.1145613740960776
0.08308657091414784
0.09404539593528043
0.08028626249355936
0.11025244675926793
0.11742489399137467
0.0773141778656461
0.1888520872932649
0.1364834640607931
0.08308189018264947
0.13610385980061143
0.10992458774853735
0.09240723411589175
0.0730538324846852
0.05201633058958597
0.06281891162268644
0.1534916014442435
0.12512414310572675
0.09758060460293064
0.07853485022410475
0.08691542835954627
0.11205268213900375
0.10386246216361397
0.08229363450900744
0.0921218362717433
0.1377772326290696
0.16550909993855206
0.06122876254795743
0.1669874544495656
0.145796373575153
0.146853246099916
0.1425728823707106
0.09044862731077594
0.14302623567727962
0.17013045053117595
0.11300038038077896
0.14293722356018862
0.0761453207443401
0.08988678049278433
0.09049798583006309
0.1542586584720638
0.160845558236809
0.17225668337686567
0.1967007984126577
0.17346213225982493
0.044323691103357335
0.1285559275296728
0.056131156857076446
0.13138487471054325
0.0641817435429869
0.06302519384418764
0.13007956953988623
0.06499352647006844
0.07953692792653619
0.060140892508039584
0.025787340194319327
0.08865883658004763
0.08902099236705646
0.13357407815364652
0.022328108770222063
0.10629865465792515
0.09076285925427365
0.10495419870306483
0.0843029106183235
0.10364477966522753
0.08522051968214982
0.10389907265405043
0.09108049174819334
0.13873679815411177
0.06145202444650706
0.09651365010542294
0.12117051431514961
0.14084095697697294
0.06507894805517479
0.17785200658471678
0.15651565680137594
0.08762890553689755
0.08276350230610365
0.02670587688319956
0.12395580210549997
0.03739566402062306
0.11640510406036211
0.09459264485795658
0.02544134662151374
0.0662493527676329
0.04654866383680652
0.10722844948433889
0.10735275172298529
0.05517516808605483
0.12053848512938162
0.10867160114157412
0.07360601208100599
0.1497518659678603
0.10428345114370748
0.11894827375129556
0.08793618802698139
0.060681745906254136
0.036431370160340204
0.044836070844632696
0.10180463944065904
0.11334386248045125
0.11136450123319466
0.11710098636905888
0.07927072769221215
0.07818999713995654
0.10811164588916426
0.10964189533388516
0.19684436316872797
0.12677622330886668
0.05378396153380498
0.06692214406023538
0.09597502841190401
0.0966276866184038
0.056062239082926575
0.07859955592364198
0.0841689524078429
0.11973096417637247
0.10495917614237497
0.0795438010550856
0.0875876724606729
0.16349073285568475
0.0962891019768971
0.10714966861058202
0.08497323328702154
0.08115977814564738
0.16403885166945179
0.19113249411055538
0.11580724123323498
0.10669046818217974
0.07354080818699507
0.1147849684230486
0.08752575240563729
0.12057228875296278
0.17116733256138117
0.0900416122833401
0.16697782768545452
0.05873641528657944
0.14296694483006697
0.08026119931218521
0.10780455864931826
0.16958119507589073
