0.125527846266899
0.06546184626951092
0.11026793790577497
0.07120159437460598
0.08927645730177322
0.15799633408729194
0.06604780478830577
0.13585670667317445
0.07335597512604082
0.0677094562347335
0.1155746321656032
0.10038990207518461
0.10784024780111724
0.04459996488301725
0.07914188494136125
0.1332189843519788
0.06780882167859129
0.07746877042210856
0.058669033336401985
0.08133698986185578
0.16192922106728436
0.09444889736749418
0.13169800288381703
0.12882762407160822
0.10475072291406323
0.13942457216360954
0.11823570410829866
0.1561220920198446
0.066378647441318
0.04688746787118627
0.14911745169444146
0.0664546088950019
0.0412076794434226
0.12308118744964835
0.08574223459482398
0.06787149809067075
0.04154489714661275
0.08610145377470055
0.08032786654456639
0.0857139784976559
0.10619208319853904
0.10219497572773455
0.06948846891259924
0.04874648760396104
0.16260336437257208
0.15089845470952032
0.04306284735280129
0.13841498260689022
0.13128623031404296
0.07516791482480212
0.0834951081470541
0.06773174101188911
0.052695870493702925
0.043005459553027696
0.07065455667697851
0.0995354091755876
0.08048991715357945
0.08772284844738759
0.061347410827239685
0.17454651034983326
0.05520023558562324
0.07224617111319453
0.12591315834259104
0.11412475524445966
0.09114637518606011
0.1483811509291206
0.10108987635743082
0.05718868793450532
0.0944074594002991
0.10566866972821527
0.045791128923507896
0.14475332947729821
0.14669550719904237
0.10318072149438219
0.1602315047339678
0.08512211737875156
0.1754212068398021
0.1359110630884517
0.1162564841291543
0.08720113570274228
0.18071525663009416
0.08201934015587847
0.09668937783846952
0.09272489667442374
0.17311263751784817
0.12414637669534431
0.04092254640603663
0.05827012940132058
0.062199707637888915
0.19271479985401085
0.09181356938383119
0.07896503917071869
0.1513444935480508
0.16709985707388259
0.11906772313546671
0.17304847192496667
0.11949861931358564
0.13898076969077006
0.09160019529470614
0.03789080864674558
0.07093701532315966
0.03391856727089385
0.04458834056404191
0.05512213944386337
0.04679337265501313
0.11560344573935419
0.03926235248523831
0.2111326848990753
0.09866101075903698
0.13106936051867973
0.15739614399307866
0.12248180440767303
0.05945523309976775
0.0415190448236919
0.07515141888788804
0.15915041987457532
0.08340572221961387
0.06809017655559632
0.10736421567728381
0.06597811800466803
0.0847667764147371
0.09505209463342397
0.19847772811696718
0.044128626275988764
0.10247636821023073
0.06171283898617446
0.1321654818977555
0.10721035532215206
0.15003745521183198
0.01893652439407341
0.14153286773250276
0.1015816425045803
0.1364813352352254
0.13133118007026032
0.1103269564790005
0.15508727318813084
0.0927280794900704
0.11984827293593274
0.1332560965677011
0.08645057948233488
0.06641683681659251
0.116420880934283
0.062306496522040324
0.07635461436692492
0.10651443644234071
0.09129988683220795
0.04181435315089663
0.15554579248472852
0.12736200891895216
0.09982757787548667
0.09868705306245043
0.06722599042297615
0.1482360413612839
0.09620740835105115
0.07927902755052132
0.16238564837231653
0.0531632708145704
0.04305953076082206
0.12066405630417301
0.15766665707884103
0.09237738027878134
0.12622349476337721
0.10949739061117135
0.07049503701543733
0.09342469060693
0.22681754640248708
0.10823555137748628
0.12934331466789498
0.16229618865025056
0.08485399493598147
0.13516677760503681
0.05882030405737712
0.1428030024252525
0.22847457865738582
0.12059696908697753
0.16657724569648052
0.07219504996297157
0.08844788310243556
0.15607956068556236
0.18070650579425357
0.06855950521512703
0.11794244549201909
0.12656157793844452
0.12914549409474887
0.07056498567336338
0.10396234057368434
0.0972809791591497
0.07891383853087842
0.1271952691996103
0.12864580117972402
0.14762549330229263
0.07198275729458724
0.13128326917994768
0.1350524133648131
0.15649717545880665
0.06929896808147075
0.0792030145913944
0.07781254896714583
0.10689831549816246
0.08847410016054981
