0.25859061222302526
0.27903656483303063
0.14923330329182394
0.28480733219791887
0.2836451475546918
0.35727998647873066
0.25430948933649844
0.22831776724822564
0.3185652410826707
0.32700929228177084
0.19940997729393858
0.287650281407546
0.3081222811953283
0.2860238499057363
0.39889182835003234
0.39275745806402645
0.2994647329002408
0.2990667418498505
0.3334266612447134
0.31025880992598615
0.3256513392275343
0.21781773967843762
0.2005413857102105
0.3072069333358488
0.28600343503292913
0.3169034348562481
0.1915407747729209
0.31512579064798385
0.22938806826268937
0.2141170725735873
0.2889020084898945
0.22441968094105003
0.2420036480099226
0.28394275629056404
0.315550177948085
0.30731148003815534
0.3891552243850668
0.2700962648872366
0.22670469499580223
0.2615229313005282
0.2334827137904653
0.37437133879272844
0.2745614623314893
0.22560593363339415
0.2536485991413532
0.30322885247408427
0.2338136663459706
0.2986978117075478
0.3403755482659145
0.2624297639178815
0.27279022759531807
0.3000825498615259
0.25988124126417605
0.23534825818068592
0.27116802313931687
0.3084799202505971
0.24732331151710446
0.31460493564257497
0.2971914664911162
0.26918147684935584
0.3339512680799682
0.35176867354986874
0.28182019988780865
0.22404064406906102
0.2515548395483818
0.2842350675593183
0.30396996514475944
0.27899784547193757
0.21805862779488486
0.41351638807975843
0.3481631572670833
0.24483584086666077
0.27040028328129584
0.31105704340112067
0.28262562596591106
0.2843765125643103
0.2654946196315955
0.30303291808915567
0.269106388271772
0.2309395091854574
0.2809269135724449
0.3199046389384494
0.24795672006398412
0.29098284566024357
0.33496236181084765
0.3384259700206366
0.16106994132238162
0.26615992658053844
0.2581751997549266
0.29271012733288027
0.22162658310039923
0.2667101893338426
0.27384704867580845
0.2660682871811917
0.298887093769244
0.2695896051671645
0.2765094682596513
0.29120187803173925
0.30607860906680107
0.34535093888586094
