0.28849631577522333
0.17096530633450213
0.34494639411735556
0.2637956585972261
0.3613358858129822
0.30359416167636405
0.29378823425056083
0.2790944583046613
0.2519319655455919
0.31023204142017585
0.32984913226770435
0.34182575514590724
0.273669147395695
0.3415274978230557
0.32247692974931164
0.3069903984888474
0.3248396146791145
0.3482826258087214
0.2874782242595503
0.35635333967518384
0.27090558509817264
0.29020701871556265
0.2840151643689331
0.30140385462491165
0.24736177460013853
0.25521765866948404
0.19212089132254312
0.26843027452342455
0.34111390283346843
0.23960129138844835
0.3044055075991921
0.298156994450774
0.24357260737902342
0.2541192586627253
0.27660370818858343
0.2996567063241613
0.25424970379523903
0.26867936718239716
0.28078908053781493
0.34398133016284915
0.28918973381995056
0.36490090738340536
0.26356059495256845
0.21307772890232726
0.2482767937082781
0.39404137388512234
0.30149073818061217
0.29105292186984943
0.3914094581445707
0.3883812830781396
0.26094580395091715
0.2766647141750148
0.2686804137822014
0.43948844083062677
0.23317233284182945
0.2840273637374098
0.3158300096149351
0.2274607223885296
0.2747927189198082
0.32872030966686594
0.2725557854155053
0.30470226453603644
0.3259884729089268
0.28374652396296635
0.25507263461268886
0.2507308604005896
0.2656445540327813
0.30934220163375215
0.3391960053738945
0.3633853358198239
0.3141408038673899
0.3356748920533519
0.29810324027280577
0.2708365488799863
0.2112820599369008
0.22262633033086937
0.2434764736060402
0.3377645801643575
0.2949970637733154
0.4066941635661326
0.34182954233872365
0.2847546828080719
0.24787210318366704
0.3280382949496596
0.20846094800158443
0.3724426788976915
0.2917731893613939
0.27504416298841194
0.3417186487555711
0.3263569759322527
0.31090830673463143
0.247150491367084
0.2699179459054646
0.3015520132047884
0.24373891270643488
0.2512295486765433
0.33162406808383615
0.3083004493658768
0.30448675796598046
0.3355410525397219
