0.17201407633179092
0.4147561831589665
0.25852363774596354
0.26724470001811
0.3635553139862382
0.23899850582071608
0.2797890038366324
0.42230075625757163
0.26688764485835476
0.20685706096214973
0.32598648048486484
0.338470789013247
0.3068166967274548
0.35807529361134044
0.2787205557469556
0.30472600874329053
0.225645140309463
0.30884398167884236
0.33071421573072296
0.25164321087642794
0.3482950428022412
0.3161282739493953
0.2567901526689928
0.2743345706543194
0.202252020550429
0.26318764898870034
0.24700780517519327
0.2643632220840625
0.3064100891154714
0.3229721601052045
0.3100593106256926
0.30869610368570366
0.3037798858544366
0.281691292607601
0.2967438470195553
0.27081998781520056
0.2933344686311227
0.23612381292954118
0.24413079476650565
0.27816865185607087
0.27521376949021975
0.2733644879424783
0.19891852224423798
0.3331891451472478
0.32605569818611996
0.33076702690775023
0.27505230006897574
0.3068104819826109
0.28131160259444554
0.32923292164268064
0.3116055529878993
0.31456460482395115
0.3102830899321994
0.2868771280941424
0.30870174069846423
0.2800954584956097
0.2671643134043338
0.4425611678721135
0.3732246136302245
0.2756516126074756
0.37196569236535904
0.2517525279167688
0.36413543526529674
0.2629558015213919
0.3170916338352587
0.3335252620196577
0.25313895186279867
0.28765216090859713
0.23694813330031206
0.30725038718539693
0.310146512903384
0.26719548579332164
0.42634122040845795
0.24727487524835995
0.29486775984992886
0.2495667670840634
0.24142410272792048
0.3091677120422752
0.2679656338930057
0.2519486760881652
0.30051670692226234
0.284692329634175
0.3322429817841621
0.38622061488607196
0.2784306499109957
0.2832929555699304
0.3168667587529126
0.1935736793696321
0.29798099318808463
0.29793165969624963
0.2327760222026639
0.2783770067584465
0.26761651555570093
0.2576879226070576
0.2673579093048713
0.26500596809856497
0.29375743310002433
0.2747171770286711
0.3044041470866874
0.3502404733967357
