0.3234544426250491
0.2669332888558692
0.2475503667408835
0.15122241282190038
0.20697871040902338
0.31886741282098624
0.26276499000928677
0.25433776781064993
0.2917347181766095
0.3548074110773934
0.23815958468291865
0.25501731688070556
0.32837230922074745
0.34881819323472624
0.29686472156998417
0.27114309066439946
0.3633536716740945
0.3162222736411068
0.32845888243391175
0.2565121001891628
0.23129388421263883
0.32924092256873067
0.315259784775297
0.28794959886660687
0.2288425450586608
0.24310760897029327
0.30423678366179785
0.32828965690127143
0.30360348093707773
0.33381902244954115
0.3321118380560661
0.3869583898597015
0.3298733824110135
0.2533859751903442
0.28291371194789244
0.27987227874089243
0.27467632116590174
0.30381710490965774
0.31395865368407827
0.22734508561007127
0.25536377961402423
0.3084068816034297
0.4084055490865669
0.29124667520852765
0.09308774309764495
0.22202803895407872
0.3087085328956375
0.27130560953126215
0.13449725899297138
0.29231127011651226
0.31713482923158925
0.24393794588609094
0.29620004839526803
0.26309415608877607
0.3203532519833359
0.2724124297224262
0.2316520794352311
0.24988844978991112
0.3504526210560951
0.2530923325812129
0.30035193806661076
0.24573788693419166
0.33175420916138904
0.3075244079518048
0.28169435097019546
0.28743834267132584
0.2532859264512275
0.3080269125406761
0.18552938792600518
0.3248862981553722
0.25189351927403664
0.24517624810932825
0.27771957527394364
0.22198348765457476
0.3429745750050269
0.32716773540680927
0.26811554482221844
0.26284153571111885
0.23292181252369623
0.28834550178025253
0.2674468048521595
0.2807225092397708
0.29753598412250093
0.13597691563116995
0.2686261968602771
0.31387560432109823
0.253306167771103
0.3001073243688114
0.25445027957802724
0.2917280225700997
0.2924995707967736
0.25686385019744895
0.26871906139509405
0.20408473444821462
0.24099405341685143
0.30685669367494417
0.2516667058711272
0.32579500780619175
0.30077135471706135
0.309695658752918
