0.266456804582258
0.28700610868760046
0.1543719130020786
0.33339412757511777
0.34788773404839574
0.3243890034885805
0.3334384278517723
0.25458953165383374
0.3413051907788817
0.2566317629405616
0.2784338862688226
0.3646735271202037
0.3566569198633738
0.3726488274887695
0.25231706394417636
0.33349774989435144
0.3066963844703787
0.235973849060915
0.2603728319800323
0.30367380807809913
0.2811555710612751
0.3370508280633802
0.3533606155352539
0.2599984360623015
0.28195145537719396
0.23049562191194217
0.21575730499541534
0.24608720146337648
0.3226819774997784
0.33388175466364106
0.3354670763056469
0.2722300979440556
0.3560220533605917
0.3821495613008408
0.3376687913381633
0.2988847089426924
0.31118025907861907
0.23208364077608487
0.3433653647344354
0.2588220551222781
0.30230312700436107
0.2802783359909279
0.3023403160756288
0.21575187655236877
0.33224649603161127
0.29182810955060234
0.28689992430929423
0.3254164747437499
0.286681223167984
0.266276822674325
0.24423228762347013
0.20846830297775604
0.3020143376660566
0.3150544164574521
0.3114568312219171
0.3286068009893688
0.3509735391359945
0.3006096274938633
0.3455511301666989
0.27481901035269213
0.3808756346011028
0.2879241805947097
0.3313461487115427
0.2835043027410301
0.3319937026779467
0.29006834064592385
0.33000706187433765
0.2744051806899372
0.33273651290634665
0.2530804758732131
0.3281525264981904
0.2696874711930216
0.31012573865879167
0.24987622552985161
0.38872305757695297
0.4199897259522866
0.2971131585277117
0.3036097125108201
0.32350258281060845
0.2851313446217282
0.2771170165241795
0.26278947171503914
0.2833833000580541
0.40300269866603355
0.3011277278531345
0.3197692989419211
0.3652105039371172
0.3031333975537125
0.28266746696483713
0.31551048202179616
0.28022806339388323
0.25794858631523404
0.28312633079638166
0.3531853983490999
0.24427290970020993
0.2514814401034201
0.31459397885406787
0.29812864538793776
0.2671805198393376
0.16712117095131948
