0.4452440246025929
0.2580575879522071
0.3206865998434995
0.262685176010443
0.2865821758541275
0.2824296607612867
0.2911508659359105
0.3097079424118034
0.3417868368066
0.42431620287174426
0.32338098374851804
0.2533644318034321
0.23765608470926916
0.2675278143845299
0.225837596789231
0.36201750158965024
0.30077249059760114
0.25731138079927957
0.30966158642641417
0.2826080463133565
0.27276556054395595
0.2772321115519939
0.3303182997112914
0.15113453858334563
0.26565917653061316
0.3136262585358884
0.3170693651273932
0.25603750811952886
0.3109321437364497
0.26669030741340216
0.3689506881144081
0.2963944773743115
0.25679072852026386
0.3754414892386014
0.33296145870277094
0.14778111555053755
0.2884530585842566
0.23736705193624513
0.27132339989665455
0.27751044439513955
0.24258787141988528
0.2490669216204507
0.33195589144086374
0.30281893270446136
0.23043005416427667
0.2986017543142486
0.30791502650062796
0.23993010363130984
0.27661336862044966
0.24364889606818108
0.31242310434070797
0.21947432056716815
0.29096137959803775
0.2717034473542682
0.378092441120818
0.28905411899246297
0.34912858197291785
0.2818744135572183
0.30687967566346863
0.35488484277854343
0.38756691184187647
0.23165156762124903
0.28415637658509524
0.27122982912055943
0.28041982390561265
0.3253532438988252
0.30725542559217794
0.33663836573226447
0.29109586787610825
0.33591221677516286
0.3066957069580765
0.3128873858087867
0.2602614839733397
0.3111515137334874
0.2774413638795958
0.33550370102450006
0.3077305619904716
0.21129143044806242
0.28565642768034305
0.36865972321729473
0.2309262092764182
0.27112091907922653
0.34047221655086274
0.253291126205293
0.27794183197445993
0.27621396330858505
0.28418311676194946
0.21305862335293674
0.3359141232632218
0.29985736325094775
0.3286731839781533
0.33679896692039585
0.30529167881183517
0.318426384037913
0.30088593548206877
0.2555943762714125
0.4288603811019478
0.3670743284133827
0.3484099705024556
0.2728643645170753
