0.241657027274834
0.24928188581749766
0.31085345735867564
0.28700064399535147
0.3170040505786346
0.26563048514149173
0.23428091131549403
0.22719653046338414
0.2956478978019674
0.3200084390101782
0.3056180229494284
0.3132512334135247
0.32898074135852723
0.2853944027171137
0.31154033794970315
0.3546891134568343
0.3326320313289278
0.3216097763972711
0.278371196409656
0.25586642030638584
0.3100550009357647
0.2620862664855781
0.2935890105142465
0.35678307390231573
0.29347784094102786
0.27952147992922943
0.25453293278048084
0.29246556910710125
0.3276234267703091
0.22880510162978204
0.15737110638607912
0.22396867391114905
0.2557026646618309
0.3119709155426038
0.1827025880630613
0.3341950349759126
0.28730941455897807
0.33862413099820954
0.3220206921647251
0.37455289356186555
0.3478829298198082
0.30358503235267503
0.31606775655522135
0.3460235015418765
0.30540150656748083
0.343402616107118
0.33480855527595665
0.3905569367042794
0.26712238310561287
0.31162007904820127
0.2551858015343507
0.3077744516809622
0.3354684014891938
0.33259908320386955
0.2935989961132854
0.32377630905804017
0.3216906552899701
0.42837066366230403
0.30985489119849297
0.3530578254775662
0.5173703380753912
0.20454653360218228
0.2576464137789558
0.332841969009182
0.2588464082666692
0.37433074876784056
0.22968421887958992
0.3041761007642258
0.24888307288844053
0.3434770089571991
0.24499953488881765
0.3447073881189271
0.28733538615598064
0.23924856592213647
0.39535736856427606
0.2342968121098556
0.29314428535017983
0.2913390043137254
0.22201013101969932
0.26083037018662925
0.2806774706614019
0.26477228036957956
0.3517747661739727
0.2912599907764725
0.3452375575054488
0.30131111559493234
0.28669559139000345
0.25654486087279055
0.3194036966865813
0.3597509724871196
0.2278807667607946
0.30226398508426183
0.31005001903188495
0.3001985574304278
0.30261110855533263
0.25866915494113457
0.3723679562630073
0.32900398602388914
0.2827544895449638
0.2330042838748888
