0.4380209277233159
0.2719518129849001
0.25671441570868403
0.40854837571894426
0.1896727001174571
0.30235402236428394
0.2139072242560216
0.4112527938881221
0.3735028218320847
0.30598263488130195
0.3566591632129577
0.26323338330941587
0.24093075670485534
0.17258846928095706
0.2571214598824298
0.3715216011421334
0.3174024768476429
0.2810660622706327
0.3359443880266919
0.24125095419129883
0.2659018994465813
0.3172805125973681
0.30533276567792844
0.24692253865685249
0.2709726380729994
0.26103408586268545
0.28144420149170324
0.3093906759620337
0.2761146575933144
0.22931498496687386
0.2604973761660251
0.2993811463727487
0.3034982853770692
0.2531166275357316
0.27253353160006866
0.24492487421005996
0.30377628920049116
0.305420419405359
0.29082922606423584
0.27973228217831886
0.19458539876486275
0.31191059727839265
0.31446590032056587
0.301453028460047
0.3314327875539468
0.42521615082089154
0.3414424871895378
0.31273709949882295
0.30997364149608503
0.330901908001995
0.23123297680662716
0.3131742797328334
0.2347254962113673
0.2783139885805085
0.39332548571799736
0.25936318369153116
0.286513485382418
0.3799840210495165
0.29233702748879475
0.28561318959467313
0.2547023602654595
0.2819900169378818
0.24221680898144743
0.30087514455340353
0.26241007307087283
0.22720304311459513
0.34188363893084467
0.27726233398758604
0.28515650317078783
0.30440212222720503
0.2521693845071648
0.2728776955564018
0.2576576993145693
0.2788005567427649
0.2598338124104388
0.2782995151947217
0.28868340491231426
0.18208220852533238
0.2957797768547093
0.2542035817901283
0.2707059854598278
0.2985269987005415
0.4540882607399136
0.09320479663651839
0.20157171667807805
0.2763084216984238
0.3617016767915329
0.31943330924268676
0.2634971873420163
0.27312476461444146
0.2597990223649917
0.34477516951297926
0.3066239356443072
0.30334232191085286
0.319099362873613
0.1733953780806603
0.2828314878893272
0.3065847282367948
0.28624941738059295
0.3247451726476925
