0.2898318288459465
0.4114443665324794
0.28122248868858457
0.28750068054432065
0.31314588014775685
0.35985354820954785
0.22896627216823304
0.2883956823403179
0.3115120948283247
0.23142047978382305
0.3465017148895934
0.2793347756802441
0.3674214174107811
0.25153300922805044
0.29169909981597036
0.3536752160585788
0.28336181692673196
0.27311311941917876
0.28161236718110927
0.35104381419547587
0.25988042672824024
0.24472526479172807
0.2924991918201868
0.2703943679861978
0.40836870457803653
0.28021098589656657
0.27009944056300395
0.34393030122913265
0.29152570856507115
0.25608028724935816
0.21646729402188536
0.2917773110831299
0.3422510412393683
0.30650971710131764
0.2880898446706779
0.2910571174495124
0.33488727055188866
0.4001211501864231
0.20984992010643352
0.31949889391597375
0.3302827067432637
0.3283591777231412
0.3582079821941809
0.3944488157478129
0.31467059361281097
0.3619047330967674
0.29057800152565294
0.2601797664498975
0.25952820508011576
0.31819964368647535
0.3294956303982549
0.2385762887704781
0.30715439804643807
0.25513453497303784
0.2899799421939972
0.2669572752918636
0.3613492427373414
0.35985783764379575
0.28941325818177327
0.24851861116751403
0.3319699166291752
0.2649764234722199
0.37473074896714476
0.28537307820561586
0.3916685143369388
0.3290158098662835
0.34954717954731473
0.2455989303441186
0.3073105153378657
0.2910712051353056
0.2923464806070475
0.3339532397834933
0.2713088608378416
0.3227935396478667
0.30658353786211034
0.17788906374730534
0.24843551690579907
0.2921324307192206
0.19351582213711221
0.27761713618592015
0.3324686555453652
0.2716876537004228
0.1996138760287383
0.36029592510585
0.26585471336341776
0.32745932445251125
0.2660406482813189
0.4224439884471832
0.29077012631981514
0.32389042694993325
0.15690250683795468
0.29924089153384226
0.26839256883812074
0.2744964849450384
0.27952557401975203
0.26234013725488425
0.2707192004542754
0.2623490595483827
0.2885726288055651
0.2647561371343662
