0.3076896143897767
0.2751857380567449
0.2861222422690478
0.3292700782467322
0.25741666825250387
0.3167636836810625
0.2834220086527631
0.351134466856587
0.22551564514236083
0.22992072902573052
0.25372383165421253
0.2416451088022766
0.29254501642839975
0.38501182042283627
0.3036352706649885
0.30922815066055176
0.27647978337552587
0.242272898204007
0.3069114611124888
0.26022399058471035
0.26958888335621756
0.3064051672559973
0.26805253329553613
0.21539055112050803
0.29781220667458114
0.24956653847281562
0.3847793245161679
0.26147503989902965
0.22688740600379467
0.3258389114861876
0.26666788129539254
0.26975852319898264
0.32927373377515756
0.335452073209958
0.2676497597036451
0.3247819877693068
0.34556485420396327
0.3758339957449567
0.24900492393667284
0.13765813433983698
0.2475954545257423
0.22911788914581285
0.2977171638807693
0.3332408070586222
0.2745240843034938
0.22822248252557822
0.32345622270139607
0.4386882694772534
0.2550377483018681
0.37246340777275694
0.33095068953283463
0.33124393111701267
0.352665053159769
0.36275611806801306
0.2940902823292894
0.24446101567219805
0.2266448235722645
0.4195273052138596
0.3475927824536721
0.2762333004183109
0.26791381213130244
0.29055001875535075
0.3130191593884431
0.22063288330371159
0.2860229445221315
0.2905918278848825
0.3098299669653085
0.23781221515976309
0.25952275236333694
0.3017969276812395
0.2282350758992107
0.32625980381403985
0.36100961333691106
0.2695670157471265
0.227372249021424
0.2334860748239402
0.3107209078043809
0.34358405794987823
0.2088926732932708
0.2963673640080085
0.28543409518856006
0.42207385587216334
0.26509550899521683
0.3290848139067428
0.283853925638395
0.32566208191344664
0.42972961407271365
0.3019107605066158
0.332881221378665
0.19699573167039985
0.3047504125891024
0.2914914068056394
0.2954164947117988
0.2815001262291971
0.2378999504691337
0.2689510660861933
0.2071466615126156
0.2949079425537278
0.34988896511951895
0.3349643987302324
