0.38105130523206016
0.33310743634180884
0.3580395545522923
0.2553885339156599
0.2741120095034715
0.18265557998167584
0.277440783664277
0.24074456581017828
0.2994938729434593
0.3131517044230075
0.3686420620262039
0.35790171268914245
0.4361758957652543
0.3771769298962721
0.2762967540810731
0.342832783262636
0.30426316019192107
0.37104070922420673
0.4799083763761536
0.3932115182114346
0.3779837303990521
0.37384722277757054
0.3374471638755476
0.2707406546438006
0.27980732028323885
0.2519262694034731
0.33636465985028013
0.2760402996846248
0.41414140668308536
0.3737876295970681
0.3503485749300037
0.297918712238807
0.30847630097762857
0.2547679742037491
0.3230289755357386
0.20323399939532485
0.2779197993784981
0.30288419941472294
0.3157420224190095
0.3392781609236595
0.3021922058044556
0.3645852113732245
0.2925109382328607
0.3670666809327771
0.2050732769797992
0.2595467174327559
0.29302733605124154
0.3303274229671528
0.33131349994063897
0.32045381206374
0.3584906004167167
0.29736450178914703
0.2704012493623033
0.40695838995548933
0.2730353252287349
0.3250103070753065
0.35380907187905275
0.4237413456847709
0.3282042795696051
0.26011443324778727
0.272252032888251
0.2902259911559945
0.31367074327480154
0.29163642397480494
0.32575541873003117
0.38785933715145576
0.3384371464105942
0.29457398017277947
0.3995325210953736
0.2604303803319354
0.3939527264507503
0.3477741384803932
0.3036316107465724
0.3919813907964427
0.33497225829482896
0.3236539463132986
0.2862451145891466
0.3271619149154612
0.3218927741654272
0.3002493397555659
0.3535403784335964
0.36366519946979786
0.35626173972298214
0.28651596460213485
0.35695536976902076
0.34899788575658797
0.30953622684081855
0.25894575405094306
0.27562579931309567
0.3272966790365395
0.29689376406516055
0.3368603112704335
0.2649686825754759
0.38725867176982387
0.3519366118259248
0.3985350655563781
0.2949546756053805
0.3068856446163315
0.31832764457948204
0.3060901201955892
