0.2816189779866682
0.3202696752440296
0.38343791314703973
0.3459165116717482
0.31456591834096626
0.3426271383244557
0.3191627636562518
0.33531511274449444
0.3410674696258661
0.3988049896363442
0.3863366943235636
0.29363224281290673
0.3211730273043606
0.27941035822244487
0.3349121958037309
0.32821164030654926
0.2766326382974012
0.4610496654576646
0.3375110603618152
0.3847960980772904
0.33941362145810094
0.3182878235726639
0.3306600891629757
0.3796100879463246
0.3541046238234113
0.3796213440673917
0.24583623452667958
0.37744429254769984
0.33179126181996244
0.4298951570957532
0.273594907292614
0.31744350434285645
0.3329534380641562
0.31708484816306076
0.28355479693357694
0.3153554678465062
0.2961777325462434
0.32105626015149297
0.36934146107807214
0.3301525130099175
0.2865037365616603
0.34450699689581465
0.3175633524757494
0.3519167858226396
0.3340132899136166
0.38493586973313726
0.30710312474822643
0.34587694786743495
0.278656341633922
0.3007213433591867
0.35053310027356466
0.37688810508229714
0.24400751089227668
0.39413287515667195
0.31450623956881607
0.33656640086571943
0.2679899768977428
0.3880637592851455
0.34681294005498026
0.3197826404536832
0.3107140117405561
0.30945593893417245
0.3064192457729449
0.3253627625682724
0.3567602503199949
0.36493384337686796
0.306355998456285
0.29431837394127514
0.36285602187160926
0.3645637742169763
0.273724635826506
0.3657451384848601
0.42791446420002993
0.349367179513099
0.411451450250612
0.2956598528500251
0.33066419029418864
0.32399640867617785
0.3962996675642494
0.3787336024520217
0.28401840533480843
0.2919634440701398
0.29992396724710557
0.35783260732232985
0.296147235648351
0.26701356988283637
0.32313323130293414
0.28588112786286385
0.3736426797439537
0.3681499307110102
0.3000584598802513
0.352949720785654
0.3520742989211029
0.35321521917135734
0.3055336820057429
0.31806992296161746
0.2737733246293024
0.30500016763190146
0.27330785598292
0.3706187345797085
