0.2842147188152951
0.3323071225133468
0.2832301266212647
0.2719043029618314
0.326111466803739
0.2859650048865322
0.3111620222982546
0.3312994765006019
0.27577895165637306
0.1210070848949099
0.34242237902582007
0.3105119425791432
0.3759663070548968
0.33215974808516635
0.31957616769471203
0.25865938290376733
0.38256437582583347
0.2720271344112994
0.2790538428877292
0.2540944149027126
0.30719513064411785
0.27892236232919965
0.3427653436474219
0.3049721016368879
0.39753618810503294
0.28504199026912247
0.39509766296361676
0.3953845084791673
0.29897244377851706
0.4618657495238224
0.3789271704341416
0.32261207217477766
0.33950426983799153
0.32298354844364474
0.31252044664730483
0.2656281210860706
0.35667397893985425
0.33322189250829437
0.30310223462000646
0.3193601370564122
0.32665437369881717
0.4070777944703124
0.34231334785522727
0.40683306433849264
0.3037838577140024
0.22126849628985465
0.34404131394888726
0.38582238763676474
0.31968128895540976
0.3383179682077423
0.2731472084978292
0.3818077630339201
0.3846850747030763
0.3658660154437944
0.29509345552713767
0.2701031205580704
0.28857698703582635
0.28397305291594227
0.3454810492709061
0.2682050897548351
0.32703615052630136
0.3389373783280611
0.23832245129606078
0.30203869368747277
0.4266307494931417
0.24343384671521723
0.39760533704491163
0.3013524299877959
0.19972722949289637
0.3086136972596952
0.3620015896072386
0.31312664601185347
0.2664044694005363
0.31007786255217334
0.2734378731751291
0.3337687167311069
0.39509427228931515
0.4108148677380483
0.33329238648723114
0.2926239618474152
0.3886627288991239
0.3571982709086683
0.26886378362823277
0.2383780922234886
0.2585793076122708
0.2421212525417903
0.3081652201156745
0.3189767700002972
0.3121121170085637
0.3735265230240383
0.27852356110611476
0.33510731588794285
0.3254285625228601
0.39252065263880437
0.30282554846424
0.3073984473618525
0.31172792143412925
0.38418128565084725
0.4017684639909268
0.29487523725877485
