0.3722022903436416
0.34151161543987824
0.32150479126863746
0.4080247768611882
0.32630099501263193
0.3329717338840959
0.29301818688049225
0.313643084442264
0.2229892853982521
0.25839751231899916
0.362174901965642
0.220811746275413
0.2480910862874517
0.38131952626277327
0.35475713781414575
0.15898565364436884
0.29104070277794136
0.34507102340653495
0.33103577181926097
0.2545989000844962
0.4517948025801777
0.36763535402902997
0.3859247853232311
0.3959830247099818
0.29439268309685057
0.3063018320177685
0.3139759283094327
0.291781415615812
0.30856226509907714
0.4013287419920745
0.42127739539773823
0.2866832117361535
0.2819945636150302
0.3327743784266754
0.32772081347569404
0.42578456077049803
0.3298990025160886
0.35364994817997075
0.3643099390573268
0.41421316860274937
0.4397549235486003
0.38738082800161855
0.34717810432745433
0.2768644224043741
0.4142379277846565
0.315587488773758
0.3879595262569069
0.42461330797050406
0.22847860008366774
0.36370349372714017
0.2510972589510193
0.2973141840337581
0.24306007852773787
0.421132051330999
0.30734997110266765
0.35310158738107356
0.3855812156657952
0.29676366335227866
0.25311885472940787
0.3413779241405148
0.3590995476150405
0.29359029612445076
0.2745045205533732
0.2974040741290598
0.2726415141433449
0.3114273857154853
0.37796761639577015
0.2677065322619955
0.2836709488215432
0.34343796077686994
0.27343323792571167
0.29671662351646494
0.3853368900526781
0.2662926060905334
0.22434910057489185
0.4032712800666962
0.26511898948517515
0.3002243975835265
0.34815759030078913
0.25539536673983704
0.2702491877926406
0.37022742774824663
0.3348897620466772
0.3484407468487893
0.29343328810067537
0.26393687806400035
0.31536186276796624
0.3968966217966643
0.3023249152896719
0.37070248190705307
0.2789988047369835
0.2807088553142572
0.35248352961709883
0.2684666628608906
0.3685654921260706
0.35818574171561324
0.406299293287173
0.33091544529260153
0.3784495171339186
0.26437963105204043
