0.4592474877579806
0.34769374992392377
0.3821276336450628
0.260677244892439
0.2753188165868069
0.37826512677872565
0.328091189084632
0.26597922044199407
0.36308321691803197
0.3574710648782684
0.34649003141374396
0.431312520446434
0.32219031361068895
0.3361902703434973
0.30402183394839116
0.30028045928144204
0.3592402136805852
0.27119322461981943
0.3028281445406986
0.32507893915312797
0.30758148434572985
0.2684434951938084
0.21229417587663763
0.3003541954382524
0.27492659747850057
0.28749339160437654
0.29652627268298604
0.3579666084553596
0.3017749330694393
0.27954951566943376
0.297805816455449
0.2608556075230036
0.25919165743586703
0.2571348620350794
0.428880026965553
0.2621744236029469
0.3257640241715609
0.39743896267766143
0.34537127802168766
0.38012830362405015
0.3031049310334933
0.44893191507687075
0.3191099220065337
0.42913139434017583
0.34022943735962047
0.3821863820622286
0.3623234320169783
0.42116441954598877
0.3619809710050591
0.3232594193900221
0.2650951671696487
0.2822585839703759
0.32703123658724603
0.2600633729423255
0.33761048075945127
0.33446093685238115
0.3656863827597863
0.2764327864221947
0.4127591252274102
0.3168103359158852
0.3684759611262407
0.25760929265815125
0.40381044440809655
0.35079034656855584
0.2553478784161728
0.3112528837649521
0.32243351347201804
0.2416057373742436
0.27477391930240497
0.319669915111108
0.2911723559783155
0.4317268644553441
0.35163545138801156
0.36025000678161245
0.44375485298754525
0.3371097246377947
0.3482708969841213
0.3235997454404799
0.35660878575838545
0.30607922850041636
0.3060737639105722
0.3197814569475022
0.2955164558727902
0.39077136368026855
0.37217160248792047
0.34133533787723963
0.3531458493022053
0.34632546448508644
0.2791797236959792
0.3775226429461158
0.26954466501072827
0.30995267423641437
0.3533818507639107
0.30432443747269133
0.30107351107001795
0.2964283313894796
0.2702735542755735
0.15740476955867894
0.29200190904613815
0.3377223572525155
