0.294468668882872
0.31474014412095824
0.3478304704614858
0.28086529036138697
0.31679988789734254
0.4133628305201542
0.3042377658081843
0.3260868206740477
0.3935287917247043
0.18460417000664697
0.28920619380992274
0.40263222361205375
0.2521449013352516
0.35088945735788857
0.3378372765584983
0.3675134017635828
0.27138888754040574
0.33244041484761305
0.30321938730431763
0.36438835065296066
0.25887274643538327
0.29392304998394825
0.2800532216249374
0.4302291171296709
0.4019939071850605
0.31755999055654005
0.2226329902071082
0.32603508932552433
0.4155133800219078
0.3595560804892074
0.315293153017098
0.31384186676063214
0.2839189061041734
0.31286061148551
0.3030628123537569
0.28159679794600645
0.24815466053598925
0.33347447813347886
0.3436988536522202
0.3011718292683999
0.3019742972724321
0.34367893218668655
0.32184124291539074
0.3222390740138876
0.33624059988858973
0.2733770327167998
0.2613625405839704
0.3687370865359697
0.2866860387655026
0.32148676835320533
0.4315333690423966
0.30952410377440787
0.28607967704568615
0.2799431446037623
0.36607733772697476
0.28906383481055453
0.26310819266124014
0.21156553183723537
0.30754377031471336
0.2928419588127426
0.3850731404791079
0.3695167930763406
0.35312691825863823
0.3955301672637323
0.2027496082663297
0.3173614411327265
0.40372425149932023
0.42265374381242643
0.30998809183608733
0.2744558505954921
0.29235576971029476
0.3819510635296663
0.3238626923739115
0.46302989370104203
0.27411366330030545
0.3098035541077818
0.2571147121463615
0.3291290298837356
0.3371616635904512
0.41463358810538203
0.3312326927605588
0.36202257352062556
0.2804375949362314
0.32983116992966266
0.3412693293244667
0.25961942628477563
0.32566035366797297
0.2595032184467524
0.4612192516888682
0.29264513805987663
0.3713090317365868
0.310121311678159
0.3162573223596266
0.251129886300371
0.3593858811555797
0.37485789906517836
0.300235106067205
0.38212184754048334
0.26172783692033036
0.31130804682583646
