0.2784802640578088
0.2660296744055983
0.2933547596071343
0.3056705147255877
0.29649813315208207
0.37101047010674515
0.3752549736758853
0.29680363108326885
0.3274980359212969
0.32813218286608636
0.2861497205797828
0.3114355852119775
0.33494407800206005
0.2789832676648539
0.2606925439490995
0.2822710243240892
0.3940590832338363
0.309188075275835
0.2962377164050207
0.2636042947178676
0.39074772267026436
0.38981031859559206
0.30657264169443466
0.32378027450577945
0.2868050811452169
0.28164213577903535
0.3704181750822348
0.2925814116209208
0.20284605314684084
0.31949592502822244
0.261098157122524
0.3310366214523376
0.3413915303336554
0.25960760062743843
0.3473178472207516
0.29685545648951805
0.3846959463847143
0.27199708080405827
0.26434329741750523
0.2715507888177663
0.30087359899773936
0.27718478261092966
0.3267970923286754
0.2804761042654378
0.29882595856138683
0.29038199978317625
0.3192591555134743
0.3033256809394913
0.4478248677558121
0.3017651361898906
0.23939008583363322
0.3004311812930139
0.29653120848547565
0.35509002420979774
0.32833778361406
0.3064485499041395
0.350139834919751
0.2810989624490876
0.3748745948955227
0.22683570832933272
0.2068691622936737
0.4299714506799188
0.3599846086873153
0.3292799522442941
0.3676192368812058
0.3506679419377296
0.3631950808700183
0.30766982893808914
0.29260550056377144
0.26818257568952225
0.31573374711453883
0.27971755343225035
0.4049960660870311
0.2567180563799447
0.31115373625526555
0.3827262629746265
0.38325975768956877
0.2930659747831294
0.31744807402613767
0.28924712176427314
0.26273130106040093
0.3583887320578701
0.3557637526854379
0.2631924998186536
0.3438088095097842
0.3581975797775142
0.3785035158062798
0.3959313654931525
0.34252195680978875
0.30814011073933345
0.4631031822116432
0.38066949291178953
0.3179274829667742
0.2804034749020572
0.2735734019155964
0.3294187585504676
0.2794480030529373
0.33841604456938346
0.36222085592925457
0.31138863566929564
