0.3492909169289397
0.3791524146409921
0.39601348695538136
0.27073682038750424
0.34305249786230063
0.31314240981773206
0.344579387146016
0.4625648039789852
0.2997499922220441
0.37742350018012294
0.2980428298353526
0.2684874333420966
0.3287630483669239
0.30606963406630455
0.3700681752536262
0.2910719898946103
0.35718531879333476
0.32024820966559875
0.3356143325238016
0.3142757265004311
0.36440429418838655
0.3576559565112241
0.29773719970658485
0.34236822090076663
0.2353917741474146
0.24849608180839397
0.3295384021716975
0.29452171368159236
0.4216526949691798
0.4126091436844806
0.3049116155065296
0.3520779812127785
0.29089419986933696
0.3445061001533758
0.35813978238265215
0.3164436052643483
0.32264973972714256
0.3015399459079456
0.3253082220249558
0.33112032344375836
0.37600918514159354
0.32914529184577046
0.3429495212897658
0.3571987348700119
0.3721908136017085
0.2983509939006907
0.39265437961451494
0.30734729542258815
0.2896021592854788
0.37054605217257325
0.3872976002777457
0.3192504583502475
0.384748277456935
0.3163931723010472
0.3725260719574563
0.29512852068376394
0.42963502780945917
0.31189004859386493
0.2739309617983551
0.32209286711160834
0.271700944702007
0.30926878173382544
0.25905022961217555
0.41839335481049644
0.21096928278667035
0.2518494775176181
0.2874115776857582
0.2793296215160003
0.20320138188275005
0.3359179680831368
0.40044563684932977
0.2669656227563762
0.3617652292595391
0.26027805694650097
0.37058110773560843
0.28238736373994133
0.36952798367086376
0.2749474775612056
0.2914247868902246
0.3070833796368532
0.26810073473980073
0.31850184217948474
0.3172298250396881
0.3537541771314514
0.3654697898544297
0.3376279005676126
0.4111482369000803
0.3815801900385506
0.39607089974532805
0.42353358211254666
0.32925068438766497
0.3694524669506616
0.26717737454800333
0.2810042885637132
0.38277688150779393
0.316598669985882
0.36854299501842674
0.31804169181026165
0.3286970661759082
0.3513679088219078
