0.31637885671214416
0.33632829466847086
0.3422245057551997
0.2964278700741173
0.3007306188424185
0.3143416451897147
0.3246825234026025
0.327401702349775
0.39739025885681817
0.2695890875308309
0.27790617545748575
0.29381764948607636
0.21915623263618358
0.3271092871206735
0.28763507997632687
0.2733366811284253
0.3863755275719145
0.2939640743716513
0.3369786302757272
0.3551180856983483
0.3699322066903302
0.3824253669596603
0.3356139671477397
0.3225180253410627
0.23509004673215084
0.2757710187106611
0.3246470175832998
0.35746195557194343
0.3218558185103386
0.27486976834490917
0.12097410296450463
0.2683729826405039
0.365638361732834
0.3161276879064719
0.1835692128104566
0.25837216997410734
0.3050892636355562
0.3441839812381325
0.3280795819245337
0.2652467780546726
0.2969015951386856
0.3322874140956069
0.25516989490633624
0.40382739745861296
0.2748557802636545
0.2725813593236941
0.3158560613976784
0.3022251338035926
0.5045755712881632
0.2650284094947079
0.22694594047634548
0.3766424428256461
0.3238061498268018
0.39945633385711354
0.2583198162537956
0.33748254273770856
0.3464384132066796
0.21562152732307277
0.28881691255101954
0.36870925238536356
0.4000410507169927
0.2854699446007833
0.416677356466902
0.2693980449553752
0.32656291385813585
0.3962623691324526
0.3834006130959844
0.4158961590084483
0.3343868589041319
0.3425109618902812
0.33371670004851783
0.20697694239105627
0.286976388530253
0.2691141635290119
0.41388539065935565
0.2551297860726802
0.3512271909390932
0.3438702211154661
0.32164957114819903
0.28184315661726556
0.3874338944124148
0.3167962934906138
0.3551624994162907
0.3344993018159702
0.3475071762770037
0.2885313320946339
0.31049146499134195
0.3201991131007241
0.3644932910458067
0.3522698443510545
0.31862573708708336
0.3757017468485368
0.3770919974053318
0.3093622492090975
0.284884556675378
0.3063133033002559
0.37539814315923953
0.36248540338318336
0.3120510946211854
0.2760132009585153
