0.32838174987176794
0.32288433433431996
0.3436298736804459
0.40345435396976514
0.3767651533043883
0.33773918169306333
0.32775929633350775
0.35110281623851225
0.24875258895495864
0.3664443200696797
0.265145563885923
0.43139194571254935
0.29192498568670433
0.3358604034210142
0.285181151457518
0.3149485654289302
0.17843002584131473
0.39305135596361584
0.29069400124385714
0.3656312661661326
0.28031611553334596
0.31714149534076813
0.3640346817136051
0.2980134799445367
0.3293627493833674
0.35093582812545276
0.3799878823532856
0.3836342175113809
0.32914250787964605
0.3858174981520527
0.5222571543652157
0.2979449467750374
0.36040763697710726
0.22147034432687168
0.31965263018157736
0.40075822150314044
0.3904773965733221
0.297376867416067
0.3612776370461213
0.28632730208795903
0.31380296095789384
0.2823950203903011
0.4174980234296169
0.3869761288031485
0.26275702706351073
0.19059979526686732
0.3273403338966545
0.3286793498919387
0.33093808188861645
0.2680596321077072
0.35457424889206324
0.366492792157562
0.30042069933098425
0.3265912850332351
0.37169032146254555
0.2897684552192357
0.36556587794606704
0.3986487936538479
0.290477491895322
0.3374342940270745
0.26579109926706074
0.3626904259306734
0.33704947475064284
0.3814701333119706
0.308555686335948
0.31713587396564036
0.30496869999306936
0.333225048928039
0.303582466804894
0.2681458642631732
0.3619251078036155
0.479286359205136
0.3165651447798703
0.27210299794232296
0.41970906456088475
0.29668476591399007
0.31265488608824127
0.286806370091298
0.3378279572147693
0.37629342490402035
0.29422320206563046
0.2951464688598331
0.335363690722039
0.32159627921990985
0.3435072384912358
0.3320502642219297
0.3054011933301406
0.26987273883868934
0.26930703650798904
0.27201056977048305
0.35490031373339154
0.2842641216996525
0.25192437531681167
0.3097988770072139
0.26738035878549327
0.3064852093930269
0.3107162843641874
0.29506595793452634
0.2849730070298195
0.37655204801833253
