0.3127200828413288
0.35741707482307794
0.30002231601603835
0.2869038786722096
0.26050493060516206
0.3221055365273031
0.2923131130840697
0.4097034311822266
0.3271151454834607
0.29621067291990394
0.31719196620133694
0.3269220962368973
0.3864305184994167
0.3122359305640154
0.29854185657683774
0.3233854258536997
0.3741226890025725
0.25377517111425735
0.21800124168692078
0.3443165214589692
0.3283712853921239
0.3028578474313728
0.35364994817997075
0.36916243484362044
0.2965780492403903
0.24186847743693735
0.2878357481883327
0.3439206507310332
0.32582970535905187
0.3062278275812279
0.32833458605352117
0.4056591409369024
0.27343323792571167
0.3747088937374627
0.26345355344147336
0.29593396773833514
0.2985508063102532
0.26921505054339256
0.34317234302340477
0.3085249757810565
0.28747348755781865
0.31552334908812807
0.3236610624465223
0.3382135917417925
0.34343796077686994
0.3662496466982286
0.2583072931230579
0.3708326873208094
0.3018863902697178
0.27278923060331356
0.2752570369568947
0.34971246003060236
0.4142379277846565
0.29189295493007733
0.3508209627661859
0.40163012981932067
0.3250918228635705
0.2761068491804582
0.3246079197543084
0.31862093262995345
0.40848627734009063
0.2672219615696918
0.2734609058457182
0.3856883695025972
0.26893778858577977
0.353937470668224
0.29366547146599004
0.289630739973474
0.35849670595111394
0.2972289951533168
0.375458805128173
0.3385127292135101
0.25839751231899916
0.2925851392029357
0.35475713781414575
0.35389941179436174
0.3335444893848367
0.30669062944774755
0.35248352961709883
0.30234669201510395
0.3893638002742847
0.31923922310956715
0.2734414346039188
0.3362797141834276
0.2801154924164804
0.3101966167143349
0.2866242011450491
0.36802773866368094
0.3066095941231483
0.35655086330794855
0.2611382754960529
0.3167767844134743
0.3924162479728445
0.3565481852669043
0.281034411712271
0.4644008397481197
0.3521426236949397
0.30606152787139906
0.30368363694340555
0.33904063165195675
