0.29334306771158786
0.29833258609650865
0.21895094858713884
0.34420850660214247
0.3869761288031485
0.3276257966322004
0.41974703954497833
0.20357276095944488
0.25915257092713295
0.2808225821561704
0.3767651533043883
0.342838141816002
0.4129828346568402
0.2688230919064982
0.3023199052498173
0.39035271527815274
0.3779299236051528
0.38991851594048305
0.43046397172317846
0.28027019107040557
0.2742867749010354
0.2991603115497751
0.3269189390982622
0.36251355252844525
0.3416297318590194
0.23009295608003658
0.3140662651908824
0.32640756718992664
0.2678527221528629
0.339089438259986
0.387181255679836
0.2959129263375837
0.4035737365665665
0.2676128884560975
0.32506925957884814
0.35410590585843305
0.38406609254608337
0.3683910443564024
0.29644270200792516
0.3433032677768092
0.2895016489807762
0.27108380482407757
0.37953288674732616
0.3749194188318749
0.31432207551308994
0.22939818805209936
0.2612603368239452
0.366492792157562
0.2584375962089238
0.3390502413259091
0.30015171407750485
0.2407519650019413
0.2842825831289297
0.3327795767444363
0.32288433433431996
0.32638987361502875
0.2979449467750374
0.4193142552020815
0.28597562790938913
0.12496918417875906
0.22804864285071924
0.3819501449127445
0.3514408697725313
0.2880828323884074
0.2939160379221632
0.3439047379493692
0.29665974153228714
0.35983647654189377
0.28752460893349396
0.30582556044541986
0.3413076134388164
0.3661437919490952
0.3664443200696797
0.3150280684020473
0.36240881391706087
0.25384632918561467
0.33404866966268115
0.3136801868820368
0.3214098303988347
0.33830303010224055
0.27512319934579405
0.3869511013930492
0.27229198762984236
0.27461695183570917
0.2895814725109105
0.3463852666166348
0.3215810956260396
0.32579651330984316
0.29806029504061676
0.26739549633827525
0.37175882084740564
0.2856787289392
0.32088094686240753
0.3657710008391396
0.34186407097177324
0.3099361063993166
0.38208873292760026
0.3884457746922879
0.290477491895322
0.20572428092569622
