0.43422877953330713
0.3067502706679524
0.3839827578793041
0.30502216388093106
0.3947794349022546
0.35023628496370324
0.29264513805987663
0.3674569848250074
0.27573845648343753
0.27420685219011426
0.34222989574157303
0.3498007702515606
0.37477117546689953
0.3435319138102276
0.3524774818604533
0.47450793680024494
0.3834714737823592
0.3687370865359697
0.3040847261181592
0.32817419060651254
0.35560803895518656
0.32136596935595524
0.3227873167210823
0.28804967453483676
0.291994087727636
0.31757658993004717
0.2908673211999433
0.30713795752986245
0.36947224450119587
0.297452523792759
0.33496878018802334
0.37907547767108946
0.3673222565142524
0.3370497041015892
0.28652271885318864
0.26977388974494315
0.34317122913021625
0.34853350080047324
0.4013244552803619
0.39438012590571186
0.3622833465006709
0.275175459355913
0.2866860387655026
0.41065131784416614
0.4198626655470115
0.29658637596024934
0.34501649243691923
0.3743579605780856
0.28831230278468206
0.36478791887967466
0.4238981497851903
0.35094069077522494
0.3357323283732603
0.34200395055774635
0.35192260927134905
0.372307403870913
0.3178712190065977
0.30748434513177575
0.26310819266124014
0.363460332795063
0.3207511505602657
0.4375896375249375
0.362728518372747
0.32917578461453434
0.27091769238687097
0.24412397644165085
0.31738635983579233
0.3839857692586062
0.4055145620079381
0.32008912718220867
0.39699848153715933
0.3098035541077818
0.27721401964934494
0.2769763436589396
0.29769173093230994
0.33946552743653885
0.35287717248906175
0.40889463490757233
0.3301436882270903
0.3205973617842904
0.32817007024298744
0.29681449742206634
0.3260251837371996
0.31337018658394783
0.3761936246501232
0.34191802819239897
0.18460417000664697
0.31983703600854413
0.2954511063521799
0.2738041822527836
0.3019830248113763
0.3322029316394322
0.32018874158427374
0.35415622381827516
0.29521575829657865
0.36895751340481203
0.3042418264453718
0.22584311915329092
0.4286040669056991
0.31638542350120347
