0.36222085592925457
0.3641646449198018
0.2579753642523534
0.29301239508225585
0.3676192368812058
0.2871894953973546
0.2868050811452169
0.2939281337866525
0.27081873298931997
0.3923186834289112
0.3070140856207793
0.29029070881995767
0.31362414704975555
0.29559158786372414
0.39569446401129127
0.2943290689514296
0.3544749024714491
0.3237116999197879
0.3087623093674576
0.3647373363913352
0.33862702692110613
0.3362940454796858
0.32665854737845235
0.2808969518363445
0.2874039804938279
0.3521786467537433
0.2757205321630261
0.27533864479808484
0.25607336263298586
0.3310388874646533
0.3023701716586491
0.3999734160221792
0.36254430573118296
0.2895119900235722
0.32397120357988934
0.31758620461199316
0.31048020282371974
0.3732501318611265
0.26273130106040093
0.2930659747831294
0.2930333545230324
0.2612661773497598
0.38891774624300535
0.3475885260347583
0.30504576304387454
0.36752946917981455
0.35069953398197484
0.31370236280917424
0.32332781053740073
0.3306448065727366
0.3647851023722202
0.2880006760651234
0.32664194298182636
0.3009762341098454
0.2748770511761196
0.30493652481126565
0.4075881188226226
0.29913599822032033
0.2767115193484742
0.3209170858694611
0.3147725680641126
0.35221417320466286
0.4082261504649187
0.43158663591124724
0.353217366461552
0.3856917388514995
0.3679980779206039
0.27122628447783736
0.3041749915774163
0.2631924998186536
0.32904943518582186
0.37220702818091295
0.346920510675208
0.28718866483630107
0.3313015818759536
0.2530704339258777
0.3810142643982153
0.32232771256674164
0.2680125922042809
0.36375393956995394
0.38661953503724894
0.28120444705786096
0.3581273430420375
0.2068691622936737
0.4153329239744352
0.29194929537545883
0.3460237988870528
0.34746543924953904
0.40102172441304723
0.45040305234368067
0.3171825742940625
0.29738827815556257
0.259305031931938
0.33802163863068596
0.4288753418732794
0.31907259437429775
0.308050305102514
0.26079767919173463
0.3292799522442941
0.37765286618939264
