0.4234184495045779
0.2860173216557015
0.3074555277172947
0.29876824444736394
0.3603782694787244
0.36358839827360057
0.29670927986483586
0.3497908879014797
0.27529325716300507
0.38074741080849844
0.3767147891004565
0.34886184565191886
0.2786897369151893
0.26011443324778727
0.3014707558546676
0.3616107541636368
0.36209291033309116
0.28322540132202656
0.3923486302017967
0.31303845748904946
0.3291858049093396
0.34581978016076664
0.31064013741239105
0.29898358269318576
0.29078438782488214
0.31001162702611335
0.3835924741953911
0.3072956876168069
0.36717315171544596
0.3442658798185977
0.3115551607965934
0.3099116158500186
0.2899005365197071
0.46210464229237697
0.272930915294319
0.36542549217988646
0.36889333944137387
0.4255891480551285
0.29730683161821786
0.37237510796346446
0.37669057586459964
0.3882869186714056
0.27626018732707225
0.29421735430671647
0.33237445440051916
0.4464146232728392
0.2761226456938303
0.36349186485242385
0.41672069104461834
0.2682520574712528
0.3081189076071366
0.2947787316292655
0.3113510350012793
0.31569073212006293
0.2820168195901579
0.30847630097762857
0.412887054388504
0.33663212969516515
0.3380299048457261
0.38025355621864093
0.30440975012161137
0.37874880774927955
0.2964477120157098
0.2741120095034715
0.25478799061730134
0.33532828300331025
0.34462596303588766
0.40283056586352134
0.37743885138247546
0.4077759763180638
0.29367791898554485
0.3072492418643869
0.3694492278440379
0.2925109382328607
0.38685682875980704
0.2760687325560055
0.2439053987092135
0.3720595762816146
0.30595159403868066
0.29302733605124154
0.3768600494194459
0.2935899437342256
0.3081140302237542
0.33066840663829433
0.2830673827044402
0.27048167425396824
0.25087420200057525
0.2642540484924223
0.2504250814006554
0.3198470527394069
0.27094652478733106
0.2660870869278853
0.39151737565439126
0.2698239819353186
0.38785933715145576
0.3236539463132986
0.34566855411176517
0.2776041990376427
0.37304160835394035
0.3819818400779097
