0.2837077813250625
0.25893680051316603
0.29731898727663136
0.32692966308007004
0.3010805704080482
0.3352861926821794
0.35917493758272706
0.3121121170085637
0.34953975765234707
0.26541032197001524
0.38398901964970633
0.3213107403910873
0.25782320396378744
0.3873312520977922
0.19456603010015144
0.38775251082161993
0.3554849098259375
0.3009768540850347
0.29102121299178674
0.33390121288488217
0.30824722733863336
0.3424621153404551
0.39676887225650304
0.28149441089305516
0.3629472634825279
0.24271124435516214
0.2876519977418953
0.2848014756666731
0.3873402258856105
0.32747082667151955
0.36495262471544254
0.35771298107386146
0.2198170539772421
0.3138110980761231
0.3417173816521592
0.28303712351959287
0.2851512474273411
0.28354013825480434
0.29708878586599985
0.26740561180078054
0.3486090085614307
0.315577685149749
0.3063034733352658
0.29952687035825526
0.32703615052630136
0.25907338054027196
0.33113705133069793
0.27396783635762223
0.36051441025780223
0.30633714527380734
0.45713724569416186
0.35438718451883283
0.363263004767116
0.2899390087690088
0.38256437582583347
0.2791225910938279
0.23635567588676212
0.3185945881091801
0.410543574751443
0.3691715979203031
0.3494166616968544
0.321231763705238
0.37378660446754214
0.4473662938734384
0.27382183000995997
0.2449631520820973
0.3161257181406679
0.262498290885171
0.31205014013416205
0.31182200577722213
0.28767249222196417
0.32023278756334345
0.3255939241211827
0.27052850203020073
0.3202475618136622
0.3571982709086683
0.2856113196355618
0.3606195079197684
0.2426705828200492
0.3588856063541338
0.3275047333755778
0.4108148677380483
0.44240656279760304
0.2711255210909306
0.3828961232030951
0.2891041272400309
0.38114909705654276
0.27709043854033505
0.2718563110928572
0.2584742298955289
0.30144813798736964
0.2651487960824503
0.35689003436090083
0.2878178649769794
0.44245995501050867
0.3739525959256836
0.23832245129606078
0.3482962618946676
0.27109895683864427
0.26886378362823277
