0.3670867416090123
0.4071491883599497
0.428880026965553
0.36614994288206665
0.30599399786462417
0.2946954616271638
0.35466069538537315
0.3957554255170349
0.3758650898596063
0.2816154835396263
0.2959657863457673
0.37187348851976537
0.32005896617281526
0.345781680042458
0.30486699569450837
0.34987882777373597
0.3010590461390501
0.38332455304492796
0.291329641181044
0.37217160248792047
0.32117069335792164
0.28287482828044946
0.3438185602369095
0.26290618809004435
0.3437338253334676
0.3113345108569839
0.25795734612061616
0.24367335791873462
0.394677069865848
0.3002451492364076
0.2703295173649084
0.33951256992914547
0.3533417620121739
0.3814787964780694
0.2753188165868069
0.3196996747595698
0.3410995208040433
0.3161642741153376
0.29715830048184194
0.3872002020374108
0.28998321206915334
0.32233779945026003
0.2764327864221947
0.27613342517070244
0.29228682255364036
0.3062669355435888
0.40373317434096834
0.36254712810114953
0.27550492698546386
0.38630024379429745
0.3816289326796744
0.43604055842697653
0.2941760629719169
0.27130085058273984
0.26888526738461926
0.26070325587916265
0.2489709842953322
0.38100997627565325
0.2986020222934631
0.4147277267285835
0.3530651273181182
0.3050718443143755
0.3462945687592942
0.19420224988755952
0.2893483989145679
0.399698881077711
0.28557997769699345
0.284595518401514
0.3290825060254375
0.22618884626545396
0.31655649793873375
0.28634273459930704
0.3022935079449805
0.39077136368026855
0.2514824524482469
0.4083505762400554
0.31459228214904633
0.2226579245669223
0.40208324916220956
0.4399136075822552
0.34474014520976687
0.44761922793854647
0.304579134247371
0.36870823834175365
0.32109779946227734
0.3186919710465435
0.2626426442440739
0.2909098848687895
0.34564104565859616
0.2876945975998701
0.3697540942986341
0.37853826351998265
0.36991697671810375
0.522416630147084
0.2896775246344716
0.372680246220495
0.34843551716349097
0.3503432604565223
0.3809082273517582
0.30559424294005366
