0.2959540461418814
0.34381870131514375
0.217068813609634
0.3574645312336915
0.35166156241446056
0.39228601201315794
0.3253965306918603
0.29454620838115353
0.2997499922220441
0.254781651757059
0.3139098989275812
0.290017108208187
0.25876435653394925
0.3326915445644781
0.3996930085476077
0.3771518058660864
0.296687246814781
0.31042080643313413
0.3546565564197556
0.36785740413288354
0.3760620629422356
0.2776066643613549
0.316059045032736
0.3020403487487206
0.30791705502328576
0.24769109635574413
0.37850671472047265
0.4787367891360353
0.3220488450660926
0.3321163424356067
0.32198510049168666
0.374763230353842
0.2728896894653013
0.26318458940472805
0.3628666448198958
0.3537541771314514
0.35383725026387264
0.2869008437641994
0.31709769176809466
0.24568069515805566
0.23834380296648405
0.29547230015345516
0.20836143057601417
0.3903880845569823
0.2914247868902246
0.2927544151363687
0.42132948662769515
0.3639919330696345
0.3884267621236994
0.2508517064346199
0.37733493645701727
0.3443963005450951
0.3248562667954067
0.3346249224226558
0.351050607179224
0.2790360114067417
0.2940685359865125
0.3196492913222702
0.3770129024298695
0.347740092968116
0.334952335346145
0.2684512878630926
0.2899297708389204
0.2560597181509028
0.2727274683435665
0.27403372125480757
0.2907696619554354
0.27325571205454896
0.4803571752112447
0.37316904786701327
0.39601348695538136
0.3062153945959452
0.3253348816779545
0.3536842878130417
0.338249782343417
0.3346196212052284
0.20139404291183546
0.37742350018012294
0.4126787033704539
0.338182762296033
0.34510082033618095
0.39265437961451494
0.3315124083956651
0.32489210219897335
0.3845556625259526
0.3286076239764319
0.3517589983464425
0.24214685611961254
0.31637324626162605
0.3113558004936053
0.3361708315464361
0.3351943866810541
0.36896337969158255
0.3520309484404871
0.2949104645570018
0.3089142436200821
0.4240214819284653
0.3278559841784963
0.3795492703342924
0.34020117197117844
