0.3122365908936292
0.29124393836267626
0.230045585263094
0.3762094521079409
0.36346013191644516
0.356918569590127
0.3322874140956069
0.2766145191634447
0.4228928041893201
0.3371279163113769
0.23660611878943497
0.43214806037348413
0.2884835175715344
0.2715754398753518
0.27824848308901107
0.3158409892838493
0.3080386240914146
0.3424447512193092
0.28275517363027197
0.3824453093381477
0.3200102086731796
0.42944442744511574
0.3170532835231465
0.27468772932992436
0.35763404462255016
0.299728338828327
0.2906879450551
0.3273912368223595
0.4346356945108766
0.3063701676710814
0.3345008644198568
0.2575029935907231
0.3188364019163974
0.3657967457237056
0.3766424428256461
0.3056784003060985
0.37696182289498376
0.38705616075816346
0.3352929222663793
0.33964560987700476
0.32018526483081117
0.33459200222725405
0.3290593999840347
0.2679105258539072
0.22137991755588468
0.28432922775099245
0.31557945973845974
0.3676758862113132
0.3600001806352515
0.3874338944124148
0.32571896576194603
0.29308329010870987
0.38777998041383777
0.3681009971057196
0.2799352356912407
0.3436874430254255
0.372513382501634
0.3048665224379847
0.32209160216900523
0.1835692128104566
0.3525465589825506
0.35158326534923523
0.32539642014091685
0.19042742932610995
0.2757143298677044
0.23944633028728057
0.38346364690692797
0.327401702349775
0.34984673868234517
0.2730705552830107
0.33251328650762874
0.3514877211462604
0.3330893631295026
0.3006940501850826
0.3014823153742324
0.3843518595088993
0.277784629805883
0.31253875979860757
0.3184208289149875
0.3010042680722474
0.3145979753951862
0.34551409693367097
0.30374626147205397
0.24254079570428136
0.35822586612450946
0.3456137590637488
0.27486976834490917
0.31328505821197505
0.33266201400693807
0.3596578740071033
0.31410392062364945
0.3025330636428939
0.317410254597923
0.33945968641263685
0.3175264883504497
0.26568763664374445
0.25623600134211777
0.379557202901745
0.25535126572153444
0.25893186514320826
