0.4044137474022579
0.3054914935235461
0.36169958824296805
0.3659984844871901
0.3576428334157221
0.3181185059983397
0.32286591201986276
0.3818552086654089
0.3445338069822136
0.31250085348969087
0.29166573409429913
0.2677872656812736
0.30912374266369363
0.271611049700757
0.31946512772862246
0.41882677957056
0.2705718977197736
0.34072982244426114
0.29069877324770804
0.3217915819947926
0.3429713427032286
0.37977800786412247
0.2694005316649626
0.30220466246251815
0.5066334779412999
0.32884938005424497
0.3215612229070096
0.2902222816113535
0.28630294464138045
0.3211720414314723
0.41334435582377244
0.3468767314788684
0.3121280189444305
0.3007213433591867
0.3340132899136166
0.2703114162367069
0.30269648454748155
0.3796213440673917
0.23516787790910396
0.3265259619918738
0.29838807627030745
0.36951500492505207
0.3562726690048483
0.33174353909147813
0.3647132774668168
0.3116114759214621
0.2197040905360219
0.36202540112583886
0.29321977048180603
0.358372373656435
0.37103310461507455
0.2564681616536564
0.3223599367543633
0.20216821316970765
0.3380783669988776
0.27157711866275214
0.37558215868085965
0.2512084939022829
0.37654396752602237
0.37529341213501094
0.32568323414459444
0.34391186015981506
0.2680594087173487
0.29464838427085804
0.36333442343363276
0.34949530313591515
0.2999435421445603
0.38246304231897393
0.33307650621260904
0.28424564627602705
0.3967882188072698
0.23859788594563602
0.27383624690675357
0.34926460672550486
0.2857769448859468
0.30630271594593245
0.33153738362970203
0.3177342751118948
0.3787336024520217
0.38662567091512307
0.3752961879749076
0.3125872671265207
0.2869020918648678
0.23827993085940705
0.3173663632443682
0.3425320480313488
0.2966952082204876
0.23867065934571619
0.3426271383244557
0.3774033533036446
0.2877541483815832
0.3586342979945116
0.3318208292358345
0.3220685367180659
0.24604087874249003
0.3251090603130479
0.3188419991128867
0.31325901326310507
0.3201088091230127
0.28877982258114987
