0.31192632748282567
0.40815813860907196
0.2731272833977009
0.4233634237911893
0.2846665248239064
0.2793180655091202
0.2800474639430774
0.3279613315069276
0.2868537158560684
0.30635192665367245
0.31839682878451986
0.4023304629648715
0.37814130484522596
0.2873208637547416
0.3569524694056033
0.3429065727293958
0.41904570178298517
0.29353685886606123
0.32778161999675953
0.4571083120366839
0.3176091343411144
0.3355505614982193
0.41998079957681583
0.29750134915361964
0.2726653767994939
0.3201839236928799
0.35517815495999233
0.2944768022662376
0.42232362025130427
0.3311427683751827
0.3023435824803047
0.33012899735211065
0.2987616520038875
0.32775405583112827
0.29861748486257383
0.40860952508355847
0.3212324596033713
0.34461981828291616
0.3696736378506224
0.323401480219041
0.36063908538932055
0.3148457981907582
0.34558013780722724
0.3498393672142725
0.361507756794424
0.4067951576793085
0.35993412960928106
0.36447793830443576
0.4296318910703793
0.2828048497840509
0.29187963513792387
0.3149324708786284
0.34396327760350115
0.3505121309505781
0.3653847473680417
0.32764848339625
0.36880640622326444
0.38165397390317735
0.43670268344433827
0.3279536799427776
0.3402150821303507
0.30753461196232657
0.34724951931413645
0.3511531303375918
0.36945724358336157
0.29144189328866366
0.2704966177323527
0.33157800282233063
0.33585915920140175
0.34608023842554614
0.38555484750588154
0.3813962187204763
0.46638230999553365
0.41092478691010703
0.35377458702454484
0.4745161408333979
0.34644945623130446
0.25245400349969466
0.3329516839825544
0.4246883670988923
0.3864210672524597
0.30376990202167486
0.29489568042217085
0.3952621408624451
0.30794318325547143
0.3090347876981722
0.32606783425023905
0.35471954208601686
0.5237023057476453
0.37237126937927273
0.3207883907035823
0.4322104302831854
0.230486850885919
0.35664730299075126
0.3858454002152387
0.2926533227696542
0.3386132022382826
0.3490907386991919
0.4241602139360209
0.3506826166551195
