0.3417221518865321
0.33360720937329436
0.3086184901374115
0.415814443557314
0.2865382003326142
0.36399897197710457
0.32212654181883327
0.27754258960240713
0.29512244967545
0.41295669608553925
0.3282549717633915
0.4537612495444006
0.34307488914028966
0.4102720555338705
0.37715470867953277
0.3161563115667813
0.2818082550102227
0.3359180567900865
0.3078799618590687
0.3762928443835266
0.37789578249518047
0.33475725113995686
0.3409161331557486
0.38620100866677454
0.47693119517516164
0.2813592508647817
0.33615356684078446
0.356545484063579
0.40426969084450465
0.32518335471866505
0.3088361968458585
0.2828198529573221
0.350597481796767
0.3409930907138091
0.47425089373265406
0.4066396986883844
0.3609435040372969
0.36817152155578386
0.3202480669920082
0.3236408728756372
0.34021343119470976
0.27559796453126584
0.4176831916517417
0.33985873266253375
0.3820994758215016
0.30145589789077953
0.5161737042726677
0.37014467506416193
0.29758114128177865
0.3369756964859697
0.40230538573891095
0.42337348848963313
0.36682973634057225
0.3022770681666804
0.30537559682860704
0.4415593041669005
0.32358869867360535
0.3017377078195688
0.3352717205501266
0.2941818236853371
0.36653181733688067
0.3390542193584444
0.39693426234778445
0.26723237635322467
0.3293246076056839
0.28587390681038993
0.3260714462432158
0.4543631131747422
0.30767080752047243
0.2715597904681917
0.3275100685762386
0.3778925927156779
0.3177345131195809
0.28952756663456636
0.338138623808551
0.3814668749076526
0.3035509799758866
0.2779704778302016
0.34994221308038576
0.3806155812681699
0.3909627160890161
0.32612262809408227
0.3198389990647951
0.3348040235200876
0.3631872006363314
0.3041938146315524
0.4595441246330594
0.39395626788395827
0.3951648278883089
0.2875836809368514
0.3189646978610565
0.2711357796501831
0.3544780825226106
0.40843400942522223
0.43347352116751114
0.23031054563581788
0.2959827180037689
0.3931750461561994
0.26956036160802377
0.3348201786731175
