0.31404129662751407
0.33889560493655535
0.4015881719346433
0.31568539095553055
0.36128827293441634
0.2919467090047473
0.4000280376052456
0.39768095226990324
0.33733435389746685
0.37897997434999076
0.3969503161101374
0.3132871822958823
0.3886626940729106
0.3539506594487204
0.30956469968331246
0.33202845462719743
0.4345439593437633
0.41364491055712294
0.3193049601015583
0.3423152043357693
0.3923470538175333
0.34575168419012775
0.34139009094580347
0.2863238456228959
0.4111030218416793
0.2991231954545739
0.3269210796951378
0.3357945292620124
0.3625528428383827
0.4200229851221151
0.305537899328758
0.4095608699718491
0.34013586816188895
0.4249415663376218
0.2784794964481964
0.34069617541479397
0.33679366639411107
0.2917232945083719
0.38797009233244195
0.2920560282557081
0.27100293320916935
0.3220652988743675
0.3635811312046116
0.26917030575004497
0.2810496884574514
0.32984856030627036
0.37584540578692144
0.3997634346453823
0.270069700566447
0.26745223719293015
0.3313254035114682
0.3511560171356491
0.34242187612662606
0.5670927889832327
0.3914044173369126
0.3008419890909351
0.26926108258550263
0.34211834382418216
0.29853219015974797
0.41289075811529247
0.3164215561353801
0.28270077879613126
0.38648685954743783
0.37834825170870584
0.2688001394068862
0.3866410648440749
0.31587842423064383
0.3612582492319473
0.3942127870895874
0.3839970815954419
0.38077494167161974
0.296631508943285
0.36236209993841173
0.32132662215449853
0.3684006756804694
0.38359261201322936
0.32584238482594685
0.35202885852960014
0.2817155931422024
0.2757854303064679
0.2825456378132509
0.41063938618755524
0.34930912196750347
0.45755121743742344
0.4376229772410611
0.3633314047883723
0.33299700330698073
0.24211042708493705
0.25231365779481885
0.3074968656039677
0.3018695956074785
0.35031133452132296
0.36506479989068336
0.2872870366696136
0.30311335158459846
0.4557634329903929
0.28856091288314883
0.347866053505908
0.2753538412831611
0.3002612425495782
