0.2798498473346019
0.4118494929973337
0.34973265534775416
0.3151747768553524
0.2804965241796692
0.336583216845914
0.35642585251110537
0.3249202965755873
0.39200413771852594
0.3128016493439999
0.4203218984861087
0.4921709526909569
0.294400811426713
0.3641377449420586
0.34121176806122505
0.3141954087308384
0.3871191608461552
0.38947511286776565
0.31078972950692446
0.2954063676390469
0.36907991926570166
0.3275197890304697
0.4555128383102141
0.3364775311795262
0.23099541130633777
0.29349853354281724
0.2809829152521654
0.3843093714237708
0.40183885507908956
0.3495546499700627
0.2846887666195907
0.29296921078898047
0.31752989293043093
0.3598730311793175
0.39030800445517716
0.3254674182619486
0.3333881715068856
0.28590252798596144
0.3320362385767445
0.3682605975154268
0.3589168538897407
0.2682383666748798
0.30795354721625884
0.3341370605751177
0.3212130664899528
0.3043062539921554
0.4061868636851602
0.2710257815426542
0.403801152329919
0.29918812779195797
0.3277980428253961
0.3443880591988978
0.395833112714251
0.4418459070009182
0.3211554628008382
0.29250283028513785
0.2528657761136903
0.44445484905337695
0.329835466009349
0.39868194672542434
0.2909539621730646
0.3060843893487367
0.42176493554600625
0.4060419673436716
0.37583704984520544
0.3710729623828576
0.4027171655350355
0.37362104843921506
0.34150404536232887
0.45978499863475303
0.3933208497695598
0.3225683866485075
0.2980174280886385
0.25296830325820796
0.31419117434204713
0.3446325232470086
0.3411406448030133
0.35462766963159637
0.554230908771955
0.22270872684391768
0.3920914327955051
0.3918209328182686
0.45632135402622126
0.33172880650980335
0.3531764330564832
0.3459380619837924
0.2880007745805865
0.4314549851307747
0.30048136413652804
0.2885213116746273
0.40063031547521766
0.332920508356251
0.3232030643467133
0.3745830081014287
0.31276570721355706
0.2941151064941644
0.31131917089672717
0.4264205055814607
0.2680990020912302
0.30799461830831315
