0.4063730629774236
0.3227840724451264
0.32790436269846895
0.34413005543489217
0.2437055959429152
0.3838729448324282
0.2807166424000417
0.2896146279502118
0.414098571000316
0.2858546365011392
0.2821130051716384
0.3017863727431488
0.33622839185528935
0.31482524128383566
0.2935897765477866
0.390112906912195
0.3237285889765916
0.32212006309471414
0.32567183248734627
0.2479288817356794
0.3028209172966486
0.29151257177731993
0.2710314326795645
0.2931793789581808
0.40456875512602464
0.46401101911941256
0.3395223799824897
0.31084455115983456
0.3479284112268577
0.38748855328807613
0.37671620133112965
0.3491483084841448
0.3953202132195501
0.34186567520176053
0.33751060982373243
0.31544143945548153
0.40648461483712617
0.3675123201433127
0.37947987574305087
0.27017906450940665
0.304366500686616
0.4576957777167916
0.2709429127178596
0.3730755657881091
0.3145293345220032
0.34021459446763813
0.2879765900336966
0.34413651074869667
0.3278669486799108
0.3177950519056053
0.301803951107443
0.35598088780362885
0.28240598012550894
0.34660538203742236
0.3564695144578119
0.28432950235048376
0.3951085698547918
0.2956258698958784
0.4271158139747352
0.2651827880458684
0.5340168008088637
0.39701441908215573
0.35881005540029515
0.46299757957276294
0.3405922342709056
0.3175473659059079
0.18722148601799316
0.29007598239001303
0.319269614508039
0.31146464930967305
0.3434713714165749
0.26655324620184245
0.3025190553162896
0.2978010238538413
0.32890129663267514
0.40936304719411104
0.3640748299877223
0.43243398386588916
0.38820799218986846
0.33530693138889167
0.4106139970741379
0.3431118264141514
0.3457994869494054
0.38031691953199415
0.3528244583055299
0.2364818779759036
0.4126521537114913
0.3525461018394081
0.4112664644649589
0.4538839460201194
0.3767703871896
0.2846076583521494
0.28836627742254717
0.314175934244853
0.411515997240778
0.4423253065637022
0.3788906085893195
0.4027621880802485
0.3245724892284989
0.2989468389809718
