0.40084147344923754
0.3706534421339628
0.27938936728793257
0.3560588347333802
0.41119698729114657
0.3950556497110817
0.3366035691046518
0.2810434297234641
0.3019514878767317
0.3502272612190594
0.30540958810291147
0.27157271271993
0.21916923137827024
0.36028098682542375
0.41917544890606656
0.32267411217824465
0.31335505956157483
0.3939737598783344
0.34405523415578815
0.33914507984073783
0.3571769782913295
0.3747063571043684
0.3235243331101931
0.4766415667797859
0.32436757897261864
0.25178010675004653
0.3642574188994889
0.46264574277611936
0.2899669101765604
0.4396225652092135
0.32794038248494684
0.44802746648871217
0.25113811515480744
0.29456405278072084
0.324713808588896
0.3738725509721975
0.30301895855891914
0.2597925821226871
0.382803217601611
0.49723215430062895
0.35100697768302175
0.4229937450212295
0.4168074727760864
0.31468146565042887
0.3433694895054506
0.3633265354588463
0.34542604857178827
0.3389217658274505
0.3764056462905681
0.44121887137397314
0.41782065603892704
0.4532693644187231
0.42396931445997793
0.41825563166072716
0.4055907595722771
0.34022768253664143
0.2976119425093936
0.2797399612052888
0.4066424484467834
0.3264972375491284
0.5786198744531426
0.37682674112180536
0.30176535371725643
0.3409042421657489
0.35256687115182433
0.2962583407927108
0.4047397375830932
0.41093477354265445
0.3126525463775939
0.374092653329028
0.3120679892225222
0.33982237554867956
0.42553923227486556
0.42234831745799944
0.4663474320282935
0.22749916215351848
0.29002125148114516
0.3260824421877921
0.40226347810423263
0.3408281329638329
0.4800912858573096
0.3192194346129786
0.40576045159504215
0.3634392000166736
0.3018533495980379
0.34226919041436943
0.3740035291570861
0.3126434930365097
0.3015876009067931
0.2875435748943541
0.35629282874143037
0.3170835292064263
0.2810334584890362
0.2996860492744315
0.2535127013341537
0.22746740746321342
0.3730713121105241
0.38500869917052416
0.31657853428348703
0.3676629745813278
