0.32828789277548315
0.44548997571378335
0.3844971900195299
0.2776996762281723
0.3439933917099322
0.45375096813657895
0.26953110720001816
0.36356275636114804
0.2859433133291974
0.39314016190600026
0.33722345591044733
0.2968410084483421
0.29707614274512906
0.24790508860690552
0.3264734820638864
0.3356202841102442
0.45468263037835643
0.3310012943232694
0.4022806051191306
0.3692630233865679
0.28009618780770773
0.3442387165854975
0.28521487902683634
0.3427541882249731
0.38957079473688877
0.32657154124188587
0.27821448369807866
0.42645347725524174
0.34627660472930083
0.30867396921321977
0.33820855911867803
0.32669596353279734
0.3087367636166616
0.46864117941580774
0.3063321744253827
0.34166355136874377
0.3873562463648038
0.37973729194636796
0.2840629075451156
0.38566631272674295
0.39889764579231074
0.3429750941484951
0.36691108334209604
0.28039722361621516
0.28934381128735137
0.3752495046516276
0.2791375128625441
0.3895668191566248
0.29331224363303976
0.3027073068199422
0.29491030663101453
0.4162285577906159
0.3468500736234466
0.307699476495268
0.36197984416262746
0.35536396977404733
0.3138539959750208
0.3516864594068827
0.3376525888310991
0.40982235534306377
0.3719639550750532
0.44690978527884095
0.30086700297545255
0.30390414187333964
0.3107613616760225
0.38285368389485347
0.3385858490221004
0.347974679055576
0.34961948707989027
0.3303187293036967
0.40013851586119176
0.5754016648586611
0.38494908277696016
0.3131007455616241
0.3250123271216225
0.2625041716744694
0.4245156335317992
0.2916288090239638
0.20383144221331306
0.3199283291388074
0.32102608645969344
0.29892215087015345
0.39176855447016207
0.35319972913945846
0.33034315273302034
0.443925012902226
0.3072926999689526
0.28505157373718965
0.38535659967115854
0.4416973055362881
0.27032472996340035
0.31822793081557305
0.28814846656803195
0.3986699072057539
0.3811152418179906
0.29901119340102056
0.3362235727260983
0.3785681544626177
0.3538762219379559
0.38646845571470617
