0.4285209263173051
0.41312806653935313
0.2862771209725646
0.38435094745036547
0.33388590597337875
0.28681270702268824
0.3964782232529823
0.31874615377623317
0.42365882654069237
0.2978217372969104
0.30767408446992794
0.30491554063846105
0.40419709988191566
0.24855892549504258
0.24802557116031518
0.29303417988890673
0.453234481310407
0.3685125301044894
0.37624078800672256
0.3448348120837457
0.32071431013247964
0.3142551601994179
0.2580120265978127
0.3338198156702887
0.27731461050907497
0.35044933646303633
0.4783926179861993
0.2633000612730013
0.3246589983447123
0.2873470207018758
0.32517253973393234
0.3063987807434435
0.27045031577835754
0.5705959610318575
0.4192020067437026
0.3511275396423207
0.3369553002451511
0.39057488848209604
0.31427813500062807
0.33973179432723927
0.32736463847911634
0.31061842783883176
0.3687361831945232
0.34991342690047045
0.34208895155850405
0.3914697828260403
0.310861467058231
0.3377009841952935
0.390696354839813
0.34447715954547065
0.3058504600931364
0.422162678593039
0.33118813609814907
0.30487113471671734
0.329278867049099
0.3884318216318434
0.3484464057616606
0.4096234453767866
0.42004630881662064
0.32551638457653986
0.3549802145617684
0.29986691250088365
0.29248204767602637
0.3591120243244101
0.30106096849427494
0.4113987871769577
0.3609640626592477
0.2948733775843889
0.3701753858533806
0.27430920415889987
0.39491554297502574
0.4097152402868289
0.4166247863797378
0.3675454318841088
0.3889160175766417
0.35540251920516325
0.3648861123712252
0.31458313890384854
0.3014571125183507
0.26638570290536945
0.3085824946196878
0.33397282059941846
0.3478500067069954
0.404989182486629
0.39905307833364356
0.3941023037624336
0.3655868590294774
0.3216400862406352
0.3339727110229845
0.4645556998769894
0.37530883494634487
0.3208709367472822
0.3505268378853867
0.4111058952648405
0.43193617572014675
0.45479716440600826
0.4123476946957696
0.2705943848121979
0.31838788507263577
0.38531376682182356
