0.31069856619951924
0.33627210372546545
0.3523074555085914
0.3396850731818651
0.5677330827962243
0.28883060234651725
0.3619511503611244
0.2970792742735469
0.36393357880970684
0.37937982716389806
0.33302583740151304
0.33746341250842127
0.3261959393866887
0.32496387660175624
0.3611080041189531
0.3563470174847988
0.3783100172995056
0.29209641006521575
0.34895984198458424
0.43465753593445094
0.3660280438108985
0.3504186160939245
0.4268575844144007
0.2902935495854306
0.36181353229250873
0.3363108387511618
0.3196371681894343
0.34988469156847346
0.4128250834597078
0.3056377399688698
0.3037805632988782
0.3226099191588062
0.3055975922533305
0.34399135823415566
0.258620765459016
0.4012004002491681
0.30013133100315786
0.409750537081424
0.2955445620633377
0.3961761534453139
0.2918327492446466
0.2858000277824938
0.37875731749983854
0.38359802111152835
0.26017342057564147
0.4971938915650637
0.4590246042587591
0.31377016014504483
0.3274081477428272
0.34995234568733596
0.34071366919556945
0.3243907958699338
0.4272335460082499
0.3900911537380738
0.2501676448335035
0.3598488569499916
0.3848917577259495
0.27550649358407586
0.307592727809113
0.4130951758826892
0.36735616418248285
0.2796663358047803
0.40552075818093003
0.38910258692138483
0.45562711356781116
0.2877536421862729
0.24246687491656843
0.34548104585211586
0.33915146302732585
0.4003275407559322
0.46321409475412184
0.4896127347551615
0.36845097141449606
0.37323450522410534
0.4082951982148823
0.38343501716545664
0.40164250023387693
0.30208784335160715
0.3480127726339832
0.23495723151613673
0.32647233973082807
0.3176567699366697
0.28887818392579534
0.35186577295853866
0.34422832000490555
0.30857117438284726
0.3839497484975775
0.29383143769804493
0.4225696494111694
0.3094882768590068
0.5538089983137714
0.3214087959353464
0.3452282050809409
0.3358134338932078
0.34853147096574943
0.33846279571594523
0.46699447339145905
0.3755066477845233
0.3595197955663308
0.26876645050674375
