0.3416107225866025
0.32123287001104234
0.2829966420327262
0.352150472017899
0.3006163108839335
0.35184578599713423
0.38566340674930627
0.3566825896461359
0.31492553071281226
0.3630717741914165
0.36354153707869113
0.21928161238561708
0.28399675515024625
0.3911016728460155
0.33267866069607355
0.2484176093158664
0.31029163425491524
0.3834430089349583
0.3130736148006426
0.337407867145083
0.3197716725782031
0.2690547613641201
0.36605649241196975
0.3432880204781619
0.2802255099753366
0.4181659781588344
0.36558601532154367
0.40210869609421174
0.16038476927499784
0.3264087375461991
0.27025983997177416
0.33363314706378394
0.3399768478340749
0.31485853285483123
0.4125079241995447
0.3343000256790282
0.2971931220601189
0.4555414393334352
0.3316979877720254
0.3111246015161572
0.3063736445900877
0.3417438099377203
0.30791443058844076
0.32821481590712204
0.38826350656790815
0.3043792036403256
0.31449711746197306
0.3918935779408051
0.3024103143985261
0.34965914643791174
0.30541456569597364
0.32163739133708635
0.3398391450819417
0.27198601906945175
0.4475065166396785
0.36139966539766116
0.29918774985189484
0.3446432429131947
0.31402599765281786
0.3714562457993206
0.4658241396313932
0.26800033292544917
0.43576406903102904
0.2736382285474247
0.3713948149635054
0.31894741943537197
0.32493236872661807
0.27030700384079
0.31117716443618537
0.23523330347873964
0.39238483729596857
0.43108592480667945
0.42959570089691607
0.31787313989244353
0.5328947458269028
0.3486631531782866
0.28948817456134857
0.269553321023907
0.2884158023986622
0.3167596419142759
0.4013406079554053
0.32529859303178876
0.36578999087894754
0.4042936500409214
0.3337172266495867
0.4165534893304884
0.4286781806713163
0.3740211042011345
0.2836498295093199
0.39163267729109186
0.38438351054372627
0.345821527469038
0.36239675505621505
0.29999860015653257
0.4178783932337972
0.37295055970161095
0.3762320275278469
0.2959565817891816
0.28850128144198023
0.4089867259979185
