0.37307503400686404
0.39373877562092574
0.3241226710865887
0.3464415209693947
0.3461269560336274
0.42319966535348535
0.32581045607713865
0.36612856986525
0.23523330347873964
0.2894281702339322
0.3417438099377203
0.2860666481739784
0.3367561981081855
0.37143929657442687
0.4035195407526994
0.2965128098283033
0.3922788089582485
0.3181640188697808
0.4304708632091529
0.33062986644627834
0.36547412493947634
0.3130736148006426
0.36797179551497655
0.287551891953508
0.4548324389665162
0.3114156494868278
0.19932563256797886
0.27326179604520273
0.3809940359975668
0.3254787845477474
0.4632779790383046
0.26999634387889193
0.3968725210021905
0.4237314898180296
0.38485793027443554
0.38631483393254346
0.3138577759397114
0.28141728574749664
0.2819249841274027
0.36558601532154367
0.34669289960728367
0.3848910270105807
0.4125079241995447
0.2877043022939393
0.27579800899059687
0.3002832463908459
0.3948621183470642
0.45263978513928316
0.3452476212199335
0.30748327412831605
0.29063906034312276
0.27886385311224593
0.39322449234837226
0.3114286250487639
0.33128145320750924
0.35377635737471225
0.32563873189813886
0.2680342688429724
0.4390468248201832
0.31395466516663073
0.3058645659931008
0.3267567312885531
0.3531105583772064
0.43914092217836814
0.4400006608030409
0.3421853185767125
0.3017684421242693
0.3431839091846107
0.3621521973176401
0.3199151407743034
0.37510710336808917
0.33264025689538124
0.3553410259865347
0.3237520769696576
0.3887513929599941
0.4066580233088861
0.37491273692482285
0.35594028563825353
0.44243109520787677
0.2780520071959962
0.3777047120645897
0.37852080338557487
0.3012549112091163
0.3913462402375825
0.3427173674356244
0.3059264020668688
0.27183665114975936
0.2653170775036991
0.3924291318130192
0.3260870250556481
0.3097481119445685
0.4532792173632296
0.33754039457478313
0.32990106229081595
0.3645648213558824
0.36914577551341543
0.36420217499576496
0.2780895257589725
0.35660435522455486
0.3414162058603951
