0.3029769578497302
0.39298829988931283
0.38728361668579325
0.30294191441465673
0.30181340861068484
0.3525371035190988
0.3820947073711489
0.30201419267353885
0.40190565885622853
0.306443265782939
0.38510801766462127
0.3450410450278247
0.3267157375881569
0.3733932091751004
0.4940233690888104
0.31657853428348703
0.3691953342064501
0.3211257853379889
0.3229044169685331
0.35706209994285437
0.45595074783136763
0.32145717972756166
0.3753703572836287
0.3245353392991945
0.27920833077700014
0.32819935991403
0.27952372852368884
0.34016000155664444
0.4673583331612028
0.4292444012524272
0.3515860394674006
0.3687797150602493
0.43423980463328443
0.3974400481478181
0.5162179147837936
0.5503562308847227
0.3888599224966511
0.44259924986065513
0.3764056462905681
0.3588976038748579
0.2913510047669662
0.29657701025415945
0.30540958810291147
0.2584296881207483
0.3531660012905529
0.28578871483895424
0.4557733161948695
0.38087809212013196
0.32412671378887126
0.32623687212782
0.3192194346129786
0.3682004190663253
0.38509126714122194
0.40199327278627733
0.3185510804974562
0.2980716318836634
0.3769135144470968
0.2862595857132182
0.32931402759574097
0.4896203802367694
0.3273808345983757
0.22148735171665457
0.36708389004540937
0.27702683775768144
0.35373235180847057
0.3392446450145258
0.2824862150233201
0.476006965814855
0.3225804354475635
0.37775501340995166
0.3004533292669819
0.29552328268503647
0.34281960573129283
0.30764995370917747
0.36172854737955545
0.4047657833279307
0.31998810820098345
0.3199754703855998
0.3235243331101931
0.361424731693506
0.32060816927088304
0.3179027262791042
0.2934165154199287
0.3356908652291804
0.40087685825997255
0.45907981525329006
0.3913017290123058
0.40405576604649684
0.39682117254340177
0.3136727257654387
0.308055881476138
0.282527513154234
0.31582730180484947
0.39174084775833723
0.35922194957155135
0.4229937450212295
0.3899719744662738
0.2978239456701439
0.29965102048346226
0.3595875934862771
