0.36421054189732704
0.31146464930967305
0.31317616670833387
0.33648588526917733
0.33794560678295466
0.31981449412084473
0.3116604631204879
0.3119865770220786
0.4056328505656755
0.3018130109577369
0.3737809628824864
0.334106715144587
0.37246839499538237
0.2651827880458684
0.33751060982373243
0.2853374493343853
0.2881560117045228
0.22148925162272887
0.31211005555392607
0.27107992893828126
0.346775707717053
0.43672951918414893
0.3497992359310906
0.3917637752475559
0.38557011525337176
0.24448686803499134
0.3037018944690079
0.3660492717022241
0.24417216084623652
0.2768399003953012
0.37947987574305087
0.40824173864285657
0.3508242236766244
0.31791910373189614
0.35742789651750445
0.33635247781659094
0.28591500984758617
0.48226905144261945
0.3506022678562123
0.20002104577843133
0.30098625957852365
0.3193624172771757
0.384360528951178
0.45792713444855376
0.29336629751230553
0.3279367573316836
0.31488700788876406
0.33407421567041784
0.31506221238777593
0.27635667916457496
0.4297934958343205
0.2821130051716384
0.33256125112988616
0.37426981217793454
0.2983757715588998
0.40627612612053654
0.40921814259456996
0.3744300057143193
0.34021459446763813
0.3970756668391627
0.3671226338910509
0.2792459428791397
0.29897394245065007
0.4042404196061091
0.29573819915470156
0.25092901262575057
0.36712989966038745
0.3864272341591307
0.28734578567552305
0.407853643396804
0.29092458696899653
0.48153008564554106
0.39107849921261323
0.5544900254944278
0.33350088079418216
0.4238734459657558
0.46299757957276294
0.35131406404878146
0.3968832217702983
0.36311848711237305
0.3944464123110532
0.3868069076167706
0.29779663803464784
0.32771021471267203
0.4606636366938131
0.43065938281453103
0.31989639959135724
0.30136136027935184
0.4552702234400913
0.36245789036919895
0.37293488196541474
0.32470949526479637
0.3773875386501974
0.2978010238538413
0.295231255195286
0.38520931514121043
0.3945620688725267
0.3174472531294806
0.31084455115983456
0.302461919146374
