0.3968267560632284
0.40261243762186655
0.2519983041877585
0.4531791674458551
0.2941818236853371
0.40148633400342465
0.37686746107849567
0.32726671966933435
0.38331138435481343
0.41576807066915744
0.34878145286612416
0.3261068834705022
0.2968232383497022
0.3872736336925096
0.3459393507255339
0.2886588229560452
0.3312478702406337
0.2964184361424984
0.3917703092628216
0.3631872006363314
0.2749473244111981
0.3377543840944509
0.3738253308915684
0.2674752654611063
0.3893310801333529
0.2895350925212971
0.34307488914028966
0.3750056763111553
0.4292085065108413
0.39536911023763094
0.3435150227155101
0.2614896103262052
0.30999916086854257
0.32170067132067115
0.283620727605521
0.2867014736032326
0.33281684618745805
0.4209273484862906
0.4593689425687365
0.4148317754919997
0.2845599219900745
0.3543421614505503
0.31213757074953763
0.32612262809408227
0.34634831345665085
0.3177345131195809
0.29564306963857007
0.27167801687400883
0.34837722022368456
0.3710779757120748
0.36218519687921613
0.31662561840047304
0.39371544342693787
0.38613745087058376
0.42028791492739
0.18773191305346398
0.3130754440902633
0.4092279738243451
0.37285893699725375
0.30168527131559586
0.26051039649480984
0.32470368852385934
0.3912612498256031
0.36653181733688067
0.32287837101321254
0.4009035204866086
0.36539874166415237
0.2962882285374459
0.24534323678243258
0.2982713671796093
0.3597891767009263
0.29130926510074506
0.3133406994729694
0.3408184607852232
0.27265242142764234
0.35887929899269905
0.2728139669075158
0.3798012980746771
0.28941858753026434
0.33868472589308374
0.3129632262483143
0.3390542193584444
0.33930921375724654
0.34018415619007186
0.29095038079292995
0.4049251220215505
0.40521492839057743
0.34841811130789996
0.44208723709291137
0.3798424866852903
0.2892472201876844
0.3076618533342096
0.34364711998112335
0.3381130445652307
0.4262623384997473
0.4202443664297483
0.3092783511877888
0.24442284935373987
0.39956467140129454
0.3917801953477352
