0.3232030643467133
0.31695887541869633
0.3255793447615042
0.40137150207236405
0.3131189332098474
0.29733730393513674
0.32520089485292725
0.3952328065799752
0.38404611888292167
0.3459380619837924
0.2698944367230938
0.43349316474634897
0.411157974261486
0.2855068682852278
0.3399455844898967
0.31131917089672717
0.341439872774347
0.41089371283994386
0.24645477303641602
0.37274829188598757
0.3837412362698661
0.27099681903912676
0.4055384727194455
0.3137689505315194
0.35847634187764255
0.2996420150332851
0.3397261500257659
0.3685751556943521
0.3642173512372616
0.21382480651039967
0.3488655468018408
0.29973000474280936
0.3932218276610329
0.3186279626384294
0.33686967795056844
0.25433230946085533
0.3302444942817945
0.34135067347661674
0.32334533253343445
0.2909539621730646
0.33924534558485625
0.29701264515504466
0.29349853354281724
0.2434233595776285
0.25632232639059127
0.30034833018385165
0.3136612439120688
0.3333881715068856
0.298603788521277
0.394483891801333
0.3444710468505936
0.3247851798619366
0.27602376189544187
0.40912105234179286
0.2768457191616807
0.3100661449579165
0.38562072620291626
0.2824752912781955
0.32899690282132127
0.34823488303793104
0.4087338023596634
0.37362104843921506
0.4264205055814607
0.2849407193951594
0.3039231227006471
0.39118622302075684
0.3712154179731594
0.27171779052984857
0.3060843893487367
0.4018923399682214
0.28505226974331677
0.39138501474094944
0.3238928369701408
0.32480770285562427
0.39591732530268314
0.3093675295251744
0.3679801135564423
0.30744696886326145
0.3843093714237708
0.44037887944230947
0.37161248388335105
0.39073157874174286
0.38374303351974803
0.3266660158153505
0.4121607667317319
0.31406559109660775
0.42127892135071876
0.3765160083537198
0.3589168538897407
0.3290409443997363
0.34834627479562347
0.24586880136866404
0.35834591622085066
0.3063280224688263
0.33424241453365017
0.3670462284542575
0.30775295895544913
0.42866653347529116
0.35922355686102486
0.3040362444943116
