0.3288440308390088
0.37157272453813345
0.4195160777936461
0.3310012943232694
0.33103294930213545
0.3630230634959858
0.3152672126769546
0.2877863434864259
0.5365216164369317
0.3654515456660761
0.3338802149190297
0.27670649591649754
0.36436086027396175
0.28758736428470844
0.3953956055210168
0.2936388587587095
0.4053989356360826
0.3376611741080544
0.2813902590066259
0.29783413108073
0.4013623027981223
0.4121002169906537
0.36999248460294387
0.40200448489007345
0.30193668477805136
0.4211304303013378
0.2704920219756962
0.3788084599909484
0.41129171768344447
0.40216069504529617
0.3650959715191055
0.3599472866829178
0.3317499737338549
0.34627660472930083
0.412698722316833
0.3801700624313673
0.2986024791918719
0.3485289949612928
0.31729906432180294
0.272547038891447
0.3652600260649564
0.3082280363824004
0.28067536123677905
0.3140083731664884
0.41086401707647485
0.31985911531126743
0.36750800774455
0.282591448029218
0.39889764579231074
0.4254057143727745
0.3633800822414101
0.2985186726836549
0.32044760656010324
0.49805010473568223
0.3332939397658602
0.3293519687008374
0.33033651083943505
0.3094656245617698
0.27148026597937086
0.2811216172029656
0.37753291628554053
0.3115536620108343
0.3152792615385834
0.36142352145215056
0.31709225379416345
0.46864117941580774
0.35148972416715285
0.4270667774059894
0.3049886801631711
0.3782589460024851
0.3509062732311019
0.30750259071510583
0.22151683805926614
0.33161058588078074
0.2823000433944581
0.2902411291444123
0.27309824028302604
0.32794706744254704
0.33983103090335454
0.3902717858197405
0.28039722361621516
0.4386795742758361
0.42582725381458475
0.35323167959754076
0.35698230874454345
0.373375293989821
0.3068487026354057
0.3590047099142922
0.27032472996340035
0.2390833002942207
0.3527776344289195
0.3691318347840556
0.3776017330693963
0.3662101218036175
0.501928343946574
0.39438536510146427
0.34563237366155297
0.30738753458382256
0.32390670698214047
0.32088212688804674
