0.32346736059288356
0.348697742241306
0.34096167801407695
0.33994291420351763
0.409620538961453
0.330040397949616
0.36947133806000576
0.3065352156070856
0.23544870750174476
0.33152919169945394
0.37575141048366856
0.3940193793614385
0.2073906037618364
0.30571201513656554
0.3531920311367507
0.31928136444960276
0.38844946018667115
0.3025850583346854
0.3748182295572361
0.4161991580012312
0.44903430799728167
0.3163844055558129
0.3023435824803047
0.23016103940597477
0.4164860740856979
0.28021187168560474
0.29985693376220374
0.4518977566307651
0.33274466113815554
0.32212482167805273
0.34389264674993786
0.3866850744139222
0.341918742363301
0.3320716425803169
0.38639615897749885
0.3689960924535143
0.3805453622551859
0.39102755725780164
0.3606529325037105
0.3110227129618901
0.41642915856262286
0.38992351366530986
0.26460881727738167
0.33500384933906985
0.28660941526413863
0.41686346622056664
0.3560583917403253
0.27000158105026023
0.3201953257152393
0.3739460210716818
0.27773508205490255
0.36654791839522416
0.45307248359162844
0.4118014713306352
0.32742777237202597
0.37702745149295785
0.3772454326985607
0.29933296602575815
0.33174892496077146
0.3127278665114162
0.2745729790609007
0.3237638736257132
0.31624226266363203
0.2849360921115626
0.3646298399959567
0.3408130704890682
0.40285099921554535
0.49975431318553837
0.3461561786656589
0.30246701288148325
0.3935952551105372
0.38228166801646224
0.30180756061496045
0.3450368298359362
0.39186862154734176
0.48347266041874304
0.29608465680864754
0.16564789607699387
0.3369375858226469
0.357790912816524
0.4215183942276284
0.339673080417842
0.4224699835677982
0.35144549295422023
0.3642725389057601
0.41489175171996945
0.3955104965994974
0.3026780879463527
0.3097506887367584
0.2897108288336579
0.2798735070337673
0.3288639497310084
0.45332795266473014
0.3369503906248708
0.4066504551153366
0.3435392162016351
0.27252154869380946
0.33033927497781174
0.37668796848736313
0.5789931403141789
