0.28117551485131625
0.41203005600881937
0.33836605688847404
0.2898844479798486
0.3014571125183507
0.34938538002984293
0.3502175011132273
0.4110255108262412
0.41699584488856706
0.3613170237781383
0.4235061414476802
0.34208895155850405
0.3764229994823489
0.3141326288912207
0.4067163864510099
0.3305095998690313
0.30106096849427494
0.4586081283428286
0.2836003431098619
0.281748968104098
0.27087670637368394
0.353264227506949
0.3438947295201023
0.353362348966674
0.38540625603119333
0.33214429240794224
0.4280106804310477
0.3461738971635768
0.3598366083776457
0.30553841849486135
0.3046392964711782
0.33856188093437584
0.3256635433672473
0.3928044140753829
0.34059006975282946
0.3093611875238001
0.4122652631951192
0.4140783140529204
0.352885511765302
0.3919661567564064
0.31874615377623317
0.3622322479347409
0.40902386228060544
0.3479311940144698
0.2917618341095568
0.4188866875647024
0.2804033670181958
0.37032272137240135
0.33111495855835726
0.30802947678277176
0.4074638647451585
0.4065473510009118
0.42365882654069237
0.3527683591077914
0.3564554809576397
0.3761648481978648
0.3011262192065513
0.3995873412991778
0.34822374416672663
0.3504038929860391
0.27858877685499245
0.3448035228938946
0.3726727137971428
0.45335268425275416
0.422162678593039
0.390696354839813
0.41577127528453545
0.314711344351072
0.4239054633471078
0.3284187362132549
0.39727578550909004
0.3063953772636208
0.37977818734678853
0.3398162749159799
0.2771528500234025
0.2971824807913522
0.34158284168445396
0.3278404738216477
0.3452897573046696
0.42609300620957985
0.45958189616138057
0.4071926056296497
0.30050105208706723
0.33459784518428465
0.3210222317711178
0.36916855130971
0.3436179562566514
0.3735013587185375
0.2214871443660898
0.40826702218995464
0.3740663204767474
0.30183591843947366
0.31635532427139507
0.2656884084922021
0.4063693227366145
0.3148509884029875
0.3675454318841088
0.3285097976700442
0.32766136247388666
0.4812505078805637
