0.41047327530532457
0.3686686174945987
0.4132429795950924
0.4349721269827107
0.3198901364289361
0.3413366121060929
0.3596357028286904
0.34650653204475973
0.42029660687089176
0.3343098087010558
0.3851173810611809
0.4192759624931771
0.3722592396769964
0.33627517816902947
0.34853147096574943
0.2693990125948669
0.28122953366681214
0.3028931661999336
0.3408206880614441
0.39199829244338974
0.3160053994176772
0.3012142650723888
0.4162307140009531
0.45582442797032074
0.2938410929783169
0.38287251189363924
0.29934159907098146
0.4058350720393511
0.3378803134006357
0.27040217204007483
0.3627599031705262
0.26726493116620625
0.29209641006521575
0.3717926466375489
0.3310424260760576
0.385693717791092
0.3176567699366697
0.2504100007156042
0.33746341250842127
0.3002094867014438
0.39498491595879576
0.3884068720548923
0.40256671443107445
0.21833777053587447
0.28166905586899343
0.27479303545974715
0.41145608011974116
0.38663089398840284
0.2852091107418119
0.32132807361472315
0.2458950083452749
0.34845204442469735
0.28884288685485243
0.3294490956761439
0.4108543093918208
0.34517462720104214
0.4245715342930224
0.33558902542704155
0.27198427346657394
0.2659550763259888
0.38070443869085435
0.33867382988203326
0.37117949595646205
0.282430053435595
0.3577034271586855
0.3358091231105902
0.3236895810490563
0.32829710232845294
0.41430588711663496
0.3785892141863478
0.4326139162680899
0.3727924627128527
0.31253222717645635
0.35517922521340795
0.28883060234651725
0.31653508457810664
0.27830879805711717
0.3003358732183934
0.33951486713608026
0.39069892335250606
0.3389397955000956
0.4231090042316656
0.34862743228248794
0.4173661105773858
0.34895984198458424
0.3316943756426098
0.378612840877015
0.42597662898463196
0.3583171877383441
0.40164250023387693
0.27414048832943716
0.4185142173386664
0.3445422508900899
0.3095323087168028
0.4089661321155576
0.2847798050627714
0.37390592090456215
0.3898186062919988
0.3834499424542328
0.28292726045860295
