0.34316124121382013
0.3946132616021202
0.3994215724726365
0.36153663167282907
0.3218157291863896
0.3997358252208111
0.3314634869225023
0.40423113351084533
0.4572744369954956
0.2913772009628441
0.36651129780559116
0.29649412962817834
0.2825663489514107
0.3621670181503408
0.3929424807180504
0.39222672373348855
0.31986562314637423
0.4026324433254252
0.40489671796115495
0.2826989159530295
0.3166654631535747
0.3302985634401392
0.3471417882587051
0.28070371525492627
0.3118671453540527
0.2796306232809912
0.2703159573388991
0.2869632784294675
0.32831146353445495
0.33413311614783003
0.3849079596226662
0.47979936898149617
0.23011716300503907
0.3499258686741706
0.3500716774549667
0.31824265257363793
0.33561093146859833
0.2936297442527766
0.33021398692805165
0.34514056001372767
0.30047790440922095
0.26709577291692405
0.299844643502882
0.31596363927763027
0.3046749650526967
0.3768208776019608
0.41588022796217594
0.28099664501798105
0.41655590083857075
0.3269806393402379
0.37210735743922174
0.37849562846502766
0.4331546958232316
0.2835748061326228
0.23484983420555702
0.37619240422346056
0.2920560282557081
0.2717730744038418
0.3618472010658342
0.41202335056586653
0.3698495702818916
0.34580366538310814
0.25826433391395953
0.434338868352814
0.38290808881408134
0.413480217280769
0.36128827293441634
0.31587842423064383
0.3933777064642477
0.37904946237559345
0.29671094137268234
0.2892641747814087
0.3387595212628881
0.33215637798434
0.3124524106714964
0.29393905427800326
0.2743012962289814
0.2979960574687177
0.34111167990606306
0.3510660995862787
0.45048664284797235
0.36900366114237554
0.34225546988280275
0.29135405279830673
0.36798048504384434
0.3380957497170504
0.3183171189441407
0.39212508644339295
0.31491871664352983
0.29895057413929554
0.3018608721387247
0.3145434346044689
0.3633314047883723
0.3369864858124754
0.42302842886914266
0.27482825191514965
0.3843850517990485
0.34395404423299747
0.3778532754578867
0.3397720333099969
