0.37547018718210284
0.36893961212981663
0.3985310642436554
0.3784385620369685
0.40983580437955386
0.4062403078582669
0.44660722822539833
0.362714419592027
0.34144904892197964
0.37673656233421104
0.24730728406730965
0.47112942302284705
0.4206102575633112
0.4692989652813779
0.3069970104458543
0.3795221196552726
0.36720961650058176
0.324807807922203
0.3214856191276921
0.3766485632140977
0.44665110993890145
0.37191659094958013
0.34265872731606845
0.4743173522889501
0.4191787220657308
0.38597935485309026
0.39258938463191323
0.3139225671647671
0.4485035855178554
0.36425276291660597
0.373689649307618
0.354045941987246
0.406000037454175
0.3768814382278626
0.39242353688645343
0.32517317989528405
0.40400031312429735
0.29614852551851556
0.2816795534271499
0.3850751330122306
0.33741400120435794
0.40942128592046945
0.2852188792571291
0.39591635336064734
0.4484250499246997
0.32247381081899607
0.3006644453922303
0.30105489481969067
0.43918992860571887
0.37480494402550046
0.5242589945765855
0.35867705575171777
0.425065256631585
0.47063028500179005
0.3304571527375593
0.29814788274737547
0.35593057599102274
0.489239090920681
0.3474361054725193
0.4358423555415599
0.3079234292082623
0.38763877632410737
0.35749595666936146
0.2964964251048898
0.28387455267507555
0.34638954591378324
0.3402753615928768
0.3957127494584253
0.29414702567215945
0.3168558458504511
0.3384068928366078
0.2774825692319481
0.41840000125429655
0.3845391618901078
0.32633110972532164
0.43678103778133254
0.2878778381610867
0.38697830823871016
0.2923022607373605
0.3164651117565577
0.3025631422969756
0.4012964969215893
0.3164290521591218
0.23797457363516306
0.4954800044293882
0.27894428180953423
0.35634131855159235
0.4463684524055971
0.3995887155982672
0.49192911772643927
0.341142905471667
0.28656620459358245
0.4169377416797284
0.3978741648046426
0.37056025749059657
0.27735226532882307
0.4328704293770818
0.3889583245667036
0.3532120784924504
0.3705660100763797
