0.44533688841021557
0.3011171186098013
0.31867344130421027
0.2952174925409975
0.4006636669182126
0.3495293530279465
0.5195355809244578
0.3643988033542785
0.37470714346501083
0.35362008038966825
0.3438891060815779
0.3623931218825771
0.31501225084241574
0.2537527449556139
0.3659349236526038
0.34202857208705784
0.4221323789622986
0.38173824267073636
0.337987756643059
0.2952741951100574
0.3741889151097279
0.35000150674582103
0.5612772808893306
0.45668627706609
0.40558445139520366
0.3641912211070858
0.38472293457058987
0.4122935823060768
0.29299163239325726
0.39556173790478905
0.33434984035601695
0.42054725027322365
0.4361746186243696
0.4197590708033439
0.3699275816939724
0.3551684323791911
0.3678112752751383
0.327259051759386
0.2777214161707203
0.3939464304212113
0.3599772677869365
0.4465542600896853
0.2959464899721232
0.37918739735499785
0.27882350790247856
0.29499910696027964
0.41630313388711493
0.42386378675359
0.3580219892658611
0.28882941992198063
0.4249416522120388
0.4928891294289833
0.38458111356818314
0.3761721703483774
0.38830784238130495
0.2832696290248479
0.3704201521293249
0.417905610396171
0.3640734010693502
0.34617745059480487
0.3163719592025538
0.47072613427269694
0.3606890760007738
0.4111849189843392
0.32731588880742185
0.4226059023284357
0.3307375251009888
0.35185279948271
0.3896733193145934
0.27639992314135475
0.3697350116441969
0.34275046764877604
0.37014095862729907
0.3920050714169288
0.287641492904535
0.41197263231796977
0.3477715580657752
0.34912482020158275
0.38611666798427385
0.3508834649833563
0.3064584307476371
0.5124038328550744
0.4463183269083611
0.2764148076185795
0.36850150611338695
0.48172680561667486
0.34199345986719554
0.2663392564719322
0.2869950476762443
0.39916300107489683
0.44932529207864585
0.34738629791794123
0.4242963739025713
0.36104649505818226
0.4344075120836654
0.33471049364300737
0.28554581475824314
0.3973871974457824
0.43902857452444916
0.39489897704805177
