0.3826223196459333
0.31634237917645314
0.31156495195818046
0.4207262107962483
0.4579832039180823
0.33999474429969406
0.27606087028552373
0.3912772327291177
0.363387305656711
0.33480370683840693
0.43909367066142363
0.35892607621453787
0.38217210227906884
0.4092142108142094
0.4209150003997936
0.36771525285808887
0.46020013508401675
0.3232932956379796
0.3052827914309168
0.33028566769598405
0.3842132661874752
0.3835995677632524
0.28940423575765134
0.4324232497943431
0.28638775253924426
0.3458527505651143
0.4415597575317043
0.3000283460776758
0.2816432710704445
0.5222257213654741
0.39114241661241256
0.42030910143539973
0.32676156539345147
0.37908295712732715
0.41439807248942234
0.39043724256683376
0.37741885407381737
0.4192616454096405
0.2534863910027417
0.36194896263824855
0.34646544432679777
0.40912640999371946
0.4023865288284079
0.36287960809297376
0.3592974407418412
0.43893379143552136
0.3042104840511906
0.44589633853779526
0.4000480355771848
0.30047942437366093
0.3963926581616742
0.29358344931866975
0.3011997039639654
0.3968796186583965
0.3073834535450149
0.38376087979840384
0.26903879705289735
0.3755364961083043
0.3649154151489249
0.3344528130543691
0.3663267359015639
0.4161488552764124
0.33746063505267837
0.32049546198505463
0.3311907323961885
0.4797590729042244
0.2740922952774395
0.33409120573990464
0.3747880866362011
0.3376950785307676
0.3194962653591782
0.3367429120117885
0.3583530255943203
0.32968744339295025
0.3407911404317858
0.41511280833075975
0.39656748473517023
0.2865710077061049
0.2769927406384087
0.31485007812715643
0.3372069224473822
0.3366748176973344
0.36681953601539313
0.42249725093198276
0.4341772676188772
0.47485840267791474
0.4135444512309459
0.3826445023771762
0.24189961955967634
0.38880819514960385
0.4411359220915724
0.2903861235860427
0.4155152744950916
0.27297534581947036
0.3802527531616117
0.3999405469705241
0.4213868282333469
0.26973649459899246
0.3458901166082628
0.3083375297731452
