0.40189601033701805
0.4172853586760677
0.3009264392319722
0.41690489424202803
0.34590359945155663
0.3077064626010886
0.3428674807167634
0.4858236257080528
0.27654234386488447
0.3473174183520886
0.368785004344929
0.4064093167088832
0.4258792340086168
0.4111614324435421
0.4854074987071796
0.43435649204405574
0.35179105237347474
0.27283875633857574
0.30190851199882585
0.4323282787151634
0.4265917215531348
0.4162624789438925
0.41594680755194885
0.410613239720205
0.5552962051130368
0.29734767396173933
0.47600555806587563
0.4276865473961944
0.33192470114083683
0.3388558680462586
0.4207694589588534
0.3005649493910132
0.256825493638149
0.4196603683837894
0.34914123126842284
0.43066691066249546
0.4271604845329783
0.3734124793269553
0.33079348773020684
0.355425973553494
0.45401702067703276
0.4102614223422833
0.31026805134879276
0.30401236606496335
0.30282636844791655
0.300805304735765
0.3820032432221079
0.44381503448905785
0.33872137110399714
0.3042120845261375
0.33545128688548465
0.42094349392920954
0.4508354976395331
0.36572144458732175
0.4127311813495569
0.33190293607932475
0.3321670065198063
0.33444521036822994
0.41049276436002247
0.3983612947331008
0.4439048304047805
0.3335033536939302
0.4300456226404661
0.32249924246409384
0.4435846696217784
0.5243866132038364
0.425372111307887
0.3153990679626787
0.35453962662300803
0.2949824585959597
0.37119890669951594
0.36870896211463283
0.44285859202292727
0.48303314313796664
0.40161242535743
0.3757178720048136
0.3695110086122596
0.3995391866259932
0.34029776297630915
0.2806219010845892
0.3488184680370967
0.36430476399454786
0.3252272965000095
0.4625145877829134
0.344174663153497
0.34917265168230893
0.40446439283867497
0.3492247605308512
0.48516084530316944
0.3882265401326926
0.4911867704638097
0.3402832395349215
0.2898780768283414
0.339323708099856
0.4572947187299086
0.393419384443245
0.41078357415941036
0.38105972854759956
0.29430544910482004
0.3430918242273665
