0.3715284290587339
0.307547285421221
0.3664865165088964
0.4450500640872126
0.3372299748871744
0.3872256149297936
0.2996519677695653
0.30419667803187944
0.37612203867066496
0.2993905659862578
0.31845298802733935
0.2971054395122465
0.28556080314392357
0.4400137072640584
0.47218628616547786
0.3153678150812049
0.31771280513187367
0.3730961277707265
0.4231342221872491
0.4539738072105887
0.4156980506303346
0.38188450949497577
0.28953384719446174
0.2431837279767568
0.3476724051541091
0.40456139434157656
0.3685545439287691
0.43283055634646395
0.3418001602512919
0.3694462005925158
0.38740216105719594
0.3821392563070434
0.24086931961141608
0.31164854106918316
0.366143178572396
0.3325674583885408
0.28825581252314336
0.4104708478956483
0.340533639808417
0.3804718120677268
0.34029432090249123
0.33139389650199214
0.2529591278495691
0.2943025915294259
0.452454217862063
0.3414177015161253
0.4683138700941369
0.49862808774423895
0.4213618712637209
0.30936618020998424
0.34921412661928425
0.3821171677326301
0.2749742236430433
0.3161302959958415
0.2895577496908083
0.3675849881543847
0.3913145050260015
0.4774952111201683
0.40954076614006907
0.31308821556296584
0.32458370507716194
0.32275809722117577
0.28372528145235065
0.3552447033082079
0.3339003884159661
0.3453283243413525
0.331257830248253
0.44591986148722507
0.4044914342357444
0.34815480848039154
0.37487441003801014
0.3113126114429615
0.30160585294031467
0.30405228817501545
0.29205376519807985
0.3864358566735173
0.30136360619716507
0.36753572807436363
0.3165103994357075
0.35596894142629
0.46834637702727483
0.3602361546414952
0.3784587880474524
0.30940172339361555
0.3045688436614161
0.32074657497130954
0.414940826618514
0.45183620991361245
0.31160768642005865
0.35386184627645284
0.3239351238782343
0.4599292714482207
0.48981607021233936
0.3357075402752729
0.31048714231915103
0.3099266436742876
0.49698891413942803
0.28502087929870273
0.3446445749719098
0.4740861928429748
