0.31637938136911675
0.3576634089279281
0.31589166264379315
0.3793319242230517
0.3486558456390152
0.4175140539208248
0.4116335104805237
0.45680255000305353
0.3346649650854518
0.2832778331611153
0.34863111013059184
0.44490488459300526
0.4499786244428505
0.3533582005596816
0.38726545638754856
0.3858447788491049
0.36854270498377617
0.27808498130924886
0.3737996103964783
0.3552309867526724
0.29071168545364845
0.35303739515756366
0.36537377647196506
0.28752596761799226
0.40660114211472403
0.3453250137244026
0.3688284132729341
0.3815425980462778
0.5246175080568377
0.37212575066563597
0.3661840783465886
0.29708108707219616
0.3783558206249568
0.45997270265339885
0.4338759819736943
0.34713281073100805
0.3175462846386263
0.38088265818160755
0.3261481345836701
0.2868283362983395
0.5288263323711818
0.35331233488741054
0.3844899936385848
0.2243633615947348
0.4362031791878955
0.29852985059872056
0.43078999410491897
0.4253168542179276
0.32923935585607766
0.32778598539693926
0.2993240689510323
0.3254946770156311
0.4051340429304501
0.36713942224194823
0.3809537783642525
0.3652517775156022
0.3131726996248536
0.3791346449587139
0.32364964053613293
0.3403082658765381
0.2496006775232201
0.4112139801623939
0.41104966562170947
0.321610228898403
0.3650980210585389
0.36683962964670114
0.4811395410237039
0.3221078297928198
0.5567176219751633
0.37955745049740264
0.3180602763156834
0.3351561698704844
0.41319592627641005
0.2855882142399233
0.3256621439907663
0.33147744921890904
0.36995268038339174
0.3560909177029702
0.40225478878907134
0.416731316060113
0.35044909681606723
0.35816143392526856
0.49305331756952886
0.35512058342621416
0.30146701756669014
0.318133385097075
0.46572985088948854
0.417989256803461
0.25287436472198055
0.43472068940900455
0.46667903586169096
0.3096274901220808
0.4835273885763777
0.3442038263818005
0.4234318728924593
0.367182829194547
0.43966648180603457
0.3546189523491305
0.3481548863831006
0.3186417570201596
