0.308928174793224
0.3203742958604271
0.3911942807141701
0.3179533797123881
0.3838475030351726
0.38098342968118704
0.40559326574979704
0.2656813058979033
0.41358281339204234
0.46686940135631727
0.3252066316943917
0.3009148560744709
0.3867885553492055
0.372042283258975
0.4390534512635045
0.31395515772862836
0.41739407092363146
0.3910915889801347
0.30994082200740236
0.3169511354998682
0.3306664652834504
0.3034494466681134
0.314297918365328
0.4004013914873815
0.3147598729517126
0.43444473634613473
0.35535944126746405
0.3262287227978373
0.3494622483916043
0.33943703499751726
0.3771097685557912
0.26485538788403173
0.30743872736522293
0.2803575094669711
0.30284278057316866
0.42194922291068615
0.35994531629891485
0.4049621768497127
0.4435103898220276
0.2757327514016055
0.38971491122364377
0.36269003992308596
0.3321710490156454
0.45268929329793284
0.3389801339010471
0.39627121754105094
0.357204861582834
0.3861215049795436
0.2982535372367715
0.2946621344114829
0.39987149221366663
0.39406639231586243
0.35263556488297576
0.2931310417277244
0.34138814823167757
0.3463072129267781
0.29219228995152974
0.3905672529463522
0.2888275503949425
0.43074002835980535
0.29124459270907743
0.3377125145686114
0.3579169333429198
0.3394999938449735
0.34763176963021264
0.299788315133389
0.4091197131398481
0.42713258034355917
0.35382460149826117
0.365603201185511
0.3128347056259828
0.3472564668321906
0.29370943990770876
0.3675160985574955
0.4337875698242913
0.4012372753782566
0.3497483227708323
0.40966861548199734
0.4115598083842784
0.38400071007251324
0.35702045590955095
0.40064146367819226
0.3369268296526892
0.5174729066584709
0.32029044461520073
0.3349443161177621
0.48374150026692236
0.33276287592174203
0.42088322852353394
0.4398375298664382
0.44398114313128384
0.32882432536206335
0.45915678779481056
0.374213949851442
0.36561319925478386
0.3963752003626206
0.44127340394272363
0.4837940788846359
0.3930516516479518
0.33098859849638856
