0.32602374779206983
0.3673571683329042
0.31015744905013926
0.3148837001307293
0.38107266838986714
0.318092411306854
0.4424762254502158
0.39202137334634873
0.4734541056640362
0.3365654129275743
0.325099670767383
0.41209911533655263
0.5369216106843145
0.3530826311872243
0.3459358896141137
0.36201547752595264
0.3205903623526393
0.3024372760908274
0.3465323379206715
0.45634866503369487
0.30036065073716917
0.48145250395989586
0.4460852845926957
0.4607687481433989
0.367311484667739
0.3785915132722992
0.329613266160526
0.34159501624471145
0.5013924937764456
0.37115769683591027
0.3530086906764087
0.4049283839030997
0.34620800308157457
0.37865900107554257
0.32170103896921237
0.3402800275125767
0.2346463504715699
0.35944925615411083
0.34089863819035926
0.3375159449601945
0.49138886675743443
0.44878065814360146
0.43180435910190124
0.2943227174793909
0.36551532938040765
0.43131247609698015
0.48475069928672704
0.3248950816786895
0.302365079120097
0.3629512129763372
0.3487244908634514
0.4053658972055958
0.31702765991753745
0.30253092496525635
0.3249985083429467
0.34622173733419404
0.2915234467367663
0.3554752274962794
0.4342010726047047
0.5842593449552659
0.37484298850217246
0.3928349004766049
0.4989254088991942
0.39698605596502645
0.3609730859854304
0.3995353146153392
0.3345813750927065
0.4005475927846915
0.4478640496341114
0.24361483021156632
0.35227877442935973
0.483868693875412
0.4156300066136433
0.41699736711945445
0.3539772234871047
0.40656294804145093
0.4424231306769775
0.42033395298120446
0.30183015130244994
0.4154150860311784
0.36154019945063287
0.39779658369805904
0.31334346405888014
0.42941383967465335
0.28071414495405533
0.2936633095443997
0.3118114551072501
0.32028477145080875
0.33378665611472896
0.33503757186947475
0.5210202650706945
0.3957748763851763
0.20326477890057026
0.34428989301960705
0.6159783558553629
0.4061645175042054
0.33975217306078415
0.5325511907458408
0.3305281552629722
0.3101273772134607
