0.3346306430636366
0.3504551429139626
0.43116537474007166
0.2870610890210978
0.4243186311271357
0.30227882217239876
0.3411906083173048
0.3492720996421429
0.4056370378278073
0.284573945322631
0.4371041102003117
0.399368611827449
0.28783561866602997
0.3424839444669091
0.3272240320297699
0.34052955728655065
0.29563995014130345
0.3573341841559687
0.3301344055275705
0.3868518846231453
0.36743951991426765
0.36420987289037576
0.31462948136892405
0.4121337523153161
0.28307970139158084
0.3103308481376397
0.3469685580062242
0.4809481471515601
0.27941588609786294
0.2867392191829732
0.37545668831278955
0.3672594004236298
0.3738706921775352
0.39182706186062727
0.3514705544408743
0.41333014340750324
0.33717837215623253
0.3800859355101219
0.36937460310368675
0.32583929618937535
0.31275065182858647
0.40764716201571166
0.382838421952657
0.3008759678984921
0.3526693434043482
0.5839972619445145
0.37079245946334
0.38255423596445304
0.384815440412635
0.3298436027640339
0.3478322781719102
0.4268739944790241
0.30587101882623785
0.4204081653055534
0.5239090481411848
0.42543098531715334
0.39232081745073655
0.4208865446377767
0.2705543902609528
0.35174600548382073
0.368438591629909
0.301807665048801
0.3876484428339039
0.3869794199911876
0.3946623030948056
0.43932706894317763
0.3651977851100008
0.2919317328901997
0.30792342900523945
0.3635501319368012
0.43567690872181414
0.34217761194787455
0.28246521359282556
0.3148647004336858
0.3717779416685318
0.3950560701146185
0.42561428766492215
0.3666915365554198
0.41843742118733007
0.34860242727965884
0.3677045320908637
0.33465174745638815
0.3288754405739506
0.30039190257584103
0.3552692556699836
0.34049183110165226
0.34085722779193994
0.3525751236662308
0.28166604421641345
0.5178812047250367
0.29056513407063433
0.3244838518722305
0.2972135701220167
0.3762365506192439
0.38246333752506595
0.33676659315635166
0.36600867669758497
0.3974506435396148
0.34519376460009443
0.36114235035569964
