0.38329592716820954
0.304181206732754
0.2863440777155367
0.29964674335512415
0.4002411403233792
0.41421444026832493
0.41684616990847057
0.29210156454311803
0.31968171718500044
0.28525532423077893
0.36907197146465565
0.39065927344230517
0.3836581754632279
0.42245737405257083
0.3884067306172426
0.33144926435908795
0.48242980643297195
0.46137184660388464
0.33028081539557913
0.30542514492549155
0.4204027698424132
0.38687219104267623
0.3831240460307661
0.4293174953390792
0.2851868612058805
0.39734843959129146
0.3263569759322527
0.48574264516520094
0.47472829792776905
0.42891505944350283
0.5558491479920585
0.35177953117923577
0.3561044847739682
0.32642343021364795
0.3345690130081644
0.4337251156148171
0.28793305125217217
0.32485653934050307
0.37739997575283923
0.3805972857040407
0.4158274053974681
0.3463565192027711
0.3715421600176891
0.32842431691468676
0.34941127584485643
0.4724000495742649
0.3358753742998538
0.29008025365254597
0.3507455363262742
0.3802039222709156
0.348036368696016
0.2867291008903008
0.4078343588788092
0.35219745844369404
0.3121221719576815
0.3683619251302227
0.40054157960375675
0.44598774273780656
0.3015329443490383
0.29894883806301936
0.29467411160524704
0.34968970795399734
0.28349090284593786
0.33008955655347416
0.352707563745603
0.35130786062706576
0.40997955309393064
0.2845616872290064
0.317244090303927
0.4407757498572291
0.3555440880081286
0.29658946034873696
0.2875653102081361
0.3065561355131958
0.3371910143708291
0.234280021729797
0.2859228241578402
0.34097780260485366
0.4077942035073285
0.40100835395279044
0.3785301613458835
0.2931579424369867
0.40674186756405695
0.3392236201034759
0.324057093877328
0.3248058445011364
0.48730750362272407
0.4785271916262954
0.3567504308508793
0.28118294414578887
0.37669417841846836
0.25434007424068744
0.43654221691410294
0.38244956595940527
0.31180880538051114
0.3284820354224419
0.34317259207382683
0.45885961857036656
0.3676179365225336
0.43796680928241805
