0.20680212520447447
0.23269061576274702
0.22561599055293902
0.22253345046516124
0.28596044947550564
0.27138134059913177
0.27639513917594627
0.2550918583304466
0.2978569043731001
0.3432446611808207
0.25281492637077185
0.2895170661160975
0.3058016884609788
0.3126553938355452
0.33445252249688134
0.2539435098678774
0.31179625430968116
0.3259884729089268
0.29329715086232533
0.27469488310851975
0.25773401333163737
0.15288984038101072
0.2714314431401101
0.2727487095032214
0.32984913226770435
0.2840151643689331
0.2813047549403087
0.23190903785248534
0.20693338975521558
0.26774404011004793
0.3466302205620355
0.2699179459054646
0.2722746917883064
0.26625039327432376
0.24450021594262972
0.23227596440225506
0.2818466512265034
0.28937290832407603
0.18764566081295517
0.29105292186984943
0.257954732463419
0.3520028388357985
0.308935396514835
0.263220229368073
0.33538979276664876
0.28714875560697634
0.2765167559514663
0.28078908053781493
0.2513347607681485
0.24435214827396626
0.3126337994361545
0.342738575817814
0.38052596860773336
0.30418496407679346
0.1911742123722659
0.3102943862863528
0.2690299258078746
0.28103445249606657
0.30346533084971933
0.21307772890232726
0.311939533855347
0.33638965272587257
0.2700235799244508
0.2947603177119611
0.27328517668546154
0.303413316104992
0.20274325284822753
0.2981248078040207
0.1747079388492887
0.29733770960363876
0.3273803058803026
0.2676082275626468
0.3148866198571883
0.2789682016559631
0.42995158921617727
0.26341312836077935
0.2541988177589151
0.2919847502745655
0.3282805206071537
0.23693392401472796
0.23447223108509133
0.36468861842971284
0.19615108547095994
0.2775711317824523
0.2588680051769784
0.33041544238844706
0.31644619163556875
0.2644144376728797
0.3392532451847471
0.2816529044985517
0.298156994450774
0.3883812830781396
0.2690276738653145
0.3137739732676553
0.34398133016284915
0.2699325186320928
0.23430169788545596
0.3335329585084091
0.304304179534909
0.3005461136920988
0.29054080210298877
0.30598560244604484
0.2528201183750915
0.373892307083407
0.26606246689872587
0.30311406306441585
0.21173420391020395
0.3120897752288988
0.34714279738038695
0.28662009902835794
0.23515568272687307
0.29157506079631595
0.306142143420164
0.2653173741144764
0.29481403215257646
0.24028672808686086
0.3242116221172101
0.3283630562717282
0.2452495190031132
0.25749061872171886
0.3516330944154018
0.3011907041644486
0.34594589818406857
0.25507263461268886
0.2917731893613939
0.2320101477062626
0.298511152232692
0.2792293556847735
0.25533938376692766
0.29221737648822493
0.14238110838951146
0.3319858493749928
0.2957940147962023
0.24256212236259062
0.24343943084725886
0.23363785561473233
0.23718624786891498
0.32964188475814854
0.26843027452342455
0.2267124726734316
0.27532717457316913
0.3133351800836845
0.3190334295909328
0.3099272652758518
0.16715456334989962
0.2656445540327813
0.33392902608126956
0.22033133360597842
0.3442805942350036
0.2760337304785706
0.2569737418625287
0.18251478073408803
0.2147729522416181
0.2995164022107216
0.2718630516053892
0.31261627312115614
0.2902180113657434
0.3172977168395544
0.26065188309357673
0.25341152825797336
0.3175376571272773
0.27035871038035664
0.3112147378559329
0.3164174375264871
0.30043681296778596
0.30134269195983876
0.3093460284152428
0.27642309602290926
0.28927440142607724
0.27752674050737225
0.24687853553717784
0.25404556055894306
0.35354642717983364
0.2958752548240914
0.20846094800158443
0.29864065374962384
0.2862894289213137
0.2559410130469065
0.29772262292239077
0.27617099579720567
0.33481353509983813
0.1732716096098019
0.27901921192087653
0.2959902121915409
0.3944383388412278
0.2691695535408241
0.2861366881633762
0.2594438821864941
0.3326123594589562
0.28065300098468166
0.2579878496277841
0.2457321438166016
0.249875269379081
0.2954757623210865
0.31319615120757377
0.33668459062874656
0.3497461963735659
0.21516061088618593
0.28041636567642986
0.30171198457040743
0.22537837029949978
0.3504027074015067
0.30040259219203924
0.3553947726225639
0.2800320723116518
0.3648749880112973
0.273669147395695
0.2541956757769581
0.24571648373307906
0.32763378932910003
0.2578743269953375
0.33262542634014425
0.26361744040999974
0.288517290847998
0.2808976277640597
0.32563915381908065
0.3091951623933899
0.31810545198783885
0.42523652198860534
0.22656175131216869
0.2044514886573069
0.34500384983241744
0.25525344128907246
0.313735621128961
0.3756965790161947
0.2708365488799863
0.18933430498929238
0.33661086197310386
0.35412232708388364
0.3019852518493994
0.28629612632250523
0.24871219533730424
0.27543041586002237
0.3417186487555711
0.31279750450569105
0.3055336789172439
0.24123635538079075
0.2561424802497542
0.3171738578752378
0.30700253462487004
0.28439727307802803
0.2896396239744208
0.2606546837933258
0.36471074143223514
0.45423163448097664
0.2663302377350461
0.32772961148188395
0.4188329392979855
0.3482826258087214
0.3256571883764361
0.3310371523030566
0.25980515573584856
0.37092585085080737
0.24659616206921856
0.26305973801535737
0.29240399638984127
0.2842035510927695
0.28644489267819234
0.24613959230282076
0.29580098654743964
0.2656455349243097
0.1369153374335618
0.31498383976859823
0.3201379833308141
0.24069710765236196
0.22585188752332974
0.32394288128253357
0.31039190694586666
0.3029229357872901
0.21460527452051262
0.22930265330432703
0.29941215775684066
0.2865459444161467
0.32662683557641403
0.29720283649613366
0.3326690458117043
0.24657779286126233
0.26900755243625074
0.2254821765026924
0.28793782934783874
0.27964414866694753
0.22845826647288356
0.2545308639794836
0.320628228934656
0.2995952008470814
0.23257829061339855
0.29874057561116724
0.2758704507976563
0.2947473804071568
0.3251851949457452
0.2918953455325368
0.32326323181834643
0.2654540626399443
0.2857149522773478
0.30559497824245097
0.294651313846749
0.24067985772657474
0.20163104805331986
0.3233533586707924
0.26872397806813636
0.30383080937012785
0.28642662925711543
0.2329519940655032
0.3548862912391174
0.2922802567972934
0.2936859331907225
0.29622266157653754
0.2541192586627253
0.28931371791649935
0.3057522565547815
0.27913614656729097
0.2639091451402765
0.25962809707731
0.19704857074091198
0.27081309503534573
0.32556098738239386
0.26649619988062134
0.4200360048768554
0.32313157403342024
0.3569347839997707
0.1540162829190213
0.2877923406526647
0.3128847457299318
0.30186952817423085
0.3384765175301588
0.2888470569590103
0.446982779548887
0.24736177460013853
0.2994819270351431
0.266002641588053
0.2769130958608953
0.3203564069177659
0.32586025026164295
0.3391960053738945
0.3481633001423685
0.31094295431336433
0.3242758703606589
0.3307167222473656
0.2599195633825608
0.24976318207506318
0.313633478144338
0.2581115695433566
0.21518110195550932
0.2538147837378403
0.26865490877840087
0.2912135845680034
0.3240418468319912
0.26095309426531965
0.3206980544968478
0.32357016635012487
0.18497362696349018
0.3511600473578831
0.3075698344860046
0.22136405572065512
0.339917109580875
0.29020701871556265
0.3380183067034451
0.20488443297393377
0.36114710129714417
0.30765942250402084
0.26094580395091715
0.30862269611113274
0.2988380807111046
0.30585058218490874
0.36779123287466386
0.3350086075764565
0.2518671861084608
0.33367777097578366
0.26912388048278807
0.3129166973212395
0.2606762692706426
0.23291721391009343
0.38824589867466947
0.25654994887513155
0.2577471659860583
0.24057679315558955
0.25377815665750825
0.28897749396669964
0.27585040873676797
0.3232579031702553
0.27570098445621094
0.2906749795224179
0.21352346662530014
0.25009583106770306
0.21439219301729115
0.2949970637733154
0.3363704587456737
0.2804321092442751
0.2906282076774362
0.3346071598939555
0.26833942208024064
0.33803436228091027
0.2611665626256861
0.30140385462491165
0.2021481100522478
0.31669443642235456
0.26939799252661234
0.24270585858611676
0.2754570018275076
0.3332797836469554
0.25431629689152213
0.30445160899910173
0.2273567551156764
0.20805696636660218
0.27897483832633635
0.27044092239300177
0.2761751886782552
0.29810324027280577
0.2941516746779252
0.23146301110782672
0.1888325293562075
0.273311058654536
0.28853753218887307
0.17475126965092164
0.26867936718239716
0.278555102468559
0.3317363897742352
0.2959313581310615
0.3507764106754266
0.2280937365369911
0.27604194901929896
0.2838398979552292
0.29378823425056083
0.33869520568711836
0.2739256241521628
0.25729666150772235
0.2748075971866975
0.3159429248158196
0.2784426796353741
0.3150984203953422
0.30144994917577006
0.37812709720895243
0.2994097746482614
0.27413985978309224
0.32185583145291913
0.3161317836698324
0.3071233581799485
0.3151217282517988
0.2750355329475939
0.3045434669701748
0.24049293012264336
0.30934220163375215
0.15052435899081
0.1977658824880976
0.2740558888523978
0.3431556989641851
0.3349330415999611
0.2920559904492359
0.2965144497771764
0.2693505791620031
0.3554857239621626
0.34678429787225207
0.26035857537249807
0.28535598340351903
0.2608982156595642
0.2819187253921248
0.24127866847590976
0.26553808949830454
0.3303804853087348
0.23498374298687277
0.30500866747923566
0.26484532917212616
0.25489060125972085
0.25303192775081806
0.23000599414167253
0.3269444111459906
0.3724932186065946
0.30762441174452493
0.3140007031641201
0.34370399662022444
0.35730330648309633
0.31374538780428685
0.26948791427207347
0.25762516913018924
0.32247692974931164
0.25973183600471716
0.23727380384787186
0.280350849754879
0.29205310946946983
0.23482193448609556
0.2376669253192422
0.3046451986571554
0.24994690645479367
0.24128566055153494
0.258677728355671
0.28382754276043715
0.27504416298841194
0.2754849129453765
0.26853389104701536
0.22252657616264462
0.311410288813543
0.30470226453603644
0.2898221249358022
0.226445021316142
0.31123740988687254
0.1965615864322645
0.24938832219593277
0.29031564898874634
0.23909900098435152
0.25055562808666065
0.3328358374342033
0.2677597835181359
0.23317233284182945
0.24816918587728842
0.2817334414809903
0.28900120484073855
0.22608673226366438
0.27710848734054244
0.35967526992942694
0.24487175779125517
0.25766604140198907
0.3473204618510203
0.3787693003231737
0.31341518204619484
0.26700282271949305
0.3045314362172809
0.3412498787809662
0.29112379153330076
0.32470733491941123
0.28841042305471526
0.3259589573231398
0.2718419972969067
0.33994285059687096
0.24787210318366704
0.30709560304097094
0.3275663946001886
0.26637124395780626
0.32080297596477736
0.3085091871582428
0.19663285766007788
0.3052502564974805
0.26359788063320005
0.3012149086796512
0.36588743642190624
0.263320413742701
0.28074710963486554
0.33514297571839374
0.3014885661858171
0.2889344720944377
0.33096714597178845
0.2831022329472835
0.32351384639836045
0.2951351926174857
0.3366883713408372
0.38658554698051534
0.28017395633309605
0.23441278753877678
0.2634061989080784
0.27786327477618616
0.30742375536489985
0.2688221515347138
0.31784366296008987
0.3287197667133278
0.22657087312047938
0.3248396146791145
0.43150563467087716
0.3517115371472159
0.27189242685399556
0.30633319391181346
0.24811972380019015
0.3052452649014132
0.3155105283385595
0.32713200329305897
0.3377645801643575
0.2500817183769179
0.2627884625855434
0.29506216626907944
0.25938486434484453
0.25382104868066835
0.2733833361839069
0.33313340015560744
0.4087476112152445
0.31777525900287507
0.36095593125598746
0.32704349974297275
0.3565802736222105
0.3762238768102407
0.3045158253947934
0.24718947098133054
0.3551180011285949
0.29382062597249237
0.2578433531725695
0.2970218318332792
0.29404320301864606
0.3260281379603588
0.25365716393786725
0.24781477191971252
0.2688580777062113
0.2801213629548404
0.3002513668866789
0.27125860524891937
0.29232237312925213
0.3515234121084618
0.2896835560692029
0.27064358875744554
0.28217324315111064
0.24289461021529907
0.35649689405234747
0.2815177772572657
0.35968570714920867
0.2544075186058998
0.3187844166526598
0.22781790871123242
0.3247583516622041
0.3092766741332665
0.2725557854155053
0.31293994745346304
0.32439520692677887
0.3355410525397219
0.3145116120093937
0.30404105964950806
0.1949476712737635
0.30940008734750407
0.22230034242986801
0.289281180312522
0.2999156079459519
0.3402350889186809
0.26404273812811385
0.30359416167636405
0.2856869408682185
0.31459934198779327
0.3607393017338702
0.33040481872849026
0.29559545531062414
0.24520370234622635
0.27206785575842773
0.2593296317052118
0.3043196902000917
0.2971086115209943
0.26112319943473006
0.31154407195009753
0.302263859029651
0.2847546828080719
0.24807886168371263
0.28390287627995286
0.30403019292558475
0.3452172521989547
0.3297759308110445
0.3801866629518653
0.3290524755677011
0.295153477958
0.24007803306192535
0.29126377724648705
0.28295495794508385
0.1981082017140979
0.2686016418199209
0.271437764390965
0.31212749034419096
0.3015520132047884
0.28984392870255893
0.2514640432266533
0.30877330218243554
0.2522096195823437
0.2784078964253654
0.3217857879539264
0.2895477694851598
0.24689774582126542
0.307173648836688
0.24866462394026786
0.30680567004183845
0.34182575514590724
0.31325488224656295
0.21185550306357476
0.26731413039996327
0.3268618762456062
0.23573088414442536
0.269315928753783
0.3285501307299031
0.39448426716727536
0.4129482034095072
0.19546656016354408
0.3280382949496596
0.2651624119478531
0.2789133389489492
0.2700568947674143
0.3648103277644631
0.29247934798349523
0.3662007491442757
0.22449067020211425
0.23109172860120317
0.4066941635661326
0.2941983198955383
0.2896138820338341
0.2417925042565377
0.34047057314438367
0.32248927088465024
0.287569372336927
0.3027112351521211
0.24373891270643488
0.23536149867563796
0.2802262653843651
0.29856664255983756
0.3465942997750282
0.29856889267146985
0.3027754674141029
0.25703623836842265
0.2771445141546092
0.09371047770380372
0.3289422265434459
0.2533089774831844
0.2068542466560891
0.2463970029609142
0.27090558509817264
0.3660226136622558
0.15117297452107345
0.3020327730724117
0.35117746586915694
0.3263569759322527
0.2731244297601732
0.2919877424391563
0.28089446450928107
0.23425677650521265
0.3195285620181683
0.33133570160646036
0.25383320350286315
0.29099265088779136
0.3086184121496856
0.2999893072178222
0.28654871288038014
0.266538006577739
0.26366026512444857
0.31732753805153163
0.3208990865590033
0.26471860230712946
0.29004669311477094
0.25521765866948404
0.24461264706751862
0.23528944331003984
0.3141408038673899
0.2675885404441548
0.2513098693869801
0.3426434999947706
0.33057792407691267
0.2809350142864888
0.3000290779609964
0.3028253263673976
0.3625679303416783
0.27313291213383395
0.2576011320569505
0.17096530633450213
0.3032522259377886
0.3777341299805103
0.26574975571477505
0.33051417836980757
0.2418125523240619
0.33602351253382906
0.30046614128136956
0.28647673867956425
0.3069903984888474
0.16748166813036652
0.31414758934480264
0.37323533775127976
0.2853068472430581
0.42167868317151547
0.2789824555265621
0.2658448752595503
0.41878104169660607
0.25542108981350836
0.2619711668385814
0.2961627087908373
0.2298959148536981
0.2600501629230044
0.26655852226134386
0.30563094532432294
0.30852580400704105
0.32910601921000704
0.29308383186474
0.2577054353006887
0.28265887894378383
0.43948844083062677
0.278947865192676
0.29717732839217076
0.3099416624512244
0.23645224251308677
0.24957393012990503
0.24141259020415737
0.31290233941820306
0.27584455127043284
0.3173987751117666
0.26980233135597065
0.3542800568067051
0.2974821592175973
0.26310610256019257
0.2167408924130228
0.2649633965244649
0.22936902861217098
0.31580197901392115
0.3559244019115026
0.26692358069272065
0.2750413367989403
0.22661264837731152
0.2686015595427749
0.2876408349345676
0.32638877734688065
0.22895687522833982
0.3165410315401606
0.3044055075991921
0.2711877042453783
0.22303680349844504
0.29173113139458284
0.21515274108192034
0.3415274978230557
0.305918107831969
0.22525411151392855
0.33033972562674796
0.3016903723680368
0.22771235326346445
0.34196455027362577
0.28907185780167555
0.40277628136672017
0.31817356895718935
0.24939786719243381
0.2803904050544476
0.1895264471914974
0.30872564277653414
0.28918973381995056
0.25459504949714706
0.2954144655463285
0.3168153458739032
0.30214644565275584
0.25876640585865507
0.27434391312792916
0.31610334655349315
0.24229843080612842
0.2888314503395355
0.3485469820842337
0.25059992019478095
0.3435524481886095
0.2809703750788817
0.28947895323400946
0.31615633454913
0.2640972730685213
0.32240675229698196
0.25681954510523153
0.33168203375085487
0.319481895685245
0.34494639411735556
0.27511849987946985
0.27356587334769006
0.3132090512707772
0.3356748920533519
0.19834217012251382
0.27498003224000245
0.30031788950306176
0.41876741046798094
0.2663596880734451
0.27924454664766746
0.24588719695944947
0.3223956073621699
0.28165000811256174
0.3140914258596153
0.3621251673039972
0.3027020615617141
0.24888166111719037
0.3339200774970695
0.35612154637283927
0.15580286960650408
0.3198536075013468
0.3613358858129822
0.3096510650868212
0.21653804960292966
0.34182954233872365
0.27660370818858343
0.3015085604299461
0.32005128304697983
0.23210117164747077
0.2919773805312646
0.2574377101161814
0.26360102898816434
0.30846209884157194
0.3160338085470482
0.3059596649364869
0.30511404582660756
0.3347321985051488
0.2944914135372545
0.2732196869583883
0.23481990680630424
0.2531143737269451
0.3590509540952468
0.22820991478792083
0.25490744404225185
0.3785730302399427
0.2512295486765433
0.17367942088543398
0.32631322052789996
0.3449532887098469
0.34111390283346843
0.2578391062633431
0.2934779328627336
0.3593380918910323
0.3088052942064542
0.3457906383452195
0.313941091273006
0.2766647141750148
0.2887641824119352
0.3804965972557267
0.3696022269302579
0.2689457323458527
0.4120358333725487
0.25914716956502054
0.268640501462918
0.44307274543335096
0.25666720425494555
0.3052306188619222
0.42433552571878536
0.2626724139072667
0.3156978937179252
0.33561891778592623
0.3418606809936318
0.3962460887934744
0.2833531446691249
0.2525911252333382
0.3816727630714097
0.3724426788976915
0.2607247849411873
0.2837419328038561
0.32906212552553366
0.2815407897474631
0.2039196770838826
0.254292774298191
0.28924291439630556
0.35478255563486655
0.2274607223885296
0.3207793559445432
0.26544593522867926
0.25681007292810676
0.2544194233723848
0.41165304145902476
0.16960385238752262
0.25962382839232356
0.30699288022782767
0.2915455415399453
0.256844690442396
0.3044596555363573
0.27805828155570034
0.2851114598043778
0.26595070215992717
0.3526528105216575
0.28501501046817335
0.3090387314110566
0.35036291569252975
0.29620723174672187
0.3285859840347544
0.22641541385671532
0.2838429709145578
0.2637809263882023
0.2706394913168181
0.344911703983535
0.2717503126007592
0.25081374990524774
0.2846716589760487
0.2917721551095856
0.517702786760286
0.29897060002253856
0.31581019260026755
0.10905788254632634
0.30291063285445535
0.28374652396296635
0.34975030277013525
0.2228249438370096
0.32160695671808004
0.32872030966686594
0.2866826934720963
0.32264103016668744
0.2624997056483067
0.28953456920481163
0.27815647699744445
0.3069989718850625
0.34714147663158346
0.2874782242595503
0.1996384191693196
0.2627498266596241
0.2811328782198995
0.37382852060310207
0.2564912518634177
0.31090830673463143
0.298681888183929
0.3136192394283089
0.23001038876184238
0.27066280794074793
0.3345675581212957
0.3111275646988135
0.28284695931968273
0.3853772929066592
0.24809852587179215
0.28120155951365366
0.22812195905638905
0.30287263861548064
0.40081038662045426
0.3331815638180943
0.27988795523310045
0.26697819121040706
0.2833499450259981
0.25645016163421497
0.247150491367084
0.2996567063241613
0.28595688516998624
0.35699516320496427
0.33903732267165915
0.30517027665506763
0.3103764055064362
0.2891946573116307
0.30531328276862324
0.3733915826308422
0.3346408256154982
0.1797422251363911
0.262692010446677
0.29793757639338153
0.39404137388512234
0.35371165083973444
0.2663281580755448
0.3249534744569333
0.28340468111686506
0.34795320745550523
0.35641939627170777
0.2377642982828038
0.2507308604005896
0.2511843253798803
0.20338346552271425
0.30245624763420464
0.38132834439804475
0.22048092190230736
0.36759064649184003
0.3841119862540769
0.29290109417082155
0.3030062141632664
0.18604578794344517
0.2913684756769143
0.2676040084052926
0.3463583724385131
0.2595730528716063
0.363032249554806
0.23715090663912256
0.26576401139222555
0.2905165751368451
0.2549168708439629
0.3139977856616475
0.28849631577522333
0.3608439550792352
0.3795221261157017
0.2922962569659999
0.41052887454932374
0.32110011800860494
0.27032916515211847
0.2619271607345515
0.2100818025997149
0.2841900776182894
0.29625551034684705
0.27559914435366745
0.28117486833531674
0.3408869888139943
0.31884245118903287
0.2845392816157529
0.27212413233949234
0.33517403350871267
0.2574800760855482
0.2672072109992506
0.38389107050016197
0.2782691183440201
0.2996885028075069
0.2886909640483423
0.23123306764358795
0.27344387956917504
0.3106175987422688
0.327229448894804
0.31981906409526656
0.3194103584623555
0.20836987947122027
0.26139419672839476
0.1667643991059
0.20512003501679288
0.3775500246692167
0.1455149744529703
0.33391257972888744
0.3444912642320553
0.23960129138844835
0.32400386635453565
0.2571187342782217
0.28483145029670615
0.2655157360280004
0.307411444743332
0.20151767076350977
0.3441746561134766
0.30449508355902444
0.2891319998677845
0.24428271790840803
0.24910439556734634
0.31847069164778097
0.2574663227897573
0.2591327451501869
0.2676738248471335
0.24877326959520116
0.28549216027525565
0.37270683395374704
0.2676856315933691
0.3083004493658768
0.23923679599749992
0.35168371476654164
0.3240790626285334
0.2112820599369008
0.3923935124659535
0.3085114336419836
0.34395604447179207
0.3052157991891711
0.24406854645382658
0.23161109716284425
0.22956667645511022
0.33984822840884177
0.36490090738340536
0.31032191297498496
0.2840273637374098
0.2908879531864228
0.2697571698151761
0.2235397196955897
0.32734273967705363
0.24889243576391876
0.3722944981687752
0.2501672287556564
0.2768492865290305
0.3173617187833961
0.2575674952147037
0.35914598089601457
0.1971125130746204
0.3147999272887533
0.3060853341548853
0.22725111158349298
0.28819030285664526
0.30494639073925184
0.2619844346847336
0.24472134955527797
0.3807355852165643
0.2740198753949224
0.350261441839013
0.24139410118933718
0.25694455465716154
0.42668449908388806
0.36391539828033265
0.34100944638037184
0.23498819252152173
0.3497554075337784
0.2071756406920287
0.458645628908408
0.3687694805148753
0.3327523768224624
0.2767133051060324
0.33111431891474774
0.28658748158498953
0.3304230432677881
0.25727429772041094
0.39461701108500724
0.2956887956125012
0.22256366332869798
0.29217114783039727
0.3279713749760576
0.3241061244228281
0.3188199028846521
0.30012961413263345
0.27978319223684844
0.3158300096149351
0.22230586579810502
0.2515771279300143
0.24207389635132334
0.30082177486937484
0.31133420138828244
0.31023204142017585
0.3355473938961123
0.3271774931052402
0.33267093727903413
0.34746848770665384
0.2754525645726445
0.2607663909032216
0.26932587760810733
0.3157096899004203
0.3011904123166774
0.285600956779321
0.290047941071685
0.23442501081779984
0.25572069993465735
0.28812688848944384
0.29740484423359215
0.2972856604485137
0.3145308015032928
0.25387408802604167
0.2373732808857257
0.3588178065614985
0.28365424344915063
0.3158917317489616
0.2738539843310371
0.3427093720445956
0.24100430275484133
0.2503593534245346
0.31128196095544364
0.23701976476942607
0.28092479513678537
0.2794203141426835
0.28654200104505934
0.30259264470034375
0.3501906862767162
0.2972048027121148
0.34318571897272077
0.27102262879306344
0.2794464371227094
0.34517487773187955
0.1922098838276
0.2747927189198082
0.2663353082896621
0.29938447628608345
0.35635333967518384
0.3162725347217363
0.31313658444729536
0.3890434182324658
0.23540993112677164
0.2837009209271025
0.22799345645352753
0.3340981451452801
0.30059989268996357
0.23290965023524515
0.27382156536132285
0.22435044673273882
0.24212102529708018
0.3371844953457854
0.35915510981109466
0.30138001368878076
0.25946249624225165
0.27868784444690153
0.34228422001148867
0.3141713696327553
0.20247182476129738
0.23273551840883333
0.3418922056592247
0.3134064913657789
0.28031379638378817
0.329185721160038
0.22039273118408764
0.32758848687227077
0.3009153563731485
0.26994307667493284
0.22096064845154909
0.29324883453602896
0.37799776483491404
0.2625541479495799
0.2831838485134006
0.2799040945308814
0.3633853358198239
0.2191499042456821
0.24081931800254527
0.38626057550843557
0.24357260737902342
0.257526206730421
0.23160830839908686
0.32077973891303097
0.26455883877958813
0.34730368843167436
0.2651081869384917
0.27135568987949593
0.3423844926333555
0.29119113817235603
0.30430925711441414
0.35022588351550543
0.25234778922380774
0.29935305657228994
0.2999232213558748
0.2722992075110292
0.3377585756204503
0.1806690262022509
0.28009107214084744
0.1352550851851011
0.25424970379523903
0.2856644795280589
0.2427412364176796
0.3121734780937914
0.2624711702672923
0.31813380015289494
0.2661682345680412
0.2569771179758766
0.32615727279078044
0.274853016839665
0.3252691193458119
0.2823735894809556
0.31748346879022493
0.19009464148398247
0.22262633033086937
0.29863081587773077
0.33178386788019454
0.2637956585972261
0.31675526965905765
0.22537877160643657
0.2818835623569583
0.3117723384461802
0.3034037593571142
0.25639338077471946
0.21746099086394471
0.3025471700591192
0.30987500060352874
0.25977157247084653
0.2800735023687458
0.2635987778213759
0.3382252382118307
0.275452031688719
0.3914094581445707
0.37518151493115737
0.30448675796598046
0.39660857005764155
0.4384134233941707
0.2768504385382576
0.2482767937082781
0.27734555593616467
0.17305643102696888
0.19212089132254312
0.2686804137822014
0.1589789029259035
0.2642823835945785
0.304991121653075
0.22899752285947356
0.3508538839423388
0.3087446714849583
0.3120744883965345
0.28035291246092997
0.202966655288612
0.33162406808383615
0.2790944583046613
0.38232309524248004
0.2717820968852958
0.3854764883176492
0.23576619699131007
0.23575869169708535
0.2434764736060402
0.2724458169509533
0.302536448902115
0.30149073818061217
0.21464570224070664
0.1922878784180348
0.2596774606554865
0.2519319655455919
0.26356059495256845
0.3004921889876729
0.30866804753727395
0.3138377735266706
