0.21384020649728383
0.3123326638361528
0.266253363194461
0.3040382242167824
0.3155622692614598
0.2833830587754421
0.3031291401232895
0.2857914358992746
0.2971838048729915
0.3314327875539468
0.2139072242560216
0.2766868710432589
0.22008191278107872
0.3731422209500935
0.33561076783285054
0.2125582507708346
0.27434417096469116
0.37665274064630483
0.27065264298760733
0.3203022795137113
0.3198629117714453
0.326670094787538
0.3051646765340157
0.2686667735620851
0.28273195585762007
0.24091760970869272
0.2988269747016213
0.2750343494147183
0.30847216923704684
0.2359077455266306
0.31278998318451257
0.33471467997240917
0.29939336326628185
0.3097333456273027
0.34054736276834596
0.36217143254770284
0.2041225619080321
0.26155242378761645
0.24009091364534915
0.3454226268610057
0.30598263488130195
0.29294996415878377
0.28396040511636506
0.3431469134361887
0.3041986844592897
0.30997364149608503
0.28881738213669245
0.2602914824425522
0.2983625784514075
0.34112886031108103
0.37249587287773195
0.17970272444023988
0.41718829512561023
0.3158494654778946
0.3347532047480053
0.25005181948234106
0.3393042838117993
0.3589612432706012
0.16691750882883785
0.23096398836224202
0.2046873592315837
0.21426731615745676
0.2315242170214954
0.31584440333600977
0.34996990056079974
0.2038204179824609
0.2595638563166225
0.2308764598055214
0.2566093458182524
0.26958177809954453
0.32752974483705277
0.31296689217968043
0.28885948339791423
0.2649794663261204
0.2693509679773011
0.36443969232674134
0.4427033266280055
0.30906422686214585
0.28861620482121464
0.37836701143332085
0.34480658766984423
0.29891227002711973
0.30891526060422164
0.3156331178924122
0.27867947409977284
0.32009234062174624
0.3055406265232808
0.2841894619115914
0.2022923643601015
0.3088201842301865
0.2795854374417132
0.31193560989959407
0.3948147702734956
0.19639636241089223
0.37227396588750167
0.3041937980171607
0.2104023323528448
0.36391881655841757
0.3500206331092119
0.3347414578668899
0.22911481656132465
0.31564617744422946
0.2832851755576818
0.30134469719891954
0.2547023602654595
0.26302431273960425
0.3599510286144649
0.2568638939213106
0.2624896220473073
0.3023564115959122
0.3238151489578243
0.33892332461909014
0.2664682321947488
0.3718712353649582
0.19689373527944787
0.30424995496577967
0.2167549723930304
0.29738256338068275
0.33285641807035765
0.31365742244273975
0.3880791476534483
0.2964030500894399
0.3068251578390326
0.25522506689486707
0.30388493474223827
0.3093906759620337
0.3786641751184955
0.33293133023868204
0.23436614493673347
0.3405113880944719
0.24681375508808615
0.2892533314376701
0.2225398684175009
0.24742969749512955
0.23141912460639025
0.25753099450947525
0.3544128866212702
0.22613507256801882
0.2667324948569633
0.3855117435194698
0.3300032796287904
0.29203005143539423
0.2748443083175323
0.2819881559985761
0.32099468694452904
0.2903560408981179
0.2783139885805085
0.33932607625463035
0.34305151388378136
0.27546524928097926
0.3128342443131048
0.29233702748879475
0.22917958489152043
0.3066189900396117
0.3288519783872794
0.32039903576977996
0.2798116227054526
0.25109153314531685
0.2501192388424045
0.29915887341579434
0.31276043239806306
0.35095559556629846
0.32988679589646364
0.27253353160006866
0.26439465762454584
0.22080653325889657
0.2719518129849001
0.15363784235444164
0.28144420149170324
0.3074104620186321
0.3012085461027802
0.3208193637595641
0.2242203625149285
0.3134449700291196
0.35064850834278694
0.2873908126549717
0.25113496742587954
0.3080951884923642
0.27949139982145793
0.3241434232910961
0.2776895643019997
0.3131909763311323
0.1913122761604558
0.30735343845215696
0.2741890022933242
0.30176884616177746
0.3143274023700265
0.270321145085525
0.2765423005812041
0.3014560586730423
0.28515650317078783
0.3238712239414085
0.33246705846295493
0.2958557091694532
0.2321488184298467
0.27719913722571227
0.28079167817457873
0.18208220852533238
0.30856945407511477
0.30676211526834923
0.2659913057789999
0.2624805824427004
0.2898285418152259
0.3241840049407369
0.3047950453864888
0.2806060484717169
0.2576289846804355
0.2593290952501311
0.3112443590960858
0.22029181474603363
0.21102087367521868
0.265236873401653
0.26869045340637737
0.2547010226912335
0.31401368206608327
0.29826211843081324
0.249021311862902
0.236519179147966
0.259628010953294
0.2536437757390551
0.24093075670485534
0.2501367733551187
0.26549504910812366
0.314775397737055
0.2399805625415894
0.2682854354375051
0.34243477304076175
0.30480887122877204
0.22757702355095857
0.2802601441061703
0.32053083740161403
0.22771397035598429
0.26859486450369513
0.35223769383681136
0.34342447866270936
0.20215552778971843
0.29194361605905017
0.23997627014262662
0.3034982853770692
0.3381117948785497
0.35366593182360406
0.33638189175901134
0.2781278735227774
0.2862744476449955
0.2874667845318825
0.27619747320490445
0.23260036684470858
0.28549341522167754
0.426180078677302
0.350933624762363
0.24643774102683355
0.2409718068390555
0.38429626961013785
0.2284092901484928
0.30180195469318666
0.32861246300844543
0.40854837571894426
0.27432002083103296
0.26841115271280774
0.35905118903868505
0.29471199284919963
0.28165135959724213
0.25709775775711363
0.32412010802200836
0.2950372759287706
0.23696049495405358
0.2571959391361357
0.2614765574890155
0.24099328928626532
0.258438876362264
0.2563965305295163
0.3218486687437805
0.2962780782307655
0.2867638577834673
0.3799840210495165
0.29081978561314487
0.26673896853569384
0.20636217792028558
0.35944695063811
0.3066239356443072
0.3236792561447903
0.3451651812529209
0.2733688975244322
0.28800539113766976
0.31209316170262325
0.27197724700262915
0.2746423145682137
0.2014089239943985
0.2347254962113673
0.24125095419129883
0.2058011808930233
0.24100544194774337
0.2795232869981442
0.31280652332621073
0.28868340491231426
0.19213801582708046
0.301453028460047
0.3189495809075595
0.2685076653856869
0.2676218849746291
0.2785797438614006
0.28573547462969406
0.30096723917136214
0.24944340629602885
0.2965795892711877
0.24937781816590412
0.2819900169378818
0.35499972721204154
0.3129443206624175
0.33633369177681377
0.37715497342139886
0.33863366110190185
0.23694450804239459
0.30413107333476375
0.29006490790537076
0.3552395329286416
0.350209659658159
0.3457578956805022
0.273585149235706
0.36091108873265604
0.24812220112049957
0.3823580683336579
0.26567163739233723
0.27326908110587156
0.3287643106082863
0.29194603640903777
0.23018440007564647
0.32733600958441206
0.22583451222383544
0.27984164672204426
0.2441758812435638
0.28824833916512693
0.3677523219424012
0.31033029446058596
0.2732466829024397
0.30328816406514103
0.28624941738059295
0.2074771059124783
0.2622443456274015
0.2476006277518299
0.20337943447546794
0.25312262586373163
0.22597114354199518
0.22688064969308766
0.2881157980863183
0.2649705197488442
0.2709567117164885
0.31213135846370904
0.3566591632129577
0.3116196517573015
0.30393479526568684
0.22205606355215568
0.26394725702425875
0.3081354472000994
0.270705704493557
0.21407911645475053
0.3049509744715567
0.24822681045748493
0.3559728833414828
0.2623858090763053
0.29939415719680523
0.22931498496687386
0.307509089303147
0.33803015135023295
0.3013979506722533
0.29829418114859746
0.2662132702296368
0.26555683925847257
0.2789032137040142
0.3170127916544348
0.2814525662023344
0.2553624582763711
0.34156334327675
0.2695168311857907
0.3360763474730406
0.2025869017194913
0.26241007307087283
0.3479881310080701
0.2888483728943459
0.288924892644683
0.2573882314903712
0.27782240216480064
0.29869197015661686
0.3964102736138084
0.16655187214664444
0.3099595478659159
0.3323783198576742
0.3174148287341922
0.20621502563957986
0.2401765429201434
0.2736022615300519
0.3584593118318483
0.26313888833033333
0.3735028218320847
0.26016327470945144
0.3402000197054725
0.2942635375161621
0.2648013955852253
0.262859414780899
0.2840066453998474
0.38845058445795166
0.3460238180868851
0.3074108562400795
0.2606154340517401
0.13478977141931453
0.17054989658610373
0.319099362873613
0.2510122484687683
0.3132744893029738
0.3440312241380226
0.28534399780718483
0.32814604156887844
0.2446064262141144
0.2698618460152536
0.29471124692978024
0.2859210208621925
0.29566113782865466
0.33383650937607817
0.2587633354314987
0.3809585651125358
0.2191081896495463
0.22633488163256146
0.4022213106521748
0.3004566086254251
0.3139813152148958
0.2896937915101153
0.3587259787514197
0.33006911691505514
0.2474868026431453
0.3423493004893597
0.3022165611674718
0.26384060922388686
0.3266802058466871
0.4540882607399136
0.2598338124104388
0.23973881843052353
0.2423017373484175
0.28328746927843557
0.24618350641096923
0.31695286198706085
0.27194485175878796
0.33897971215810124
0.33022794962874347
0.25687853080972634
0.3467498226445876
0.2833231072403108
0.30840924429876077
0.09320479663651839
0.28498628494252815
0.39332548571799736
0.28406649970964926
0.21990374820223527
0.44623439085010613
0.2508487774137308
0.26006423964039677
0.2544538138365993
0.24108368088232734
0.28350879930213774
0.3475625284301296
0.2339614018250232
0.4587912303466095
0.1907503480960615
0.22501655940562196
0.24977249977410584
0.26399749655195126
0.25862104232949523
0.28214118196161275
0.2788206451708812
0.23538261767303434
0.4098296083709345
0.2591977382387002
0.27533654175453265
0.2614269272872502
0.3026672374982494
0.1918889360973042
0.21118674826412226
0.2940365086819455
0.43011156856746285
0.2631512908539887
0.3517065778289173
0.30470768389983083
0.3347745131019849
0.29995811345354045
0.32603041227045854
0.28961045144523395
0.28480153147835735
0.3002718540317305
0.3175774805292546
0.25489431953987435
0.30879452824148507
0.2997374686809443
0.3046178967041294
0.2696593657067342
0.1734486373908778
0.23328876192740694
0.15049283246100303
0.28400940858060547
0.26867818040936525
0.32664076891748306
0.28845330003154024
0.2728776955564018
0.3128208937626906
0.29125579319296896
0.4177794569243818
0.25453415832318055
0.31841403809774865
0.2805488792320103
0.2930757710778189
0.3255978934492575
0.23373243703598845
0.2908327892631601
0.2681554257107069
0.27554921258091436
0.37554495828198314
0.39106879066985445
0.2735564655421203
0.28813489585840096
0.25671441570868403
0.2385213920052246
0.2782995151947217
0.21463669019339812
0.305420419405359
0.28776184539964517
0.3324926956383851
0.2993811463727487
0.24383134505349108
0.320305776410755
0.2957797768547093
0.2631229712544739
0.1731107734683802
0.18860506777689423
0.303208387315115
0.2721212433783854
0.25750726877130414
0.25845173633126756
0.22534914649798762
0.24659588853056863
0.24713502573271512
0.3000691094759783
0.24221680898144743
0.2761146575933144
0.3060132045516621
0.27540446807357555
0.27679352340609004
0.32349353649169443
0.28907152642881007
0.30069455587654437
0.3192843913254679
0.28064993792593856
0.30533276567792844
0.2895101703587104
0.316266924726006
0.3031680578625824
0.24567214489991493
0.31665401076423294
0.24779466720928595
0.29654155859550907
0.26228865087080616
0.29682257724039496
0.31556629971580474
0.30996338915063504
0.32637403767294343
0.31388794836240297
0.3419596308890053
0.25373396170784845
0.2948139087701448
0.2707059854598278
0.3108332634011092
0.2634393572354421
0.25923848722576
0.29717408119225946
0.2439283848569688
0.3328859762276118
0.3298533468986533
0.32054574081659437
0.3085649779429805
0.41258023858610426
0.34482673511259126
0.24399158751233707
0.2674956117625412
0.4389651803370049
0.3279929342784069
0.29394589526379095
0.2637021334161861
0.26211176722963275
0.36094463264852233
0.1885589967306864
0.2679634273111176
0.3057539739231675
0.3233155695540857
0.31075487201649615
0.27400984049465216
0.3803045511796169
0.20839458067727257
0.36594285428304785
0.2786233226138269
0.3024995270315946
0.2097246454587676
0.3472174020692057
0.333037471119433
0.2674184257285123
0.3277215745465777
0.2951813417617042
0.27574521782095796
0.25382851001513157
0.28939985955596975
0.33628682965732315
0.23374683437636362
0.26738208395529417
0.2659018994465813
0.31362477388036225
0.3197839403311496
0.3541948154673544
0.311704819876444
0.29775987245041236
0.3048792552285128
0.27774507239440516
0.32581535771098463
0.2784408266496689
0.341557521835175
0.2934428198554636
0.3920214562686403
0.41821319541881835
0.2674570234745773
0.3083528161368698
0.4380209277233159
0.295610488010887
0.29937822155914845
0.2704922308385374
0.3715216011421334
0.30396345360173777
0.23208904230054114
0.26856033771534965
0.31466216838034783
0.34455934610233085
0.3435134697438543
0.29773099079738696
0.2944203516978023
0.2716805562154926
0.30386457703729314
0.26262516115555695
0.26103408586268545
0.3609100174105925
0.29049291996063226
0.35037543548773464
0.2903578116392776
0.31101217985502116
0.31191059727839265
0.25936318369153116
0.28894536869007675
0.3416532006489841
0.2844412857078824
0.33642355988890194
0.322087855671196
0.3739387884046702
0.28366965286038853
0.24482613178597984
0.26364157496455953
0.3258264141229627
0.3017379532354817
0.2991003504599344
0.27312476461444146
0.23461717251361414
0.28038244786689315
0.33438214747157036
0.23743351791387665
0.2605130246476754
0.21634838854564165
0.26940151723007505
0.29138723292102464
0.14188271932616656
0.33122899510620335
0.3085493185861062
0.2733574172181249
0.2518405837648533
0.35886634003414336
0.37010640406436923
0.23664280624863882
0.2558522304328769
0.23184823725701922
0.2531166275357316
0.39584273414272003
0.2804234824314758
0.2916435390114917
0.22115361005648654
0.22959079446248248
0.3213169291760616
0.24880988061683312
0.2755459428504345
0.2690182866373818
0.24314706963916957
0.2577440055686252
0.3753265526656348
0.31426438506708637
0.2918130620171833
0.3000741359239274
0.30498540909694843
0.2938352574248896
0.24350990209332818
0.34658373592109337
0.29853689246655624
0.3545417626060591
0.32155652597147566
0.2864773283287016
0.3152207870046297
0.3050273045552464
0.28561318959467313
0.30804261480876444
0.31568368230091565
0.3321538016751607
0.2831488193063015
0.3657024036278892
0.30184972450983044
0.30274767253433826
0.14399358728262399
0.2539756664419551
0.2586878550594206
0.1663942311424647
0.2455823145075193
0.21463962986800203
0.35566819376873776
0.33169697652745356
0.25663822006107906
0.23332260201673816
0.34034054512794987
0.15194982980968907
0.288883770577782
0.31849174269011554
0.2738185364702379
0.32524741649959055
0.3065847282367948
0.288794556403235
0.2655295264218746
0.3001934630817701
0.2901702532905188
0.2281304426217985
0.259223847671818
0.29102460213379566
0.26944831960052473
0.27478738964518856
0.3159792346095264
0.27953573647739827
0.2837057941326964
0.22694749029429065
0.2278545855975809
0.2743180221500061
0.349870381578471
0.27932539461292655
0.2576576993145693
0.2893154245874884
0.3522831668029488
0.2975932757299313
0.36692010729926705
0.3862313615010855
0.3004966606645232
0.2571214598824298
0.3134422384910742
0.2969312597589861
0.2634971873420163
0.38027936044092303
0.2401374355817793
0.26299650744994985
0.24064643011628767
0.2402732220277665
0.2526219716967773
0.22899894252632663
0.3231546407397223
0.24135258719166972
0.3094720755576094
0.31582299478325127
0.20157171667807805
0.25324357324561186
0.2664005918359701
0.28009324263810975
0.3359443880266919
0.25688360156910234
0.3168009018010059
0.3102315148846418
0.3396746622151317
0.2533792514642522
0.27152560544499466
0.28319725706514276
0.24566970163441273
0.26807837282624186
0.22728099103307106
0.3410468419321688
0.2824070134420826
0.32574814048626916
0.3225982704083192
0.2989961447238435
0.2801743849984434
0.3209381318274123
0.22744168611649784
0.26818684435711604
0.26052451178792385
0.2651958155067739
0.34188363893084467
0.3942622464098966
0.2891012925489118
0.29533540866821323
0.29769191762613667
0.2555515007538124
0.2950948446289518
0.22266476398810717
0.32719977768914815
0.2515578792119701
0.3776272885127387
0.35629444483865425
0.264726474807769
0.2859298730577619
0.3320789828303176
0.28728404177619066
0.27972558045489093
0.22052450224910708
0.14878800457796776
0.26554286819369666
0.3184457103634744
0.27145423744222236
0.3289950533242695
0.42521615082089154
0.2810893261286344
0.30811768978720794
0.2891079074140889
0.2703466426417452
0.38367553853121344
0.29847147508340605
0.2918042656669096
0.2663614275775822
0.2535584076710802
0.2709726380729994
0.24491766314240312
0.2568820294074341
0.3477984063810795
0.2547001257821337
0.27675695739063644
0.32880171337760145
0.3045117056260032
0.2814046648901827
0.2585320254341089
0.2784651546260469
0.23104065821216815
0.2730699662766795
0.2680543311097638
0.24744282283683988
0.26981336476365175
0.3307185753819096
0.26767739044822925
0.30221509568600813
0.24918968315185555
0.2592228649065631
0.28025087168241875
0.3341030155388525
0.2933788099153286
0.25678675437638426
0.3348540878074759
0.37746889353301694
0.2772996472058206
0.26915245925887776
0.33132052023185027
0.28820801072638447
0.33761553757194873
0.23720189647121726
0.32772425969718233
0.2703465323481468
0.30248614209513286
0.273218952731646
0.326891492093076
0.30123125368075926
0.1953858652718693
0.22507136722718302
0.3336685051051818
0.2737206573701931
0.3272712315170606
0.25389084074129575
0.2705722975318914
0.28902045302371815
0.22510701616972945
0.36363613490173335
0.2985269987005415
0.29740566700131776
0.3265996580297154
0.4112527938881221
0.22210043266901738
0.2862760303806522
0.2901468822067338
0.2643789072803537
0.2913123511204487
0.23273967300526757
0.252454383278532
0.26807528957495635
0.34318977367748754
0.24692253865685249
0.34834487062495456
0.3148477752739863
0.2902971126874188
0.2484583316246544
0.29978416173013867
0.3050046637410231
0.30570977069625593
0.31119261875828913
0.19591700260156228
0.2878224976436594
0.3136792440033176
0.27552837144760073
0.2615012396483616
0.2751290372514723
0.36757321866813814
0.2545486339208993
0.18887932946227612
0.3282980614778614
0.345252549230261
0.3167482514732883
0.30912686737095624
0.2125847889841251
0.2795345214215822
0.19756116851678102
0.34742997520239555
0.2810660622706327
0.31090037359099226
0.2446373654378647
0.31446590032056587
0.2806758371259511
0.2696063240047545
0.3248914633156278
0.2560589567618768
0.2797512386341026
0.2352448372497726
0.34689451448307856
0.3154802644917697
0.2729569659272454
0.285960313625159
0.29130356462785173
0.25654837774003286
0.33414997690738174
0.3234855454956538
0.32178380941013185
0.2870615824482443
0.28881035661540116
0.3538350700457392
0.23138707007069048
0.2786783453491505
0.2658754126684123
0.35485789605644585
0.36446034836296154
0.28065944567406415
0.3070990440864762
0.30377628920049116
0.29082922606423584
0.2631352995363829
0.25434437545423905
0.26375830540681755
0.2715891733392974
0.29155798685253637
0.25357074991662043
0.32589430016876797
0.2532095472039612
0.43061754342511965
0.3042277453825526
0.29577432560516087
0.33767668298584824
0.3718127886947198
0.3693103486078658
0.41950119019280685
0.32940610064957476
0.27799859976378527
0.23449815279422948
0.31943330924268676
0.3108002305989676
0.19926586309466904
0.2519690361129528
0.30507730811229306
0.2888320918292655
0.2688510399461415
0.3302851233277928
0.28289222686671933
0.3383067535553517
0.2591391060128549
0.3935429214110436
0.27308216619620845
0.3414424871895378
0.30961968147201857
0.28069816991685
0.24701100876394208
0.276787886632153
0.3223255565546973
0.3109919794519312
0.2716449041798688
0.2521693845071648
0.3137593895116631
0.26347436662050067
0.32378732294327456
0.3654420710654386
0.22289643174479332
0.27726233398758604
0.216089257996753
0.2917909688527706
0.330901908001995
0.30893462560795254
0.28735985653133894
0.16936519493214397
0.32880063990326547
0.3194079484399799
0.29987596533183936
0.3325535502854048
0.3561633031356371
0.27994237043617093
0.37341748326724317
0.26323338330941587
0.317137265629589
0.24186938927691629
0.3106530384969475
0.1733953780806603
0.2828314878893272
0.2725997950183712
0.2571493690354197
0.326702573687562
0.23930554403063237
0.28720727021141806
0.2345138022152907
0.2976518468073852
0.35557757715229
0.2805226907130231
0.25104215825687437
0.22203440985431183
0.26709867700342166
0.2832507567821082
0.2604973761660251
0.3469590898847323
0.2324304075735962
0.27107048992574256
0.26798585370402017
0.27486151949479715
0.226090727720528
0.19790120225437158
0.19458539876486275
0.286513485382418
0.20792763630806302
0.28802763975006
0.34927846752748726
0.252516123661597
0.27956509279714403
0.2421682016097757
0.23485579023866082
0.40664154555622434
0.3112467173033197
0.2490465827752724
0.2816787894264793
0.25035240473890485
0.3609836706182681
0.3141098113732832
0.3617016767915329
0.26577737677773045
0.3046063888826949
0.2285873448483012
0.2848408164088981
0.30440212222720503
0.2916723792440779
0.222191398245842
0.17258846928095706
0.23499981826907518
0.24921872233916953
0.3271457717249738
0.2716875478507995
0.3645442227342202
0.3814787554712692
0.13614741659699617
0.3165012406589588
0.27547629542612684
0.32418393578393284
0.317801623218113
0.3431665272752572
0.15840130426615168
0.2458354505018199
0.3407278043606344
0.2643193161713994
0.26482396624604243
0.20069827466388865
0.3262023352383849
0.29133296993714103
0.23110821461259382
0.31941989764465023
0.30775219210926247
0.3367849435267715
0.3079118060947756
0.1858054280845676
0.2823666759315832
0.34943108139540435
0.1870304355091463
0.2697798512125742
0.34247497616393413
0.26707683080553524
0.27957394849530404
0.1794505965741954
0.29693173432908565
0.22720304311459513
0.2494781019659294
0.2548182704905852
0.2763084216984238
0.34233313802514453
0.2531007746590115
0.34193827070267035
0.37869605700794473
0.35355339059327373
0.29758051500258376
0.4120604277698551
0.25750024558418755
0.30678988474434216
0.28907411205983513
0.24203057224009045
0.25031924892259466
0.31322259986240664
0.28627208834478035
0.323420443964933
0.28396880989270595
0.3846565776778972
0.26895422687111253
0.2908846316125663
0.29553229478039217
0.2570616707257967
0.2547396763977531
0.25759422898473744
0.2927688737534457
0.2788005567427649
0.28016743322193804
0.32913323749328977
0.3224716005460238
0.30565747248331665
0.3131742797328334
0.33022946226273164
0.31556090842975315
0.24313217953687116
0.30104590840630446
0.3513256942921812
0.3348068939054039
0.23704483158166262
0.20300451857685947
0.3041587922950115
0.2907977632372747
0.29201516718714426
0.3259845683185781
0.2884427987264897
0.22219523081570106
0.2651129974135816
0.1740670433308694
0.27895652414922284
0.2764211305959351
0.32810881001563974
0.3531683705658976
0.3002211853901757
0.3011344207974457
0.25723070063109466
0.30207322277148163
0.23876263948951343
0.3157849869953195
0.2149327547493205
0.35106460896176833
0.36360555065675326
0.2810251839778911
0.29889165042727484
0.25895539819238284
0.2982526585666873
0.23442189403542396
0.30235402236428394
0.29952828993733327
0.18507902050795275
0.33391554361137576
0.27431424900687285
0.3392787866449019
0.2924135890536082
0.2712497716659677
0.25360187653201677
0.26915104854463845
0.2932010946059688
0.263142409381228
0.26541854132706566
0.2499405340102134
0.3591597504756139
0.24266129245134851
0.3506532196372835
0.19494363559595332
0.3056902568142284
0.26670528926750964
0.3501381371914912
0.3174816278276123
0.3288112147127516
0.3322066149736746
0.2743996464306005
0.2597990223649917
0.22385575603766694
0.3292657754886283
0.3430213029144464
0.4240690486895373
0.32475943826630516
0.2701004704101991
0.19654390844231284
0.25606619185047275
0.29436062276766367
0.2592148978907185
0.25649592818548683
0.2954961504570291
0.2560392051170912
0.33323272374720475
0.3376364362013395
0.34693773660532723
0.2776137102076898
0.39981490105232037
0.3036053328077828
0.3003003827745241
0.33143425510115815
0.10835096959807763
0.2933020402129616
0.28200613492874677
0.2253180853509573
0.25351193631706026
0.28312117928014957
0.315244487351707
0.2542035817901283
0.24313963635019592
0.1963407536394646
0.33051812564608324
0.36267839601373353
0.30660536922057297
0.2517703242277042
0.24314421215287377
0.25546357581847234
0.29826149652832157
0.517846765822472
0.33459084299125
0.2566807667908148
0.2542291519471266
0.30334232191085286
0.29510686680465553
0.313530024686584
0.3174024768476429
0.24492487421005996
0.22477613616673445
0.27588919143604707
0.28813690607427017
0.31800101183784024
0.2767692725682172
0.32594807494352507
0.42121574615739515
0.23508126920643385
0.30080526638817523
0.2536155624975684
0.2750947132739728
0.3129973147272848
0.2240624603353604
0.25699649599860835
0.2908788218893777
0.26568285398036995
0.30721278083354003
0.3094096092136119
0.2672403407117498
0.33533655319543026
0.3348228191167022
0.33327269208181404
0.15520779932710663
0.3441095825727064
0.1896727001174571
0.24847306011190906
0.32282725474562607
0.23707205565323958
0.315989511519839
0.29591570061837597
0.3037405540674621
0.22659413148630697
0.2693818864716759
0.3099558646078262
0.20654750632330487
0.29378553990953443
0.3032900651263363
0.3153557829669765
0.386409449001292
0.2689297189450161
0.3002315379858716
0.2649248454923123
0.24851655020263153
0.2858854019714072
0.22699456933247159
0.29155196306204484
0.30094172391465046
0.30266810555479357
0.22877318624747103
0.32930185038052107
0.3462283231219808
0.34477516951297926
0.31274806826829754
0.327432488477161
0.30646584360148926
0.2603556191002867
0.31220484520268343
0.3299644625425134
0.3446451886824147
0.26622672556584376
0.23243637274594187
0.31315898791413344
0.335314933526144
0.35671126812500364
0.2850840113529199
0.2896748321361313
0.29478197563057246
0.31835833475004766
0.30118868000799476
0.31869346642625934
0.3561883193593997
0.3386561120657573
0.3805662671461944
0.32446121339060463
0.3254288336644457
0.38774865053648544
0.3172805125973681
0.3247451726476925
0.2573813944813273
0.2606975970698215
0.30399676319125846
0.27494335394616354
0.2952978445160815
0.29268720246714625
0.268650923782322
0.25370600992034986
0.23123297680662716
0.2362980699516218
0.30087514455340353
0.2849919284640691
0.30144371821878824
0.2801551353773562
0.31273709949882295
0.2477178168385913
0.28371237221428863
0.31258732204311784
0.2596636935062633
0.2522999529208593
0.2764839505042168
0.3646591594587197
0.24943721682380568
0.27973228217831886
0.24825820854245653
