0.2603759363681158
0.24251270435388625
0.31218663858832496
0.3661101543061758
0.3243949520938119
0.3598218337470121
0.28961512743559165
0.5174355582593001
0.2806938599581926
0.2811555710612751
0.1543719130020786
0.3196976178101371
0.23282938824873411
0.31092072848177293
0.27197022646683694
0.23320069190814652
0.3124602583663409
0.2921572918868497
0.3821495613008408
0.23023560183707678
0.3262650323649239
0.2746658767754351
0.3692203850219303
0.3214379059688789
0.29865549294722427
0.290767354962408
0.2744051806899372
0.2641770146699113
0.29060892211331274
0.29029291310060773
0.2948180162304268
0.20846830297775604
0.3058129999956948
0.37184717871314327
0.3148402018502518
0.3061201898188153
0.19967955069698376
0.27394176234300793
0.3529044170666881
0.29094938827190486
0.24042428199125676
0.24629455035290707
0.25191999604795995
0.2500411662449157
0.24955969205762119
0.2645866829251701
0.3018489178501581
0.302969076242571
0.2741663185481925
0.3743312199074158
0.34049253036669763
0.3491345531107899
0.30634020817035046
0.34203930425044604
0.24911862574981206
0.2559380581907972
0.35173652065202593
0.2583203951459773
0.19090462929870616
0.4121951590964442
0.2917046505357133
0.2673157626329739
0.28465615574254194
0.16712117095131948
0.2477008207744239
0.30437006064408406
0.1987199249409013
0.44829202506010996
0.25449459411373165
0.3319937026779467
0.26667067741571887
0.26940892878195344
0.324671327813866
0.25917975321635256
0.3281525264981904
0.2847818360032966
0.2661958733901608
0.3025656706420368
0.29070785742043725
0.32804944970859184
0.2502121564361697
0.31118025907861907
0.23842696157991958
0.2557028850169111
0.2639209635052145
0.3385103805696397
0.281044955208667
0.25442917579343693
0.26428760058168627
0.3762615509060923
0.313431140255783
0.21384657517898517
0.3107683408369641
0.31088815689867916
0.24988287472606402
0.28804951796245426
0.3352654299649502
0.4210070688454572
0.26456079762549745
0.29789952436673783
0.2420060556173614
0.2472327795523096
0.26836468023423393
0.3274251781366096
0.2814341570262674
0.4255195476007995
0.3566569198633738
0.25068797280206373
0.3169993691680008
0.3245314609285654
0.2833833000580541
0.35966301561697783
0.22371113047356592
0.24859569808002016
0.17439213041298765
0.31562412613084156
0.3151947244959667
0.24120482903122256
0.2963428176107963
0.20738013791818427
0.30216906966605767
0.2701986408367272
0.3372196027492872
0.23573692555132303
0.2903261165652636
0.22332883129588618
0.2994603453834563
0.2575231299311646
0.27069495093859175
0.35262463063027427
0.2658891388791153
0.23049562191194217
0.1909199499694698
0.34831764132334725
0.3726488274887695
0.39199906414038715
0.30067865092570667
0.301867028149758
0.3023459104652151
0.2406611205744101
0.38657232824360116
0.33273651290634665
0.3370508280633802
0.28504458332316673
0.3168583747225606
0.2573133929951364
0.23589263481800574
0.2886830354561577
0.31551048202179616
0.2715254817548841
0.25696202777719224
0.413515069334892
0.3372876985441493
0.39013575110502324
0.3612406962203535
0.29451733315406314
0.20575161181205054
0.2610661231483211
0.29046060606693913
0.2870700096386983
0.26170497125772574
0.2641312648724727
0.22563222149738166
0.30229845390504057
0.2749709992350536
0.29006834064592385
0.28499869165660524
0.15300629037888766
0.34417088877524377
0.2662636899939904
0.3446330881213645
0.42254381752706505
0.20037488667253028
0.32608150008908315
0.26016603281164713
0.3012364358271505
0.2296670543748064
0.29501897914894576
0.34580459204248887
0.25815358626284207
0.3505099036995663
0.31418622945652847
0.29324207787031253
0.2513294301496923
0.27177829951111243
0.2668808887025131
0.3263218124851476
0.2766624069039985
0.2621959661867191
0.2939582461779112
0.30676470562315067
0.2879119917481505
0.2029993435088843
0.3808756346011028
0.3248093033208871
0.30453795190499555
0.2870647578185969
0.2654764585787545
0.2646227310562804
0.34417133479788914
0.23452015946768412
0.37841300320421584
0.3117532495109647
0.2507866767372073
0.33435903404628436
0.3103511059571879
0.27277591421465275
0.23821913878934964
0.2989685622163529
0.29004782272498736
0.3421269710039712
0.346819800724251
0.308190680011047
0.31012573865879167
0.25730604416772995
0.33619593835253536
0.3246215794244415
0.2616667492068234
0.31684141522612413
0.23001860977834945
0.36125098932694444
0.33148239837247895
0.2522726665005783
0.3357998011085768
0.29825079520426795
0.29448656069584245
0.27548595552369187
0.333223860121271
0.22356675605317963
0.3023403160756288
0.26572716675345387
0.22675437325617323
0.29133434273129244
0.29911491055421774
0.2818774945729814
0.29089002849632456
0.29959142215384893
0.2020260281060394
0.2616210877593737
0.3242170972359519
0.3540004998831152
0.1831036089999277
0.21829423338942747
0.34347307347327233
0.3141298915074721
0.1917884728880844
0.2667651730036807
0.2795412305516814
0.27183698705067527
0.3334384278517723
0.27128859596588073
0.2684453377721175
0.24277041508505803
0.272572796579617
0.24986080837690686
0.3332261573055796
0.29555809713529246
0.199411802987567
0.31539559521032146
0.20354235757781092
0.2476482141076898
0.17419964077279887
0.28837858372332764
0.23756935688153857
0.3150544164574521
0.2994736778873947
0.28266746696483713
0.3753520201008895
0.30410880964537623
0.25912551527223354
0.3148530479568964
0.3036498383641546
0.25386363383154503
0.2639334102724678
0.27740906829626444
0.286411129196367
0.3068849780657485
0.3385995709217398
0.27619041052466137
0.30636724456128744
0.3134620156398819
0.2643066539433148
0.3212396641881449
0.3474227096639472
0.2725640702892306
0.3076048037945179
0.32994148115346067
0.27780495725830345
0.31029561843250625
0.22748942532260308
0.26546921252862227
0.2917208334261873
0.2639970306300778
0.24138891370163415
0.2602236560760415
0.31527015703482725
0.38640279504781155
0.3066963844703787
0.3168811930369039
0.2136790535675807
0.2890778583815556
0.3161506216757711
0.26331364456692125
0.23577120366370916
0.29922672389483984
0.2998360390599335
0.26613863607404775
0.27348521371609946
0.28976129407324996
0.2758428524518527
0.330306452259733
0.2755810168943357
0.28303310245337565
0.3702973422281328
0.22578474356635939
0.29471649412508755
0.2699222016672647
0.28258033206986394
0.2164174196680314
0.2851313446217282
0.3506631018122572
0.2911782845265007
0.28833363361862885
0.2710154850715521
0.329644537797736
0.38872305757695297
0.25965896891360474
0.2964835854374564
0.22907816696168543
0.3131354172608645
0.2915252706255648
0.3242215399708072
0.2922041169276307
0.2708572892767941
0.3428764179192147
0.2890355660334656
0.23679469011130505
0.2918305040296488
0.19748456799375022
0.33224649603161127
0.34780626601519726
0.24993750754550412
0.23815332379945903
0.3200868005163245
0.2911158431392631
0.22769316764014083
0.29251327576019953
0.22487995474273037
0.3214135209632592
0.27642307465733335
0.24336484898168523
0.33623362357457565
0.3226492008968541
0.30612554925188823
0.27560646955257645
0.2993161476371621
0.2770050468293498
0.2760901076730521
0.28220738829291925
0.24423228762347013
0.2933838162846881
0.15280672045646526
0.3665200587338394
0.2917748938691164
0.29052424341619065
0.3047353087513234
0.2892267057522451
0.26902616320822303
0.2549041751227012
0.2841175456596161
0.30786258795168286
0.33114929053078
0.31907785197097094
0.27375135579604776
0.3380171323274763
0.29822485938331905
0.25309726116271253
0.3260932082042963
0.3286068009893688
0.3294000761835715
0.3018548428923389
0.29998061440168206
0.3200776896232792
0.259179863546308
0.37681066779153216
0.31608117219599086
0.310961323687031
0.302441143955756
0.29643211077425247
0.27149143693503336
0.2795267509161022
0.28661191515972984
0.36046605165315476
0.2768427980696215
0.2764179755456614
0.2547024037045114
0.28974711966463207
0.2651962949020483
0.3750303128341396
0.2917059587227614
0.1716627844303276
0.27266512573121576
0.3144175667883714
0.4092223173550861
0.3237561652278842
0.3636964273800385
0.13821371023681125
0.2534895235303228
0.2809105829465243
0.2785399425770593
0.29071445410648195
0.2436239818499251
0.16984366075172883
0.2562783032993588
0.25506537509709043
0.3118862390540567
0.27292688953248745
0.2813390273775422
0.2892174233124892
0.30392773590165173
0.25470242079172917
0.28056237300355036
0.28022806339388323
0.3405750327273633
0.2835043027410301
0.2159291079492252
0.3017929191403366
0.23603715535277606
0.25782674734641525
0.28497257525342456
0.2761091184213209
0.34788773404839574
0.26998611525032745
0.3060221293589956
0.2979726510719255
0.2633578423262124
0.30660940086881555
0.2814091291219077
0.2843984537208685
0.29011850513898985
0.31777399354948854
0.3133363673056156
0.27299420436473426
0.25647367670556903
0.29866741314506035
0.3156008950136285
0.28940340014267973
0.29071198730325964
0.2764660759347205
0.31031458170449866
0.28427884053834185
0.3245988054971453
0.20894351799290742
0.36223757327811995
0.22789913124090996
0.26278947171503914
0.3009545327267275
0.31570072183455355
0.2558617158720731
0.29648093761089156
0.18962033797299388
0.2771170165241795
0.3065741291180149
0.42000126886086336
0.3065818948286026
0.3285514993054763
0.30080344340593984
0.25632504348981316
0.31842500767946574
0.2879241805947097
0.34078639845960323
0.24492292473661426
0.2673133293355913
0.28408454329430416
0.235973849060915
0.2877042622327851
0.28638245643049925
0.2515130586271699
0.22836295055129063
0.3560220533605917
0.27428521465753436
0.4276495914151422
0.35972641080693285
0.209125190236247
0.3483274464156663
0.24130093383587797
0.16891044503115626
0.2932858457228991
0.30248485452233764
0.2443502537117133
0.43316627338473873
0.3231815570353462
0.2993826212020684
0.36566614494773564
0.26314387572411013
0.233911820907375
0.2669661341549116
0.27980587658646
0.25320425854546375
0.3032897528337705
0.22936072696130025
0.26956191227950177
0.31385329141767926
0.3375676843266852
0.2921371943969763
0.17738391852732338
0.28649216766789165
0.39374271822937207
0.2643697558741072
0.3226819774997784
0.3469687387660916
0.29277038609810396
0.3273440645670898
0.2659445946398118
0.3128945500887596
0.2802783359909279
0.2158107423543551
0.2638605973720775
0.2683050673889999
0.26965617739582753
0.2867763906831112
0.25878347759607256
0.2818083425387102
0.3007921682221087
0.33195216156870216
0.26711473377701495
0.1685368065038925
0.33247470001378177
0.24209335905750323
0.2495992058999567
0.32709106938711313
0.258385333181064
0.27391702596984546
0.3509735391359945
0.32310925956990494
0.3169940211728867
0.24879852582098755
0.22311282215480577
0.3352158647105614
0.23860534734328845
0.2549106662329295
0.3036303654324786
0.29314943972974544
0.3179508687007068
0.2519246308846806
0.3100569131949451
0.24987622552985161
0.2671805198393376
0.3354670763056469
0.2697637046611393
0.24148379876282045
0.3301849323308874
0.38200442608689444
0.30082710455527256
0.2582466818486311
0.28749306109363326
0.3506044609926073
0.33377217066510323
0.30623458248302565
0.3805156105105172
0.2903565981355272
0.31642272508382346
0.24438709633461958
0.25454202551546384
0.2665716105500902
0.3068840588324494
0.27129816057347644
0.26492705031399577
0.38898225363291145
0.3359472092496028
0.2963831728270043
0.3163645157718069
0.307265375155939
0.35307397704616633
0.33339412757511777
0.331268425925431
0.29852854702360276
0.2702027777198641
0.30319975468241356
0.23619550368830478
0.3793371310197084
0.31669578428742046
0.26037283052918303
0.3287570015448469
0.3078630712382386
0.26721988242508216
0.3209653598383324
0.255590668056993
0.20501707250048734
0.39683717246952543
0.27354129845919883
0.28195145537719396
0.18209717727192176
0.27766614935194545
0.24865101115221083
0.2971131585277117
0.3148530522935758
0.32841821374871594
0.27339872868457643
0.2943014729567461
0.28647011295626773
0.34523904068852945
0.30220498664714746
0.25964675566090784
0.30170334646433455
0.1932295961672427
0.3494107088085724
0.20264986668103388
0.2127983304984251
0.28100597504086
0.31960676455964704
0.279405616131334
0.21581334497153865
0.26716185281888005
0.3071519670062139
0.3438588412967435
0.34239742028874204
0.2813747687720916
0.25514531122773704
0.20626008469574514
0.1440703236710875
0.3205828228215428
0.23863212741666043
0.31434890474178007
0.28773701908220933
0.2216191666007593
0.2412871147801196
0.24670815600606474
0.31711242431160463
0.3308320106878851
0.28033400785147883
0.22492826021741133
0.3183758131245423
0.27957595446369593
0.3413051907788817
0.3038821082392199
0.2289615472750191
0.31166851941969376
0.304904280614859
0.2812017023504868
0.2966704952556949
0.29137813025703513
0.3058046890435453
0.2208846523740369
0.35253712107409174
0.3001657162199871
0.27794147497653904
0.27063093122563014
0.2169269251998446
0.2809362017695039
0.3853526800760343
0.2894905763999933
0.3272151248062948
0.3168444780630686
0.27237002689945367
0.2516401112784805
0.22789158359081063
0.38106427646563307
0.30182346206918126
0.24129756628027585
0.2751309989861595
0.24316725815681187
0.3550053245004519
0.32130832767980444
0.2239764691409496
0.32880919988749263
0.25405674054838
0.24292724839368487
0.3090269297478802
0.25348934698586006
0.3312136067371784
0.35671377733643084
0.26787652247752863
0.3454475811853895
0.22405035642029658
0.22933423534885233
0.25017890489208
0.2514814401034201
0.2429919414168233
0.35144825025397486
0.23466113982585585
0.23694889570755145
0.23604020497102765
0.2825976494744553
0.23248711987925078
0.317227944153231
0.28980862289299236
0.34585092314735466
0.19380053321355953
0.22226068692190654
0.19028783103937416
0.33454002199619526
0.28195255906838956
0.3313461487115427
0.2821512318008159
0.34812782343215215
0.3046894769555851
0.2785255391088312
0.27280633195139325
0.34521765269022325
0.30242890879013123
0.34430042221325724
0.2696010501451529
0.32896167616421473
0.27626867668399707
0.23432308141294075
0.328024445968328
0.326007697563362
0.15450132235129804
0.40738047177463743
0.30335077313854564
0.3260717093547108
0.27781232319885113
0.28053168626000796
0.33487514959575304
0.3247284818185095
0.3597573288429906
0.23259352417831203
0.23113113517856587
0.3068992624646282
0.28217881901286235
0.21088943711605262
0.2887419287242787
0.23591723066975728
0.338742951856693
0.31423047131479237
0.28487955398189335
0.3262042303524593
0.3434873229203763
0.35584443734907223
0.3074186987674612
0.27580027246765987
0.2917356834563518
0.347827805934269
0.3056113162076629
0.25483552800862846
0.30968814887640717
0.345430776227081
0.32764695473122063
0.33349774989435144
0.2990452103377723
0.2781463973697748
0.25860825884835303
0.22761315486059353
0.2895950295317416
0.24015409653883782
0.33900154429437557
0.23381234018076766
0.31718549584490163
0.3303778548958355
0.20641805650108427
0.3114568312219171
0.32571360900926927
0.3183428890579922
0.24597769240414055
0.2809995991342233
0.29701897038215364
0.22714002705504396
0.25857939356098747
0.2992625888966529
0.3006096274938633
0.2673510629374207
0.29827371335267583
0.20287637485626087
0.34054250257866675
0.24247844499804508
0.2575341033172559
0.1476277664619232
0.2786179356964458
0.2651007344062017
0.23414771365962053
0.3008512603984026
0.3737430693093091
0.3652105039371172
0.3509517926460693
0.2603728319800323
0.19679907288152787
0.2913463161225734
0.21926128535409964
0.33457853802902837
0.3281311010213766
0.3345777562056842
0.23721447282469146
0.28985970824653967
0.35128934480310164
0.29992934168447744
0.25845557987936185
0.26109131446587824
0.2275724574251624
0.25116212840835983
0.33330694755757584
0.3254164747437499
0.26315015636184874
0.2806371569325994
0.31514190636997946
0.3007697223027273
0.2598302122733286
0.3511596026384513
0.2857352216959338
0.26741440493155416
0.36943110471316437
0.2795285845911531
0.3348273951414916
0.3501671607733007
0.284248367666627
0.3412404315449838
0.30060940538538283
0.2583016026259624
0.36336983536398126
0.30114669333116084
0.3082095292752983
0.3096129105934032
0.31888624334266574
0.3226748481163743
0.29812864538793776
0.28312633079638166
0.29444906663224624
0.3065177379747103
0.25185672093425326
0.27062520955236297
0.2614074401690907
0.3531853983490999
0.27212221145351934
0.3196712112800465
0.28685210438708164
0.26786792236812307
0.281547655192273
0.24863294089069532
0.15634000421168315
0.20788263042795313
0.2775336848727483
0.30975146193299735
0.3252704108060761
0.2612562490136773
0.32869553957674774
0.3036097125108201
0.309899291715627
0.3448055881014702
0.286681223167984
0.39471687318016024
0.26960249699171407
0.2976513129790983
0.2696874711930216
0.35456701204640967
0.18056274819876159
0.2546255537980909
0.3426753365168717
0.3054223630740657
0.38532109314173885
0.2215046615611046
0.30110720782578476
0.3095664759851419
0.3950862364316716
0.278291743649605
0.3310548493983182
0.25682800057558963
0.2907079927869925
0.2803702891727094
0.2158395811906212
0.32129826744388124
0.34158093221262165
0.269789938451629
0.3271058959814747
0.38133964816116017
0.31152068222547774
0.2574293460249316
0.27492194307801165
0.3298005922934289
0.3092874645397946
0.2239116914378395
0.42952293158994964
0.2961432655993035
0.2556939042909897
0.3168228775802122
0.2566317629405616
0.2918534261464249
0.2858846227613608
0.20951104316723873
0.2468962701100376
0.3322565943259548
0.2766330366664019
0.2885387975583609
0.32524532090769664
0.2323492880368996
0.3243890034885805
0.2580937278410771
0.3360345594223639
0.29243810113117485
0.3344493604300349
0.4119908435303047
0.35577131749577223
0.266456804582258
0.2274563551998293
0.3197692989419211
0.2791341984432175
0.36990351211768435
0.2848981281452766
0.2813071124025256
0.33518180832594174
0.364616145729555
0.2599984360623015
0.383233387178008
0.29527713204238315
0.24748213014982234
0.31459397885406787
0.2702747309544719
0.28629944409056585
0.31286552241050264
0.3382615163440418
0.2732615764180862
0.20415329751612074
0.2888715076922238
0.27481901035269213
0.27353453709161957
0.26637093370962794
0.3406784016478798
0.30445975545939513
0.2975915001422505
0.31430122489531576
0.2521516017343492
0.29270416134243865
0.2466059712682407
0.257939216934822
0.3182600841724289
0.23645040278686802
0.293793641304866
0.255108107797763
0.25614830223978524
0.24427290970020993
0.30101905815484037
0.2280703138973683
0.3020143376660566
0.30230312700436107
0.2729177805871858
0.2602804413172366
0.2833744508775662
0.262318832038994
0.22666537582947588
0.2656899955101689
0.2998606739374006
0.3076900003533357
0.2725008673277262
0.305554637436146
0.2954447593003957
0.34531379886334573
0.2625117960815402
0.24208966203686136
0.19785097056148068
0.26510537413680757
0.35610757858615294
0.26044969052836214
0.29706991217011675
0.30520489245867377
0.2689247773592201
0.42514858151532253
0.2716054586522569
0.2645661846865994
0.22925809755557897
0.3115898865100927
0.29523935688288305
0.395593631621451
0.19831455306440746
0.2530804758732131
0.3144562326441293
0.28176401382843097
0.27525621487089424
0.28404805890817697
0.308275542876349
0.32863177981674785
0.32550682823972743
0.25863379653084634
0.17593405378162771
0.3459873775648473
0.32273541825796104
0.2925802272289471
0.36601171266676297
0.37359489150859204
0.3597555622766977
0.3433653647344354
0.33240322652358695
0.45458213450209434
0.29291682256815715
0.25231706394417636
0.3094611623928298
0.27757067513921213
0.2836187938211542
0.305297486165797
0.34217988152599993
0.1925584299215056
0.2962983783475908
0.3042737062753657
0.27755454342474817
0.30489032138571004
0.11050530008654015
0.30398998256467646
0.266276822674325
0.22940892064892507
0.3631950246027985
0.34497187080534036
0.2784338862688226
0.22904852497609623
0.4021933364932312
0.3376687913381633
0.35583593032187455
0.30951064646329324
0.3403347369931546
0.45838456480508466
0.33706045017657743
0.23168396690347465
0.24348081468989516
0.23288116268219203
0.25987685120531234
0.31311075287724865
0.20940456780972436
0.33000706187433765
0.30367380807809913
0.34794923662318894
0.3054999776541869
0.30500377455961347
0.2750550357051645
0.2544661506852874
0.24545303095031487
0.3533606155352539
0.3261415374558806
0.27932227749972977
0.2821063587982398
0.2301924147835408
0.2693082735698051
0.24593022127151545
0.29296559199042727
0.32601740993637773
0.3170876805876272
0.346183467190362
0.35745993167568846
0.21575187655236877
0.3455511301666989
0.2722300979440556
0.2994216807793381
0.31060835441924284
0.3172917052398458
0.3204229672729402
0.34245877708540184
0.25738125286054137
0.2469204378910543
0.35244334864604704
0.26139062637823673
0.33642879280723204
0.26423157069338016
0.3136083814262124
0.24201193719145464
0.23514048755318612
0.2608709518348867
0.3470307667372982
0.19721126226615654
0.30819318319409145
0.21575730499541534
0.30214725563102235
0.26312543161116464
0.36125472175699364
0.38556124187293644
0.22348345911493375
0.338483050332714
0.3773479603866305
0.2852655533064444
0.3081329961274734
0.2875151079550826
0.24757991922741399
0.3132607728122735
0.25458953165383374
0.34207581081166544
0.2963850016262424
0.232925064369231
0.3010911091623021
0.3127313196567876
0.2680540613751565
0.2791931768472638
0.2360326214104804
0.25681209841735014
0.18499091327451303
0.32952869744160307
0.25792101804462264
0.17434276732984202
0.3126668670570005
0.3869628850594541
0.29057327098154045
0.2287292136972376
0.21258394817203496
0.33683405211723655
0.27178168330361663
0.2700046747871925
0.31228213834480073
0.3266160756391162
0.31427640316106126
0.28689992430929423
0.31126307626010846
0.3011277278531345
0.3386002565972925
0.30617468144910137
0.24807755143947496
0.26844520201451466
0.31533880998815894
0.2758002883327529
0.28700610868760046
0.3050166514757106
0.2503567229820037
0.36181827504870095
0.2452065456918156
0.22076065900747618
0.2817862297893366
0.28634662164126806
0.2906399932804226
0.26632953471995335
0.3126317960584644
0.25853287358749183
0.2446472018363504
0.26890326736509085
0.2763033089761134
0.2704424753931646
0.36105900418972325
0.2582682515799741
0.4438847358950492
0.3034947114515928
0.2586833572066598
0.25823687266806683
0.29532261358633455
0.30542971924075774
0.36687868826339004
0.2902569313402195
0.3975946030747974
0.3240330202866334
0.25794858631523404
0.4198225321233944
0.25527274626661883
0.3139209670692798
0.35712729230568113
0.4400340015724482
0.2492930834011387
0.26958092136626083
0.28178766665381416
0.3324396308044642
0.2548722818643468
0.2796480851523855
0.28248094893087383
0.30426157410499777
0.26627476131588645
0.2637667380254248
0.26589079683334726
0.26341688942176134
0.251549789706125
0.3291429073814757
0.23412429647403296
0.28113195670959795
0.2585336888541512
0.2860801360723987
0.3034183800517447
0.26190805331202993
0.2588220551222781
0.2590575486955763
0.3049260151087175
0.30718965739505866
0.325060106548244
0.2792893016564758
0.31975679736259904
0.3094553384243305
0.2769407569649899
0.30246004642121377
0.3431231761084991
0.27891466091085604
0.3327713340712229
0.2618760482210481
0.20368997339534567
0.37909330539675906
0.32350258281060845
0.25226589935954524
0.28333393378680777
0.41180052513934723
0.25356039957426957
0.31050410570799597
0.3658077405302336
0.26406048918546154
0.2606372490954809
0.30985914240040136
0.31815453495621676
0.29788063828833117
0.26292606847064404
0.27179736589366954
0.2950521077761998
0.23255065706715763
0.33388175466364106
0.24533073471159572
0.2921384460122278
0.2792477537037581
0.3741539608394315
0.27003337998901933
0.29692012436551823
0.2575585390079599
0.26443673695980746
0.3177679908496295
0.30669664728499824
0.30498898535878666
0.2875442515105302
0.2702849675443221
0.35690516987403553
0.3488343533459613
0.36381306534142416
0.2988847089426924
0.3154110110068458
0.3564171524092668
0.37354522979771854
0.2697880299654802
0.31448946835485275
0.28543216969057805
0.287130960828674
0.3008577356921829
0.27921506857528394
0.29264652392394136
0.27384475837091304
0.4199897259522866
0.2384505909641102
0.2930126885547169
0.33460450346690235
0.23541882504549114
0.2144231958510561
0.3809217826683215
0.24826947158090681
0.2969976887919142
0.27669628569486465
0.380225656171737
0.3233664029571874
0.29590764045983386
0.31208378169018447
0.22612062800589475
0.2668559815022574
0.29548362681600937
0.3411758841511889
0.3931263404489367
0.274731056700415
0.3109207742165467
0.2592238709690623
0.31324545485604577
0.1972617026595539
0.3516610856505515
0.24608720146337648
0.3568684278321555
0.282913132669434
0.3646735271202037
0.28213414248963936
0.2758900574779551
0.3141673125532413
0.3214776562221167
0.3238663154501604
0.2698724585963013
0.3352303975976484
0.27020016198383073
0.43900091495729493
0.19643903439485091
0.2326907367817275
0.23208364077608487
0.2698146853391212
0.30921465908945944
0.3192259901496001
0.31811545906480143
0.22931830751238708
0.31225848927502137
0.27393487306523956
0.09575558972608085
0.30516254535949244
0.27513447391716955
0.24533146919824075
0.26091998509552145
0.2764242461028338
0.30440551831473023
0.2949959958586772
0.23711404744889092
0.3360156799918624
0.29182810955060234
0.2901633473857268
0.2850285139620581
0.31080955632010593
0.2555924768973391
0.31545974586170433
0.2867325522212221
0.3392270159977084
0.3211727558560492
0.2791482772172164
0.32953388818510937
0.3088037034109896
0.31757645621925074
0.2419339262253804
0.28025181143294775
0.3286604586384954
0.13613735462861845
0.3054160601843196
0.26906760879342156
0.2529878475268971
0.2859868742358675
0.3782087650617591
0.24849966163693585
0.32770385313784056
0.2586073511866289
0.27768929785018165
0.3782849265513145
0.3031333975537125
0.25443860617729275
0.3197806724199999
0.3038576380665893
0.2929853765718711
0.254236170025716
0.23498555745433822
0.2761412941199617
0.255120207926346
0.30488517179416896
0.3393239925881065
0.29629459755544146
0.3132714878945319
0.21938260281951197
0.23299230896008727
0.27335785025392456
0.3604365279691833
0.18661919864748483
0.33497804208771376
0.2677997924747026
0.24699739292740983
0.3565009139617758
0.18921410350856702
0.342336252570952
0.2260314191860463
0.15979930176462384
0.35870813222042186
0.24908689222762462
0.2678648056699718
0.26628038421887873
0.24083857733876007
0.31254356424429436
0.26775575621513803
0.3324036102906789
0.32784599713847334
0.40300269866603355
