0.2700865130465871
0.21481020360913894
0.31241906681921233
0.26277678463023224
0.26942551914056373
0.29254501642839975
0.306206271302957
0.27946274653732334
0.3475741362741014
0.3094875251389117
0.33095068953283463
0.3019748195884172
0.4016294850911767
0.2606679610256218
0.2750174206542456
0.30204980980328366
0.3051085363464775
0.3918225007599562
0.2634753171678277
0.20788696333564047
0.3320870391997797
0.3035444091845664
0.32109729834427164
0.3445430282891665
0.36530073875203845
0.26020679892811305
0.3065288583598544
0.2792217343658546
0.36541768157867793
0.35200418453855564
0.2752104947431409
0.29515282866526643
0.3006738199764451
0.3488693666925561
0.2771251823957179
0.31291297507662424
0.31218778009295456
0.3244148994036723
0.32777864810679164
0.33475241579181403
0.3352578886687776
0.2639092974324327
0.32025127675227005
0.2424701447354887
0.2528205607626959
0.2269345977001495
0.37423478670040117
0.30209564266861316
0.247073018597956
0.3288376457198241
0.21356715167002113
0.2823929975924932
0.2991025656286311
0.2988951409704749
0.2722036368340808
0.37789000706201753
0.27089609350836646
0.3321518816733494
0.3150485907389835
0.24192858798358893
0.31772589790594996
0.2584269177879086
0.3094974829232579
0.3054108877963477
0.30792299999020706
0.3386823316204649
0.2711020397210385
0.23237205804666347
0.29102556473245983
0.33997281225353126
0.27010507690402524
0.29496433131488925
0.24715012754162005
0.26970155290637543
0.28788116433270483
0.312138530730561
0.23462104055355473
0.23218431621050808
0.2554354354163219
0.24831788956134854
0.19309369506022042
0.27592569917522514
0.39495427227766566
0.2664507202199699
0.2707137030805179
0.3345608045466532
0.2514687192066618
0.25666905245205907
0.2450947047874394
0.36532022776081796
0.3207629650391762
0.28030025994159224
0.317700837937065
0.33596903917135945
0.25629603362456493
0.2786966785972359
0.25446296724261486
0.34736185099239275
0.3079353831902782
0.2783243475221114
0.2888875533380145
0.27290520913327154
0.2355910066145305
0.2628962426788729
0.16974313978085556
0.3509051935044084
0.2171234969221021
0.3196180413259819
0.3039083993648509
0.2826962529093359
0.3018752224566627
0.25330073497938194
0.27797396955630677
0.34540006326939515
0.3135236431225073
0.228065189537476
0.25820568073837014
0.42207385587216334
0.31658029597082166
0.3050539118471022
0.24927899560840613
0.25724818780165715
0.2899073074900044
0.23641613785826313
0.289296330760935
0.25983446938411703
0.21539330160331505
0.2992482484261102
0.32680151192308515
0.24831553072614393
0.24384074876037104
0.34201891542993235
0.3106161095916449
0.2943509646416675
0.2961957778353294
0.26468220959170863
0.2737263393824586
0.3258389114861876
0.18003025410577742
0.2408164025273008
0.4195273052138596
0.22312458553829004
0.2688694809567258
0.28107549605636234
0.31254604092990507
0.22911788914581285
0.352665053159769
0.2495014873593046
0.2817832786570974
0.42534072466346246
0.29056241255784515
0.2414555537004869
0.3816774193329182
0.3022638665264153
0.33288031314141336
0.3791713404800852
0.25770562527341817
0.13765813433983698
0.3037576544738563
0.35655298013731157
0.2637122758609884
0.28953520834888324
0.30051026699215433
0.2613490124698583
0.36500391049892345
0.2236237983848146
0.2580499053497831
0.28832532950960155
0.2985792156300084
0.25887361161572575
0.2658651279777532
0.24674122142011068
0.3201317331435382
0.2544465541904395
0.21235798144064044
0.23674957439030794
0.3242131867785666
0.3059186715465461
0.4203720678756546
0.26925481662726863
0.32703025551500864
0.2331825385655892
0.23252557435690738
0.28709705497239474
0.2701712539073949
0.2988679759946491
0.41137306504943677
0.31133563685115256
0.3047819163502666
0.2721347932591606
0.37891521880765133
0.2792672309331529
0.2918527260537452
0.19869822676865503
0.3486216240155527
0.28662398308074344
0.19706035193857108
0.20743538414882115
0.31235293095491296
0.25042500141111945
0.2595637140579928
0.3365317941736299
0.33842257325615055
0.3230583026443584
0.3175723829142034
0.3517121453762103
0.22742515732487867
0.25035459939615606
0.2814919642164355
0.2944459204108247
0.2606713083298442
0.2814772845153731
0.30388462374368475
0.3270977643024588
0.3453218479597931
0.26918500809418794
0.3319348977915646
0.2411109642411054
0.27853586434693695
0.34556485420396327
0.2638711497679636
0.29002027666574304
0.33570064165763114
0.3581237424346486
0.35187281411226473
0.19886757690489393
0.1977888833600975
0.2866429914231556
0.29300434949444476
0.2509362414334191
0.33893962525038657
0.3185890759386895
0.2753861931141391
0.2028378113496989
0.27943600520474254
0.29781220667458114
0.1558502919703725
0.3359386137688246
0.3943411800014818
0.2256226579607268
0.309028121207428
0.31643368226595275
0.26242877515875607
0.3020639530477636
0.332881221378665
0.309469573454209
0.26680099364071186
0.22185745744300805
0.32998383605100257
0.2815001262291971
0.2600587761907887
0.35626772566696663
0.3433987192040322
0.21683590324632068
0.16821175859064505
0.2860229445221315
0.30351924391656204
0.3198069667904324
0.22354562158933075
0.2758622893504835
0.25152574415828133
0.27631447230431194
0.3686685070190343
0.30152998335610415
0.2020851166703062
0.2519630859351456
0.29342483597080676
0.29019160204010763
0.2697296278437692
0.272760799985812
0.3513570952474182
0.2601195459505327
0.24900492393667284
0.25981626933179136
0.38659413497080014
0.2353545946487643
0.2282350758992107
0.3114811927627718
0.31715839112538585
0.25820667295669364
0.2839332866348068
0.22091905158153108
0.2949079425537278
0.2335196226325212
0.19732879271719797
0.2897651705889679
0.22309144665666847
0.2583187335263288
0.2689445453568506
0.25439341227241136
0.1864014133474673
0.2581801077812646
0.29186197661913454
0.3440820105239623
0.2504035099579705
0.25730994956825226
0.288882017419263
0.2977103085957123
0.3240410225177509
0.29278873913346243
0.22814149100092443
0.33569296929268233
0.1850637480106529
0.24107963592509687
0.22665599831412858
0.335286179689823
0.3091028600285586
0.25881118986586915
0.2977171638807693
0.2951657438853532
0.26762497780344935
0.3027175078884266
0.23355587646543688
0.32119599045585345
0.16697244168086411
0.32151682621375294
0.33715852540116087
0.35565792882509634
0.34361201773932765
0.20524256214967132
0.2703211971713602
0.2572906244127844
0.2926925258401886
0.2695670157471265
0.23315679667333455
0.37610453494584956
0.28326996732729964
0.2558157617084581
0.2549276088219411
0.32667005974965846
0.2667882012490146
0.3195081169492008
0.23052917702187697
0.3609899102271467
0.3405066633554511
0.272717553741765
0.29541495145541075
0.33833700000792616
0.28296652226964314
0.3122455167278688
0.2869363972808461
0.3263240843803751
0.28009425859316894
0.4323991778375739
0.38064893239547315
0.3452071146960864
0.35374019596980294
0.2552855041048107
0.21812396768285605
0.2857723832568351
0.1736769883586679
0.2863124511655786
0.2869655728462687
0.23727052612070582
0.24323989281477643
0.2375185148559528
0.31341264133145436
0.23761752781325057
0.18870395307175522
0.30758428613213584
0.2639259794659108
0.34226521147827904
0.2940902823292894
0.24499506055146836
0.2753393493897424
0.28241125084138907
0.28368473037607306
0.3327280648146497
0.3164741245730501
0.3057220116655158
0.2899610608290601
0.2862249492403589
0.3177524773978562
0.31359412685275834
0.31746660715462677
0.2512932075363441
0.26975852319898264
0.17127601716355054
0.25372383165421253
0.2399623271670894
0.31056304910614513
0.2523717171229601
0.30901632152372815
0.30516909310419493
0.2848335176118234
0.32566208191344664
0.29902912164173473
0.29605621577672864
0.2640044169850832
0.37350191586856063
0.298395357840874
0.2808339730018478
0.27708175332066937
0.2272110682693557
0.29437831390147473
0.3004129853848325
0.2518722785954601
0.30580117587526573
0.3594874653738104
0.2845556649484236
0.30798854531356246
0.3345739283801056
0.2462880035061994
0.28582105310155365
0.1899240892405117
0.2686250850237151
0.33438690318514286
0.24936050396148113
0.2808230907943515
0.2732825709075407
0.24308732534384508
0.3090876819083869
0.2751857380567449
0.25369794798110806
0.2078696876607188
0.30610143172391996
0.3332408070586222
0.2941810704073057
0.2884343460545682
0.27328994097200804
0.3342283311435216
0.3802808239535835
0.26593832382310867
0.2548448761148628
0.42972961407271365
0.2734191783750581
0.2547164333892305
0.3609563287580963
0.42478865800928134
0.34014794337589593
0.2858275586741704
0.30087722369716535
0.2909830502264128
0.2905918278848825
0.32888354666127334
0.3290848139067428
0.38949865536292705
0.27593729485422536
0.2547328886528493
0.34533949913936
0.2745240843034938
0.3000850747359887
0.3277745144563109
0.3069114611124888
0.23171375568300612
0.2150662211816813
0.3007548950401031
0.3139285634105929
0.3117435906321834
0.2893426087451942
0.39539666675757246
0.280605177293596
0.2762333004183109
0.23153893967867217
0.3357280365060359
0.26987258665494246
0.3029960388987889
0.3064566680615538
0.3858188816890948
0.2802271601862597
0.2545584412271571
0.2670448523410916
0.26464755052808997
0.3063128688632981
0.33771426285318723
0.25781024939486585
0.22719047928896524
0.31499584300671396
0.3940357958732305
0.22719537707201928
0.26660000553156205
0.37315504682893913
0.263265250460205
0.2571993837212568
0.3418094239822545
0.3136288936134628
0.32858455761288036
0.28646614910908497
0.35047528425468544
0.31500843905739034
0.27964766747442704
0.26691914635556535
0.2973681079224707
0.26614401521459785
0.3158526992564063
0.2816179017844845
0.25783639598072633
0.3088111765116229
0.3197519209105716
0.36275611806801306
0.28033271913625146
0.3260644257152236
0.3292700782467322
0.22895681475338323
0.3428287274577653
0.24823407392454913
0.3402830498402031
0.317491674588718
0.3053543262039581
0.26117894441453493
0.27959822791856737
0.29969566407198345
0.31367172737598203
0.2842806844236715
0.3545847730541744
0.3741673843884442
0.23781221515976309
0.15442695839308193
0.24586639057678406
0.31942934189502004
0.4398761334015556
0.26058549796471075
0.18281582742250022
0.23537754024423754
0.30550223498538576
0.29051797331871687
0.3847793245161679
0.3452283005425381
0.2658223893129116
0.22992072902573052
0.30579925747150155
0.41197257072637483
0.1538269807270139
0.28425524608197367
0.2796037769337482
0.32471904882594277
0.2882808030276842
0.2103567657475543
0.2710186312020617
0.2866479284435356
0.34168233536179504
0.24923509711268985
0.35772727552729455
0.2758292614207854
0.27872228370481217
0.32592477228249467
0.2770323444424312
0.27440737039551133
0.28744521038093035
0.2693574300841457
0.2511011285209301
0.2629717037914752
0.24873172991639894
0.30975209577686785
0.35559557624291
0.3076896143897767
0.29227982128794044
0.24480627866813245
0.29410983304680205
0.1899935813595029
0.26973064504708516
0.1463490886049912
0.2705949570108695
0.33228403393711564
0.23618464628930066
0.33416623840952603
0.2979982766559109
0.2876799269049278
0.31436559310083495
0.30892016633858616
0.3242447221528671
0.3565283545101086
0.2566510285608288
0.26411756452408974
0.2541565238943584
0.22903234708220624
0.2804503727730478
0.2475954545257423
0.2739314845512541
0.2085906574321515
0.2824961705143839
0.2579790160020991
0.3131724796477078
0.3163159173319579
0.4386882694772534
0.2845911026309417
0.3446333301121402
0.33483321438212266
0.2914914068056394
0.2295719071028784
0.2737334996216904
0.26932952531389914
0.24165512322360272
0.2887407786698627
0.30134662198768664
0.2976379381778123
0.26412329451392347
0.3629738786869762
0.2743605779293854
0.2755570732038265
0.315760077536553
0.3234572243414957
0.29802392544465306
0.2500107190627949
0.29645860734627716
0.3511006553908663
0.29777172674605773
0.22042377486221196
0.3255099444202917
0.3068908917428434
0.3354263284901998
0.3141174940091289
0.28196864108593356
0.28216543910826714
0.32880146630870366
0.24199628275373025
0.32757347996877134
0.34550240251860587
0.3737556273704039
0.2863694919633811
0.31618590513963346
0.29982471952443474
0.3129386851306563
0.25949299490003974
0.26509550899521683
0.3020342441941452
0.3306694900722766
0.2744000064607077
0.3167636836810625
0.3142181271020711
0.22280960894465254
0.2717465628595652
0.286247772131998
0.3244533570094328
0.27683693653834024
0.2676497597036451
0.26398832023519375
0.33182826778276603
0.266194201715242
0.26490505124626396
0.3287436022591511
0.2689510660861933
0.2912216251842643
0.2547363573057918
0.10998844848167237
0.317360698211302
0.28346961156207573
0.335452073209958
0.19212557003796163
0.1593623995035573
0.3153279310933331
0.2439835182003433
0.2714769555046024
0.31067100866044617
0.2380440903216393
0.30724205600062926
0.28681386522823976
0.3366193794916278
0.25685971016055875
0.3110411922114447
0.29174636430712353
0.32585789242820307
0.2949807329694679
0.27412968601979626
0.23715788678463107
0.26093853243446996
0.33672112886291733
0.303224961420036
0.25811906933565
0.3251157946024002
0.331836662080295
0.28481289283373873
0.1750756433593663
0.2654471890005026
0.2992131207038739
0.3697725839595743
0.2950902994829922
0.3163094137587592
0.2660976793614273
0.25735181193522333
0.2998249065823789
0.2627948760526297
0.22135322220984416
0.2478381036204423
0.30421000697633355
0.2897474487111711
0.3192418942399079
0.27721608960938443
0.3331092305837735
0.20257471959534257
0.2582903285634575
0.3732142200756331
0.3569158705495758
0.2088926732932708
0.30064372968003134
0.31314061738642557
0.26872268104131874
0.2961106325858545
0.38606945636945683
0.3047471431467782
0.26958888335621756
0.2420144408086374
0.2664249517042032
0.2462805596148433
0.4131884256828866
0.2722758330291092
0.28543409518856006
0.35160100783241033
0.2650799854488543
0.31231028377376174
0.28452634999065946
0.40685925816421487
0.32098872172667897
0.31667957765335886
0.3236201554116376
0.3758339957449567
0.37847846655300693
0.27594621022299387
0.23486367266281075
0.3306660003761401
0.2721030403890353
0.3153825114583026
0.2806396357517568
0.25404197382852506
0.34322119626555103
0.30457503847965384
0.31808872766548835
0.2716778685611472
0.27149078282322586
0.311670723609242
0.38079027610944516
0.2641480046531754
0.24570306653903412
0.25803440183727266
0.32570713837733967
0.3267736721372656
0.2898050986777816
0.23455878371660205
0.27184787030990465
0.2436910071898319
0.30337275497620053
0.3470489804098441
0.27608731915957696
0.23522151906724073
0.28460223168130405
0.29587588727975256
0.23400577459995936
0.2602878933898555
0.30642612711402484
0.35977222282143356
0.2468964476889537
0.20383071301210814
0.3661257444628252
0.31736371658374113
0.26934484481963034
0.2610951383284054
0.2530655052312315
0.3027892155324511
0.1684387264356878
0.24530765529869106
0.28903168595801226
0.3152984615916329
0.2287695487074958
0.30908272680441684
0.3278403201987275
0.279723648946853
0.22988384869152406
0.31000985127372854
0.3026526147849691
0.35279311181503403
0.24582888846837347
0.2556382720101056
0.28308901758351157
0.36053494126701424
0.22501027343581398
0.2954164947117988
0.2858161462191533
0.2550881199224682
0.2913665714184398
0.2802905150248938
0.3242499018349995
0.41939576401704076
0.3563909354605334
0.40910888048327176
0.3130191593884431
0.322709319762577
0.34389089797929095
0.29167667259462365
0.24983364958258483
0.322069164878463
0.3287133130563172
0.19270674598111526
0.2997840162549467
0.39690526575598356
0.3647655733930604
0.28702437748862564
0.30315007784289294
0.2808278044605522
0.2558819900490271
0.2815335647004485
0.2609665819141601
0.2295549563402668
0.33124393111701267
0.2472170998578128
0.2472513523464807
0.2762041258744884
0.28465425845545556
0.22551564514236083
0.26147503989902965
0.18118647225755813
0.31482096150506117
0.3410117216748095
0.35016235664518514
0.3018612163953304
0.34457347393916693
0.45858222833514295
0.38844005433297807
0.25306393564721114
0.2577475644995181
0.27140985461812406
0.3003673052220785
0.32089078381353814
0.18907229528000796
0.28162673937513194
0.28989475821358357
0.23554493676689783
0.27639609875891535
0.2071466615126156
0.2752102158224756
0.2760082879199006
0.38853216069349644
0.19841102999520846
0.27117560619832903
0.5173848732613859
0.3377128586221053
0.2602318271035104
0.32927373377515756
0.295713186917548
0.3642066396739103
0.3142119262903743
0.38114056172062355
0.2666661717659203
0.2944151727200744
0.20554190438153652
0.29224489060770037
0.2896218135009304
0.31210565774066196
0.30066191710562423
0.2730648991462269
0.2754247606749543
0.32953304965208435
0.26791381213130244
0.22822248252557822
0.24394814590826783
0.2656264247773636
0.30875258799834554
0.3411063638327482
0.2711996823115939
0.36908245819978724
0.2861222422690478
0.3439735029235561
0.30464772983465277
0.3003524575163276
0.2791782968967174
0.2589402397056994
0.2442129175824678
0.2599246270764779
0.34298131937079934
0.318711784940347
0.29022683978389074
0.26445394253943405
0.316815961037996
0.26298784362919597
0.21254104639012425
0.2660426029939188
0.21543840676661102
0.30190871470414776
0.36660538004581583
0.283853925638395
0.23200345723344123
0.26161856764136965
0.26676007189066536
0.21373871084993035
0.28962956279604274
0.351134466856587
0.22340498931515487
0.27316165483661387
0.30254837247349187
0.3339243649888138
0.3050121742310496
0.24956653847281562
0.2838592761886539
0.2905047261992755
0.2516434760744396
0.3073046903895542
0.3417984185275127
0.268927453265215
0.2703473989148662
0.27910802594981426
0.31861008594365703
0.2430253409654098
0.31007136708051547
0.2982690802287209
0.23521740644782807
0.13569362972986507
0.31385784949548395
0.2792528288870035
0.2402241207443167
0.3450605701377752
0.30565975885087815
0.30608100254048565
0.36810757988794474
0.26968691202977657
0.31323785440273755
0.2892620529534246
0.29265099906015885
0.30070122425083645
0.3057412526235039
0.2991770809910039
0.27833597085332634
0.42716882641406984
0.31171211180372116
0.1916347500650722
0.2510824679288289
0.32495675376114297
0.3142640534560679
0.2519506344268974
0.19642245410680667
0.2679121135013461
0.23161953684915107
0.3150284704499581
0.30547053420333936
0.3476805520678071
0.33075662019618035
0.33207264464264574
0.3098299669653085
0.21491619012120916
0.28128417502222736
0.2922781213632921
0.24268842309587077
0.3329807485410479
0.3553182754951378
0.4026686668106876
0.25413565275497285
0.2542211970781083
0.33012612271014097
0.23280680279024332
0.23230996124076023
0.2986741242582514
0.22063288330371159
0.2820451438189083
0.32397756424972296
0.17401630866372758
0.3280377293114161
0.19699573167039985
0.3475927824536721
0.3036352706649885
0.30130934619568467
0.29912066831154327
0.2860818736969356
0.31594797979952155
0.23812392750155786
0.26131070997285566
0.328126275694419
0.3103886040457271
0.27907269533428
0.4194694103255239
0.30590372740252325
0.24279634774503392
0.26666788129539254
0.3139272449539699
0.4117193221534162
0.2952533811512626
0.33631270789650597
0.323216105593635
0.2913132565166433
0.3033871695251036
0.2056809320111515
0.3789756514983504
0.3481614912996733
0.3284698963705246
0.09424058732940231
0.32780343783194027
0.24079397946473177
0.3547743147138761
0.3242574553701526
0.36349585072223506
0.2773125597159645
0.28905721088529435
0.3419634215348905
0.2904339813895438
0.30036313909328977
0.2815012843732366
0.2922103185467297
0.15188728524334502
0.3210865998582199
0.318227117454883
0.305038636197168
0.28532957644577567
0.3147775667756045
0.3227050976285292
0.26607206896736096
0.3116467431381741
0.19044614379613659
0.35930745731829944
0.24097934678638255
0.31543166101261716
0.3564041869056983
0.22690114214922721
0.3029357120822789
0.2959443670250079
0.27728873568548235
0.3042766374703451
0.24446101567219805
0.23542945685339134
0.2654644071906754
0.22603432503404375
0.3258830549185938
0.30472245377773516
0.23079782563962853
0.22578768089412293
0.29261705257671305
0.3335083575469877
0.2783074033684685
0.3339805535514125
0.2636290406878591
0.28415607144371563
0.32954513818211073
0.2832754004371005
0.2542819378601695
0.30155456477952003
0.36634377126481443
0.2574520092366888
0.2552317519839245
0.29751627757529747
0.25741666825250387
0.30449764075214014
0.35383367709287206
0.27431567841744847
0.30317879110092705
0.36100961333691106
0.3473127208430265
0.3129830129337545
0.2532695377272728
0.30968912701054263
0.22295937572118554
0.291869063942509
0.2561500532082569
0.33804792621287627
0.34874728476671385
0.3207431674106288
0.28934436372120526
0.2676016788516146
0.30982720183576173
0.291361094823835
0.22688740600379467
0.3505520542670204
0.17661495998529503
0.2754730252458964
0.22320712178264657
0.26805253329553613
0.3403248911264876
0.3743815458816382
0.15155483199046882
0.33025397764517883
0.2542143797362888
0.3074314753822225
0.21183107421698674
0.30922815066055176
0.2584448914898996
0.34225429181923794
0.276255873118574
0.2914180357499785
0.31765768608980816
0.31643673573764447
0.29627731439062555
0.2652528584012932
0.31318993425230085
0.2807349062365134
0.2921136195367952
0.26695293640548107
0.28725381469283334
0.3340837721004137
0.2584167350459836
0.3389886468510485
0.31146532831080664
0.33844342329293176
0.30934875033389714
0.32500257467838856
0.2765835573776629
0.2632219318291964
0.26366162668445947
0.35926594222113784
0.28901336826769836
0.28051221004494614
0.27647978337552587
0.26542219257909155
0.24848312234023273
0.23571478675591204
0.32345622270139607
0.24844534001473653
0.3781475005653945
0.25486691851261895
0.2806269813119868
0.38182638695705357
0.36161452220338713
0.3107209078043809
0.2724308522025017
0.2378999504691337
0.2900790547710322
0.34149634153189723
0.32217921159835594
0.3521807405885564
0.2819400487460652
0.3049579011547951
0.3019107605066158
0.3384147151570725
0.44764147684655864
0.21929912260972476
0.329452497166506
0.3475960219752717
0.21539055112050803
0.3614758207946845
0.27797119816037225
0.268055167269179
0.2987673640238287
0.257518888288419
0.32717550321818145
0.2567261089631003
0.27843275851272214
0.2925896784169423
0.19628689337918492
0.3136510394239541
0.25426131185145484
0.24043550463436839
0.39272633994531936
0.27235689061052715
0.24510671341063253
0.328197578996622
0.31345480820099436
0.3508522098594061
0.25783053461346334
0.23237275620866538
0.27770625422145345
0.2641515374498931
0.2676469053168341
0.17363192891330625
0.22845955345353988
0.25739188132718593
0.24896324011899693
0.35945619693743364
0.27913785275793096
0.2032390684945849
0.34213765570534754
0.3164636173551011
0.3280945965851062
0.3349643987302324
0.36005192616335496
0.2879600872736306
0.3003019531945851
0.3247819877693068
0.2834220086527631
0.29160882226281976
0.3104989767623088
0.35721431598568365
0.26944532255194303
0.26732281101399274
0.27401430168348573
0.3522942193353541
0.25799401177412024
0.2864436389274063
0.22754163003207206
0.29848730891048725
0.2490027768177654
0.2624058656081128
0.20328228295700537
0.2527667451106988
0.3409020857797585
0.2636669353576957
0.35560966321420506
0.23559829356319764
0.34660998490218425
0.3309907614328507
0.32625980381403985
0.2508743940594048
0.25831672273423734
0.2773268688270497
0.29275587309464873
0.2938443060472146
0.30273574212436843
0.29247437905720564
0.2889560435582431
0.28983661707662567
0.27232814119994075
0.2964787315041948
0.27349419252456464
0.3330384564923873
0.30607621392873985
0.28160539963064596
0.2976074130745069
0.2966026679061352
0.2837469518016943
0.28828451372290886
0.2626536508098422
0.2726961918001916
0.2043798581457569
0.29884892402350344
0.2965299775555055
0.29081170864662387
0.26901937240660717
0.23535999434405447
0.2935042769715097
0.2556680934678785
0.20008613242260379
0.3121874409497497
0.24948743553779623
0.26022399058471035
0.24910055814257526
0.3230191556158927
0.26185112576031716
0.34358405794987823
0.19627598008142677
0.29131518662049755
0.22463395770283928
0.2688882412354972
0.23952617191968437
0.34671148538944024
0.2675808312908618
0.28051434379653106
0.35058673434814763
0.2963673640080085
0.3802560322784776
0.30148507838539795
0.3047504125891024
0.2672790951421181
0.2960184876581545
0.26387922107722656
0.3019074916373883
0.3064051672559973
0.2658349518545211
0.3059092945626561
0.3143734238609719
0.27362452154356737
0.27184135620844635
0.3102538356724376
0.24470304880835905
0.28659191136502654
0.2750721631869427
0.3017969276812395
0.30159224602217544
0.2619816263018069
0.30729321504842316
0.257160891828644
0.30463343730440673
0.2899574769798012
0.24118993369262892
0.23537986638594735
0.38580504789092557
0.3959018366594356
0.2846551864999241
0.37246340777275694
0.2601542736382914
0.31452172999615496
0.2550377483018681
0.2693560055963729
0.25623009124637364
0.242272898204007
0.2694951405205857
0.2760909593050461
0.32293465198208593
0.32383115296344783
0.22253536751560224
0.33671611191954715
0.34014971665833427
0.371469042247836
0.33198880970285904
0.29002822698944236
0.3019330796284097
0.30050768316551535
0.33092116558533524
0.3078758023651662
0.31932377759479336
0.44340634419667907
0.2333378049737745
0.20885592180525894
0.30369291495789086
0.2407177820692495
0.38501182042283627
0.2754780926649462
0.2722040206331681
0.29262292750315405
0.33454082809038116
0.25963405415647994
0.3463556714659082
0.31583027010774933
0.3444672205169638
0.26681387938502427
0.227372249021424
0.32256597136570037
0.251748710692412
0.2541694985780874
0.36330370844983445
0.14302167284341213
0.3279120368504359
0.30967645460386206
0.3074736793506528
0.29055001875535075
0.3169576105356712
0.3203372485533677
0.2416451088022766
0.20213133259988741
0.27669314861728345
0.29990113401352586
0.34234063040689233
0.4546113730525458
0.28116492997172265
0.3041749606818186
0.25172405059577907
0.3038109510356052
0.33158086726762714
0.27813553372856664
0.30061582459916675
0.31465394355952575
0.3558072371121429
0.29690550670045207
0.2811764709952262
0.2707527661073117
0.2894732855133788
0.3109663682898532
0.28424718578007996
0.28048091766981575
0.280107451712962
0.33689098839514164
0.32674463513600166
0.2658584470870944
0.24665500522433403
0.2583167232478068
0.28099023044486016
0.3047707616242958
0.38253605819756126
0.25952275236333694
0.23020215903480373
0.34988896511951895
0.2266448235722645
0.37696526898001476
0.31914245945611447
0.21561197984071576
0.2334860748239402
