0.31368101201982523
0.31069625877922613
0.30289655324091397
0.2860425014880951
0.26473814391368516
0.26234013725488425
0.15467779581078053
0.24765369758281486
0.27227972919772736
0.2504508945379818
0.2601278361569874
0.27446399310524705
0.2491756041775447
0.2343308146368028
0.29209131217914647
0.29155384714379146
0.2421216060209783
0.32752383738310115
0.30782395243313193
0.33798448502153783
0.2829753042978138
0.3161588898629397
0.3275276327597055
0.31815513176076443
0.28604921055041027
0.2786327755890571
0.2552941943099485
0.3353982375198236
0.31528525371371774
0.3674214174107811
0.2623196336951627
0.21741587630682901
0.3158880488687818
0.3175422419091669
0.27697984273356985
0.31690718142176055
0.2576809737255427
0.268107807451235
0.3227935396478667
0.25450591280544516
0.2373133420135856
0.24537729775687278
0.24705819377354002
0.17788906374730534
0.2915099520460719
0.2561777719347779
0.34954717954731473
0.2996461848269447
0.27325279860793283
0.23538733987925486
0.3523628483838571
0.27079963736736895
0.3093899267878933
0.3063270013294059
0.33488727055188866
0.283177218109133
0.2614201649049141
0.27466467238549663
0.20388529071315292
0.3072586677561227
0.3282142920554444
0.34647215485316607
0.31563654070861474
0.30343169206148063
0.27043516237995424
0.2773217433327872
0.34145301590941296
0.3318681881025573
0.34241095016735257
0.3864734307212625
0.3544841847460814
0.335217887744486
0.22475035978824248
0.30819106101008187
0.276791938678474
0.35798093120692526
0.3422510412393683
0.25939276460694777
0.29120170044367294
0.3319699166291752
0.31181186107125985
0.381765211986804
0.2679386386141628
0.2976144870451645
0.31376679290221765
0.23142047978382305
0.28941325818177327
0.37472935462862916
0.25830983166129035
0.3427609146981469
0.27457594413621317
0.30262606104736023
0.2764729579187127
0.25538461409864655
0.2732681557519933
0.2521945947759757
0.2825953054412593
0.2716182600122404
0.2877095791377671
0.3298095054394005
0.35708822836047777
0.2829487851213374
0.19807121017321627
0.3248558095998588
0.2649023043700259
0.3206904154697572
0.25603821488523604
0.3331234355027199
0.2616159943780856
0.2583655496797422
0.3160711582361404
0.2496246940865333
0.24515306910149506
0.3264824243009127
0.26060101560866494
0.34588933252585274
0.21463617523666026
0.32615779741341316
0.27705894586056684
0.33543233349634477
0.24873866241134998
0.22526971051548697
0.2961762108462692
0.26602973997583196
0.2820155776191112
0.34953524211463494
0.3582079821941809
0.29330939168724485
0.2911792792187824
0.22998133174513924
0.3178036709736043
0.19600540510449205
0.3176028692800052
0.3095555335679449
0.33304945915402384
0.2582796030965956
0.2563680493285393
0.2640136248498526
0.3041399906740308
0.26742132358265946
0.2560752824183582
0.317136759930091
0.2623065631253738
0.3290017361862926
0.40836870457803653
0.3003104122120426
0.2819576680602465
0.30378286186582293
0.18426092775410774
0.318970499459549
0.36347849665337995
0.2686169442704412
0.22892355256581293
0.23531777270883697
0.3290562076233743
0.2735988914286585
0.29821596852919513
0.2678561036089314
0.27764788065331
0.3513610169494818
0.3108244551016561
0.21189688730388614
0.3103050793196724
0.2930525847126927
0.29150738609595644
0.3290283330310407
0.3043466723757749
0.20537553901461655
0.23167116460488735
0.2689098949013362
0.19908569233585627
0.30647920348297747
0.3227621440993568
0.30650971710131764
0.26333257236650753
0.29977720423136656
0.3508522846631613
0.3250804615971226
0.3173087562274731
0.2773161605731943
0.31815264064444143
0.3315198524722578
0.30671937294046464
0.30617665854466464
0.2558823870544962
0.30458479049020754
0.3232078424800737
0.27761713618592015
0.25988042672824024
0.2830140798666784
0.286969610480659
0.24258203425583033
0.19195226960011028
0.2883956823403179
0.249545582162667
0.2947044931754205
0.22846514753454172
0.27995800527809755
0.2417699367879521
0.2970142440355628
0.3014221679304328
0.2654245143050366
0.29373706962995083
0.2946562214695334
0.3182792004480628
0.31415356695384594
0.3670345161878512
0.36858565334212395
0.2980533504895145
0.3132129014179206
0.31473567833925287
0.3812833607693305
0.28200278023943187
0.25887820684811447
0.19316982828608278
0.28122248868858457
0.23460987399486136
0.31441442362977506
0.25952820508011576
0.31833435073264255
0.25153300922805044
0.4235195094788679
0.1764564420275215
0.2665894867577796
0.30393193122976303
0.3245993702463531
0.2978358829969851
0.31116713099892795
0.3425587000826427
0.3033431326593521
0.3131955677479595
0.40014883615293834
0.3370715727436178
0.3027488704519912
0.29601898126376036
0.3282084956608325
0.3108165489689845
0.26972662406788284
0.34393030122913265
0.20619650312743215
0.4224439884471832
0.32225255190835816
0.267406314497011
0.2737512368218899
0.35596252016257396
0.42572923197665213
0.31564267118590666
0.4450001253778525
0.2536463117494829
0.3302827067432637
0.31056560271982986
0.3040979094604915
0.23071070542142963
0.2602938730371298
0.3063096594580054
0.2893913804365735
0.34528495364076706
0.31471064340403787
0.43568378027378346
0.23813690390976106
0.3831986673680888
0.33762552771040144
0.38619542806599794
0.2176649355044837
0.28726846550195656
0.33420721135063497
0.4392824797092563
0.24326876170412853
0.26145772164957476
0.3535202236116612
0.3478228629324469
0.22024599420569047
0.2660406482813189
0.2823806168369633
0.27326845403507793
0.2795338392517599
0.26430748791245245
0.20822003727233546
0.2281342279443007
0.3064850526442045
0.33099050667427443
0.3161920390133586
0.27614235418126354
0.31557906454270584
0.22600251175450975
0.30630565219542094
0.2847358455873692
0.33904981420636315
0.2655481851293053
0.25851648332360744
0.2686748623688459
0.235564847567768
0.24811247755697052
0.30488446375511163
0.32454268362953526
0.2668265551657754
0.2748792612452576
0.28336181692673196
0.3261255771950768
0.3363198094526749
0.27917879530069023
0.2713090368282865
0.23688525429633359
0.301843250577266
0.274644578187334
0.3214558335120189
0.28323823522357355
0.289111276364872
0.2510657478149902
0.17539585740741997
0.24735161511939735
0.2513217658933554
0.3527876782461782
0.23518487023747844
0.30607041535204615
0.3115120948283247
0.19305888837107515
0.36576339383577383
0.30009019599553044
0.3324675684706668
0.36029592510585
0.2938485969722473
0.2419931085324967
0.30291561071029693
0.2833128915993908
0.29292329601257366
0.29364427897878387
0.25709143502446746
0.37304853134312554
0.3412630700784958
0.18481269804675776
0.2552164600391401
0.27009944056300395
0.36695334716915917
0.18462048045728793
0.28750068054432065
0.2903000669958865
0.17306209081614665
0.26732249217932047
0.3327433397109861
0.29625834129477413
0.24843551690579907
0.25844474315179833
0.27615184004099025
0.3012888755390127
0.17010501401520484
0.2706227571822762
0.2641232121355543
0.29966551654582146
0.27630424678228493
0.4114443665324794
0.33960211260154854
0.2857937396265562
0.3119040915046793
0.27952557401975203
0.3137308561941776
0.25270737775665225
0.24915968318956147
0.2831500569767015
0.3082103919147023
0.2803831484540101
0.3064373780908669
0.3459039244372216
0.23774348454317562
0.33651126457262287
0.2551120568343636
0.30654106321261004
0.3359068358955707
0.3016582212437105
0.2455989303441186
0.2927353141057151
0.2745013225274364
0.3028998264982293
0.2599279289258074
0.2999662626161471
0.3192048199828719
0.3134097520505997
0.23333022811842644
0.35866944534315687
0.2708633803012492
0.2626837018204598
0.34433668957558533
0.312534442289895
0.271851012292804
0.2655077480658339
0.2960632109928704
0.3717158088020262
0.2663616996293366
0.32052843672655223
0.2598358738059651
0.25942918676703597
0.25289884355916464
0.2703767333097717
0.3804613708475253
0.30620659223600477
0.2654971164722579
0.42185938572443754
0.3266726293865088
0.26680844438364265
0.29969826044051173
0.3054037021421491
0.2313969753929092
0.2924991918201868
0.2974736506770261
0.36045996471563907
0.31647780730955344
0.2898318288459465
0.3059965448717699
0.36497403318070043
0.22185537745029923
0.2305909941990512
0.2825323755918256
0.3376262848519181
0.27636818808007807
0.24834858834891832
0.28396558345234885
0.3276598841960637
0.3062153043569214
0.3143099137412687
0.27937630228282545
0.31480656203389723
0.23062522040312264
0.27958810109510734
0.30353980046415235
0.31314588014775685
0.34020774723025393
0.3413384439773783
0.28624578501276926
0.29732921516087857
0.2218956820699696
0.2623490595483827
0.2884848011901913
0.2492332202133531
0.30855828965414794
0.29169909981597036
0.2930857973073661
0.24264248526573765
0.2472312775925269
0.31025380536435243
0.255049589163762
0.3351193614819173
0.16159040262654567
0.2713088608378416
0.2982722625649766
0.3375888997575899
0.286926820124755
0.27095059779524644
0.35104381419547587
0.28304899492797614
0.19277245079834335
0.3193688279765434
0.3339532397834933
0.2910268534498621
0.26103697925391656
0.33997706595587596
0.26721689615779803
0.30663291068886617
0.2514027109589076
0.21260337202034899
0.32012814519150495
0.3201846399825473
0.32389042694993325
0.2576068944524625
0.2961666631604353
0.2594257875903322
0.32218425985098015
0.31101761882945317
0.30464466504272664
0.38682877871048443
0.22896627216823304
0.23784736932373687
0.40333313733050224
0.3375671217806112
0.32624975444588034
0.2766976379816643
0.34315359547471996
0.22837392800158626
0.33905371875769846
0.3577362168647114
0.23777083921204697
0.3950878390785037
0.33261471755821
0.3252774861231937
0.2979297423874728
0.3834801175605726
0.21688878406079506
0.20805415488155976
0.30877039527222483
0.30499876588298797
0.21646729402188536
0.3104345294179582
0.329436337534457
0.3571132816485319
0.22877895857767297
0.27838002693775904
0.32838763870270266
0.3634578105796776
0.38510919209318617
0.296499155636668
0.3517034908746024
0.15848855961232855
0.2862134403201114
0.2940215792005206
0.2904450688827285
0.302333239757602
0.33354638565061046
0.27536952813669135
0.2918872953853527
0.31078183381115765
0.2889534941130319
0.28947858231840934
0.29147793363986163
0.2036629974068154
0.31917882942891407
0.25724401727325025
0.27849627117128384
0.2802495471168915
0.31819964368647535
0.2746377791041418
0.28021098589656657
0.3339648980045345
0.2396704437681822
0.3075578625609027
0.2922779599877151
0.2611509186251465
0.2634359644157596
0.1944109942323717
0.3491655609894196
0.24363330131961766
0.28296194471156133
0.30670031345043564
0.35105986904658193
0.26206411199487173
0.34742639536109
0.3020880513914086
0.2880898446706779
0.2899510194911938
0.15594882849199732
0.2683646408918276
0.3465017148895934
0.24646269550633032
0.29362210435452085
0.2650718977695564
0.2641084511453385
0.28937517447041816
0.22280734212352893
0.2601797664498975
0.31552743878687994
0.233949196558601
0.429485277397933
0.2881968628059384
0.2932729446437444
0.2739956460322066
0.2726312363458787
0.28719579602383855
0.28161236718110927
0.17068466523609402
0.2695204278082461
0.33594110238219116
0.3181857446480334
0.30795097502059326
0.30531144868168275
0.32461680520084013
0.32427947592743467
0.29904000689930665
0.20117332886798084
0.27511209503613704
0.2667514612282065
0.28444950758444454
0.13726164742220548
0.25057908762358516
0.3079762536544233
0.249401151742635
0.2735193404006012
0.30662705826193726
0.3537461561179202
0.2919711149610407
0.3479593575969606
0.3013729236799753
0.27703332291640564
0.4212184676301875
0.25977672999315093
0.18314694750052682
0.3063400338173456
0.31877905357650066
0.25475288194813384
0.2771881238366009
0.25603000391737635
0.27693270909239825
0.30015547102950396
0.27910361076331625
0.2617595435584371
0.26131577367746534
0.4001211501864231
0.30399315997137183
0.3285747366495447
0.2681302997208847
0.2759856342261788
0.30399877842424317
0.33647360566024104
0.31810223760695633
0.26599660215716264
0.24715373990765435
0.34529327388198006
0.2594834485883913
0.3047737936775417
0.25819459792304666
0.23878008311671858
0.2959177941687927
0.2995354152834446
0.3432450821771301
0.2663299476465615
0.22996491043482803
0.22894037470029546
0.31710464321493764
0.26871311261755465
0.2482266609478975
0.2665243945990747
0.27950394479443424
0.28240115500316426
0.25682476785261893
0.30238733985772487
0.2869423180243432
0.2028841401621929
0.33110869153446937
0.25948813351685657
0.32611959949044095
0.3157018226432605
0.24999005081935657
0.3274128540739282
0.30497487412782887
0.27176384690712113
0.28337154122465075
0.3467680083591818
0.3136787980093955
0.21818547589437762
0.24707520620588236
0.3230514732491591
0.3135838654632541
0.3012399731129483
0.24469424380603946
0.25958275860153984
0.23568248244937728
0.37487790329848536
0.339758558395467
0.2838244582186645
0.2731664271363837
0.2979023641516826
0.3156038486093564
0.32842490143781417
0.24320479842673096
0.314491639948246
0.2716876537004228
0.27311311941917876
0.272316678363782
0.3389883913289291
0.377538883257992
0.30715439804643807
0.3267901436944508
0.29361846850215173
0.25576394276935155
0.19869721477852226
0.2857203592188406
0.31329245020812013
0.32502172185935624
0.31949889391597375
0.35309107821590435
0.22078921936813473
0.31681261927079807
0.2989407875620377
0.31346359959309056
0.3039473163413522
0.2955890520239455
0.32578910613825124
0.276813681505699
0.2831898720771203
0.33316833784083594
0.3032928199341871
0.37473074896714476
0.2730795382350526
0.263167296648377
0.34848438081243815
0.30321333083227403
0.34494337102509215
0.34367779790822667
0.25909300619719855
0.24253411735066366
0.2233706157637109
0.30503401356868204
0.25831754267793755
0.26799725108533684
0.2585834747148546
0.2831881828339225
0.25299753985268975
0.28617581116984564
0.26129812691651133
0.4579181986960069
0.3363911614461004
0.29614720589853166
0.25691332444266074
0.2910712051353056
0.3366671598620687
0.23961259174017108
0.27723721077963004
0.3493333367235116
0.3616727408973463
0.27910280004739635
0.366251769067345
0.37280319726192845
0.2885529488720251
0.3517390050400731
0.3338858826671886
0.21061847660143657
0.22720277403068975
0.28692580426109116
0.24851861116751403
0.21187287380741868
0.22651321697996407
0.2638484339928949
0.21978393791238207
0.2923886584270009
0.2784964552818568
0.32106426968522117
0.29224111295428384
0.3025338964501835
0.2805353028065304
0.3283591777231412
0.33641986790878087
0.27556701569070596
0.19033925857123518
0.32851822338513104
0.21682428051088998
0.2565218164172363
0.2091403355729379
0.2862049913381932
0.30687108656186557
0.26929566671624305
0.31609899759107957
0.17557557689797756
0.3411319964833385
0.2259727390250153
0.27235250432688524
0.22863665769071484
0.3714200629378219
0.22493272355811536
0.2818830613633328
0.2793347756802441
0.2842736625520963
0.3230500104859228
0.32640795150988877
0.2695953239853118
0.3343032867833827
0.19351582213711221
0.2921324307192206
0.2652863967703286
0.34979218431036657
0.29947588933287966
0.2954665675101003
0.3290158098662835
0.2529532871016132
0.24834550468647856
0.2910571174495124
0.35430965453037166
0.23595898327886758
0.2418837034013397
0.29152570856507115
0.3788266152859521
0.41426118109624493
0.3619047330967674
0.27399395476152266
0.3012989704696951
0.20570926484192234
0.23157047439946646
0.2515814750517539
0.3086030108277173
0.29993085360386873
0.3377247092374681
0.35406339881317084
0.2756983009999038
0.2683265527855375
0.2923464806070475
0.2563842527845593
0.23553926612001488
0.20804562041712224
0.346767580734315
0.29231159427173203
0.28637485404435264
0.42898286568826954
0.3600413751572048
0.2990257469557298
0.30316778702717545
0.2855462837617417
0.2275656392065481
0.26005859192669967
0.257703789817521
0.23413461613122505
0.15003718040192096
0.25416872215931324
0.28198842149294584
0.28537307820561586
0.3024887239964759
0.31811572251185266
0.31138227389619083
0.2998607226972059
0.2843045708872638
0.33360434134833433
0.2694796101732749
0.15652615199424808
0.2665874382189873
0.3460037886356353
0.32549673944332463
0.23672902647849334
0.26739854327006113
0.2690288713405359
0.3268006062588122
0.3311521102224338
0.3399359578293239
0.32130777589986886
0.38277631331191725
0.2822055366232026
0.29038138133373875
0.2921732534464705
0.2763988729395738
0.30658353786211034
0.36496332805386567
0.3006623528777949
0.2319195456465009
0.23456922501363817
0.32214665059008396
0.2919721838234073
0.2536117536081588
0.26395601572972643
0.2560290908857088
0.2934664697813695
0.38139716501199217
0.3051852365677274
0.36530530044309706
0.23533398442126838
0.30894324515082555
0.3039189612492637
0.23056039063642572
0.3792307001254373
0.3204042733802822
0.281955366228084
0.37924489949788914
0.250462260144552
0.3144601140249039
0.2339915683498899
0.29002896961471175
0.26836916382014786
0.2521264752264797
0.32739022776018367
0.26182154888822656
0.23437477266645357
0.27545881242178566
0.2914665698753374
0.27848181002618627
0.37801122279964633
0.3259846031931573
0.34535493930165184
0.2978805440791673
0.42595839371921246
0.3904713789890067
0.29749936291791873
0.2831176595374772
0.31664122768424596
0.21692951399233315
0.32731222513725194
0.34741750429935164
0.33392101979741357
0.31395747960677334
0.28245509829068016
0.14697154206525836
0.33093618626264837
0.27122816277215217
0.17184925667133788
0.23033794920512335
0.29637919865150686
0.2692835464874253
0.28278147757196803
0.3771917735562205
0.28024361378408486
0.27953449684695547
0.27123697167077965
0.2807375499914015
0.22653374392626371
0.2957852419481032
0.26545492072120325
0.33784698520341383
0.20403806071153482
0.2653068057513931
0.26196362450134586
0.26404865498990954
0.39664632470366346
0.26839256883812074
0.2729974914256911
0.2663254080599524
0.2968487141998023
0.25563954764862873
0.30958367954849697
0.28864665323665906
0.3030142619789499
0.2458621051918325
0.3175826975358853
0.3573362810291173
0.257179284723309
0.2707269996994413
0.26658661523447413
0.36357952200727467
0.28196536504068215
0.41046609850482974
0.2598169403611657
0.30499075867891184
0.28712122241171345
0.27476607632802535
0.2305022458663942
0.2590511697586397
0.24442659283719037
0.2363145950736393
0.3185807064020634
0.32276174542884667
0.30980910787799765
0.356711566531388
0.37515276465605313
0.2907668575554248
0.28133657186717914
0.2834760110086741
0.27970728825824986
0.29643446780433164
0.22411025031171083
0.31164662510140745
0.2576754435843469
0.26585471336341776
0.25045008349603015
0.33122621446151573
0.29813643773258164
0.31817425801488175
0.29042851829507
0.2919352040922936
0.3366389210519967
0.3324686555453652
0.29372072289924467
0.2937380060159076
0.31373570829686814
0.3871232505568069
0.20301955145599826
0.4142008769832832
0.28307867629868744
0.28178324637324026
0.23089836087264326
0.27419825057947894
0.25551108515429266
0.2954517979512829
0.32959611423479207
0.2770781889244999
0.27222593993567074
0.2765207750512558
0.2975122300861713
0.3570938208389079
0.32181041020624135
0.28505976818697787
0.2385762887704781
0.25592178058753884
0.30907403355570134
0.2885726288055651
0.34403881392820224
0.2942014338633175
0.32063623305055683
0.2526101713702126
0.2935476253027497
0.2958444737804675
0.3962528198373282
0.2825017887580706
0.2917773110831299
0.31753413431500266
0.29092276293956004
0.3604829555246086
0.31504033302567813
0.2834552628660216
0.45075494409918243
0.24989664860582742
0.24538391194531367
0.26424521603124146
0.29808375505569185
0.23337774728649122
0.22572229542556752
0.287614027706526
0.3241930722988084
0.3035988266125991
0.2652219241143405
0.23872844448610875
0.2706206426495873
0.3680292477926518
0.2865076410330977
0.34222840744439853
0.25038307798758574
0.26630479177465705
0.29159379658290907
0.2702863465092622
0.24534948350713182
0.3057756336988739
0.2879899219227393
0.31467059361281097
0.2678934350187584
0.2795238904576126
0.30114952865619204
0.3564708251937919
0.30177196117380445
0.25077798478347535
0.24452868126247854
0.24826429903216896
0.31563407205963234
0.19996861237209004
0.29289273848826536
0.3139680057680289
0.3461276368668498
0.20984992010643352
0.3074681477432477
0.3163492001428375
0.1996138760287383
0.21462920872691246
0.3033258023346875
0.33042142558409154
0.22964959433235257
0.35459814574258314
0.2716386336968328
0.38701494200230235
0.267690949169967
0.3171514426637223
0.37273759922853716
0.34189123805539695
0.3024535614194412
0.23824885408565416
0.3125058919058361
0.3111498674366824
0.2899799421939972
0.24162411228577957
0.28707088834953465
0.18226727126519485
0.3426903601570082
0.288480290695534
0.28029642394397564
0.25912812726713774
0.30223060965262466
0.2520696052732325
0.2805633855214138
0.3320059601822241
0.32312427711084857
0.2669572752918636
0.25785438464254384
0.3482071697108809
0.27711585001038713
0.29362710938445424
0.259681190312917
0.30027632074204624
0.25362618374232193
0.3613492427373414
0.16898164449702474
0.2808380240452024
0.2514563917854364
0.3273202002661689
0.24293277991243298
0.2707046834716517
0.32064439261981253
0.2742366453405274
0.312692521538971
0.22524858173744314
0.30653347312545104
0.27257510079048414
0.30576594481815783
0.26845304119295826
0.28931246994924775
0.23456912643075106
0.19990442302727782
0.32750252478398406
0.2873476075049507
0.3342551423136031
0.3354324791809873
0.3043972464874552
0.19226941704706893
0.44148423555739164
0.14032816305694082
0.27080304890896584
0.345514622768362
0.23720424025062736
0.19848970301832555
0.27122120322582144
0.3916685143369388
0.33931131054817365
0.3357529093014506
0.2898352567342589
0.42351021479375056
0.2593427212777726
0.3002774845550799
0.35806158629083656
0.23757781866613753
0.3620000586279254
0.2707192004542754
0.3347701872802919
0.2862470487049057
0.27727448041651254
0.3536752160585788
0.24229200268121198
0.22883346994317516
0.2578092949242993
0.34329745252449384
0.39330101744983276
0.2703943679861978
0.3440773965458438
0.3478885165430317
0.23711629031763928
0.18802202246593575
0.23898072267687925
0.28017937494048184
0.33343665198659334
0.31605661047195066
0.26839140562002006
0.23477923056459635
0.274096134362707
0.21605068994447998
0.2649764234722199
0.2923773641165413
0.36271869267304035
0.21856597725028049
0.2889176701114193
0.30995767953965003
0.21199364167042206
0.28843493346775806
0.334782902800259
0.30543842668362553
0.34874206905590605
0.2608262649286742
0.26028423354924723
0.20855159628485398
0.24014401708315325
0.38921233670631816
0.26932002411920497
0.27738461398204706
0.45464236685275183
0.2513013264232578
0.26086829996043187
0.22303876003747194
0.2678417239590229
0.26812892767468804
0.3207812948311388
0.27691447111020656
0.30843839052749966
0.33038582501342234
0.3523147506793844
0.2781946833845529
0.2874398665569271
0.2845271269582903
0.3636676751174414
0.2978087861944152
0.2364616343288976
0.3057551250291958
0.25803149055578456
0.1980060889275667
0.2843219879772401
0.31063745548582516
0.3431871324892937
0.3453004999631276
0.35834504000697903
0.282981501582729
0.2907129632286936
0.2560305687626954
0.23596643411310728
0.30914273553259464
0.35178934858677624
0.26112583162780867
0.3245056373870969
0.38248230960923424
0.3348880562884649
0.38061733115436225
0.3264480070487163
0.2741853608529751
0.41322163511859955
0.2650447729100556
0.3663570348204907
0.35985354820954785
0.35985783764379575
0.34211156219850875
0.39348387857207145
0.30017705047250065
0.36427767116367016
0.30489171416221683
0.31309776636454517
0.34905086728078505
0.3063941394823955
0.29077012631981514
0.2983826512743329
0.2456540688297039
0.33094458166849333
0.2698231336474217
0.3116319360820065
0.27317049652365616
0.24553011381292408
0.29970104353658567
0.3396069636390956
0.33990088351871667
0.3120378727217927
0.20534206059816867
0.25914758997075876
0.3304807490382642
0.21877936158497974
0.33288081612566023
0.3098283106149473
0.3022800910426995
0.3361054217176902
0.314112910944058
0.35779605443271956
0.24366622437069693
0.25462904893570076
0.331595655917831
0.40544009586241203
0.30179488148100747
0.34817290965319
0.24218033520554058
0.24054614513921585
0.3481711834865834
0.24640188726870327
0.3078951581154189
0.30915299256713524
0.3086180334134052
0.23196718546419148
0.3296690639542628
0.28127988446515156
0.3662167804426592
0.2980252791075353
0.2653702706860427
0.22698707754175226
0.330157993353338
0.3067382943950846
0.27703642509250154
0.24472526479172807
0.37839329773395064
0.2848675834208592
0.30891558799186086
0.3561958850113623
0.2790741325760607
0.38972950106238513
0.32745932445251125
0.2639303793223235
0.3796642730037821
0.3073105153378657
0.3097988690736963
0.2019919534698104
0.34147595451380697
0.3410647085872141
0.26770856813008453
0.2604659631587108
0.2781636214273336
0.27969640033170307
0.3121275897886257
0.27762097515268847
0.25434017506061624
0.3198583005176715
0.2801480167899674
0.256355267876561
0.3171141737112185
0.3158103664706155
0.3294956303982549
0.29924089153384226
0.25246667406433193
0.2778975563352671
0.26298962821211536
0.3160547585392039
0.2744964849450384
0.2656080998948818
0.5175076185685952
0.2647561371343662
0.38324573971472936
0.3092105112666031
0.3188923455325315
0.25834017613701765
0.2634496003041974
0.2709955213701417
0.3145815186599115
0.25274772140850377
0.2459780071796288
0.3478882628777801
0.23397096628718086
0.225376353115076
0.2941074316521582
0.15690250683795468
0.3124751307656808
0.2349797644507048
0.29057800152565294
0.2507656622822916
0.24327771953760113
0.37513085273250935
0.25870845975343065
0.2623120761623128
0.240387731908299
0.25513453497303784
0.3031920395515217
0.3378490041011983
0.0971414141108995
0.3503478094852294
0.25626331371942723
0.11227179572667272
0.3126797712739959
0.3076819723603276
0.29290313708160437
0.33570417097226374
0.28366752177171556
0.2815065567440504
0.3163679165390536
0.24390312079702756
0.32608310409056196
0.29237697831134524
0.3142818758924562
0.27218446861433815
0.28664369741588297
0.3944488157478129
0.29824063740355916
0.3438238038660663
0.29477510258786865
0.30504724613691875
0.26713996903883663
0.3257100086884091
0.321076500678496
0.30651657442939817
0.2798416889580629
0.25608028724935816
0.2176749735640867
0.3047567490771266
0.23430276049426668
0.3717876826001546
0.2947538555399636
0.3265885440698427
0.33251047929541305
0.2560960198857479
0.3110440386451089
0.3154295255731266
0.3582296677813863
0.27355934960497824
0.28719413882038236
