0.15424109056416177
0.2584961880940418
0.3612709811037141
0.3109785815846468
0.2942797329490513
0.27051726792220315
0.31790986987709213
0.23486923002314208
0.2952760809979045
0.26615992658053844
0.28217265258416546
0.36708697010039576
0.2488888975028182
0.27333223301602017
0.3245773119341573
0.29809791587079537
0.23569227893280745
0.24518019889243609
0.2602359098290888
0.27681973464255216
0.3258990985602273
0.3293170394485559
0.2493810776886383
0.25276627438841043
0.35349073013507426
0.23456036284353346
0.21520087269045682
0.25514744473623274
0.29271012733288027
0.2836451475546918
0.13961832409689084
0.3372795094675958
0.20351847467041825
0.25600501230037853
0.281437447861029
0.37156122726121993
0.24392207228933188
0.2667101893338426
0.3057609880621119
0.2581751997549266
0.2919346061317007
0.3459313434239387
0.28284781757014416
0.29280749191237615
0.27645047037281384
0.32689056591947074
0.33968816502219984
0.4499558923973461
0.3120170255359507
0.38601254268174434
0.25422213410986244
0.5173754898927582
0.2819805567138802
0.3144481328232646
0.305122836869389
0.2456498169122746
0.19296386322497805
0.242085696042492
0.2425883865339491
0.3063374337966568
0.4446351186826014
0.30113113407364145
0.3130571547731203
0.3409720830846391
0.28062750243397233
0.30634583386732567
0.27987795729100223
0.3269436375557532
0.29294081660775545
0.30964705175706037
0.32553465519836017
0.30583287108883267
0.2706383373364775
0.27708625096728257
0.31419213263393897
0.3782098943466883
0.2865749573027026
0.26992388120505395
0.30396996514475944
0.29894949904844764
0.45460463452207867
0.38254858482206083
0.29295996204720554
0.2711014242983331
0.2769261362264465
0.24160642920271372
0.32008073522510383
0.2654946196315955
0.28480733219791887
0.3660577925713918
0.25485629552177086
0.33081680446874406
0.29981886209693454
0.33659939067195666
0.2765077796608803
0.2972782078764213
0.29764212556509345
0.334536337747238
0.18991955195072494
0.21103626398690692
0.3394870689968553
0.33243734081393905
0.24483584086666077
0.3038711742682804
0.23608686559540545
0.2871845962187469
0.30594759718459497
0.3060416556363337
0.3450952420144761
0.2575919476470328
0.3086745606884202
0.3303356648899852
0.33281897254859194
0.2338136663459706
0.3390357707063544
0.3390500875174109
0.28847429743566
0.2997460567211548
0.3241368876944126
0.2669503254668445
0.35592153553392375
0.2870729122825024
0.21805862779488486
0.2843765125643103
0.2171547712504078
0.25897578331541715
0.199082078327104
0.29160041374787243
0.31365531129536023
0.28390389706901814
0.23930009832411453
0.25901767708242107
0.27852846730164266
0.31331498243764033
0.25091881012370953
0.35549632767249906
0.27441817141194746
0.318291411506692
0.2577802882366
0.24987877115015594
0.2651682509772594
0.28111731790101696
0.29584709787297
0.2556549715156766
0.3179897371473061
0.2852980135249428
0.23233119368370478
0.3104140493456732
0.31547705313060287
0.31656949094099174
0.28686919883029605
0.3617927169417845
0.2593305069863525
0.31370421959883354
0.2685823669913478
0.25991542340417056
0.24292833016191243
0.2619301106493532
0.23625327152409345
0.2416208105377853
0.3349287311904192
0.29316578424480183
0.2628365076437041
0.3351148625551819
0.24911523434800412
0.30107573981040947
0.26395716150796505
0.23398726842280074
0.19806723024413722
0.3520561105373641
0.2856847577328944
0.2769961625863816
0.3425898620914971
0.26067804422686375
0.2781207911469405
0.2576881813202835
0.33577238643209745
0.2549930885371636
0.2334827137904653
0.29186896830681774
0.32555241474681385
0.22810504882669672
0.25090285773617665
0.3167998639809526
0.33087234827378087
0.18352130622922688
0.35775181496298036
0.26506018212809906
0.31585363514545856
0.2830167081712808
0.2695896051671645
0.2309395091854574
0.350928782995678
0.23000511212852262
0.3035312677427384
0.31805031904581615
0.2990667418498505
0.2967065647432099
0.21996371998640724
0.24904697229652453
0.26371530348593947
0.3319681498201231
0.25168474164497573
0.24699942399865843
0.32700929228177084
0.25927185437301387
0.20128427457563383
0.2905775933901151
0.21446528735660267
0.343548972609977
0.38703037428506515
0.29296689666606174
0.28600305868280035
0.23731704403926185
0.3418764210392773
0.322332958602686
0.30446426521869213
0.26498374471550246
0.3155129771738716
0.3189457875088114
0.25951351245704735
0.2901673245506549
0.2971914664911162
0.35233642633106205
0.21781773967843762
0.29296899919960895
0.2934022899392648
0.30230658523424186
0.30485485761266023
0.3707091879651224
0.31583502085048193
0.280080091204635
0.3185652410826707
0.3128629213707251
0.22445888192856525
0.2765094682596513
0.25803130143507014
0.29798686736959656
0.35037679275476247
0.27033276605978057
0.2824085623029381
0.3058546568360586
0.29181133795394376
0.3648575095577813
0.23014522433764154
0.39908059788721656
0.3436082175083411
0.33719166239388754
0.3249398040235201
0.37437133879272844
0.2522760965670896
0.2538873664212292
0.35678354250450683
0.35772699495414145
0.3084678721974951
0.32200380249347044
0.37683958936515755
0.24990820212716433
0.32239284410541424
0.29074812889656304
0.30144387376455895
0.26681998630105264
0.2827207705084301
0.2757809220093901
0.30753306391692997
0.26082422362519075
0.23020946121905683
0.34296932374493744
0.31053786393820093
0.3203124876668408
0.23534825818068592
0.2760255554110545
0.33496236181084765
0.19171691485027156
0.2952086091634225
0.3218739538967268
0.2523379982907598
0.31381843178377655
0.3497374479274857
0.2768658351572494
0.31512579064798385
0.32865232755839935
0.3585458748864872
0.2929786532118798
0.27719537450422815
0.3083375421583318
0.25913495818618315
0.29153678588203963
0.3672682420713374
0.27384704867580845
0.2879449877045658
0.17513517398374742
0.3191276732477166
0.3067128330343883
0.2098443167764963
0.3106137816868043
0.3521308342190821
0.24314443188164603
0.31302375579805963
0.2670218327853515
0.20493763101994128
0.20452783047891843
0.23908033547835125
0.3266384956628619
0.35727998647873066
0.2655867490827063
0.27597394554363414
0.2527549282970928
0.3100103135705879
0.3076978019583788
0.32884193149730406
0.34871095781226136
0.29086358593357214
0.3468219908998305
0.2504241512244244
0.28182019988780865
0.39622603963599173
0.29120147407214786
0.38699553478401616
0.35613429924931955
0.1815522291063809
0.2460463319174756
0.41276361053951427
0.2556545869669139
0.2493311080166834
0.19940997729393858
0.2623138059240418
0.24810783759931176
0.2644634738822371
0.2734099770255135
0.26940189236962403
0.22625296629382313
0.2616753358790118
0.1557346381829364
0.2428826226942845
0.30175264246126104
0.36005404097522725
0.36205100478811364
0.23705177351055884
0.23114898437396192
0.26839044184386845
0.2934894016421645
0.337691491133363
0.3826062905494287
0.30541659681401984
0.3256513392275343
0.3041706861581153
0.3569995537287142
0.2521844605391861
0.1930631282498676
0.2822448693845069
0.24619587691442
0.22670469499580223
0.28262562596591106
0.30025174901569407
0.3367603195735308
0.2651185472334096
0.2909142022827448
0.26185042097105277
0.30506417887429144
0.3032731681093358
0.2398440337486568
0.31343467523925583
0.2631937299018009
0.3198128008312154
0.2450393865426421
0.29660454159108496
0.4350932160323346
0.2683009796471582
0.28301723133219575
0.2757390256928372
0.3784733073184271
0.3779505961951968
0.3280215629682108
0.26073463630324534
0.26231883677895296
0.32081446233252237
0.3158303183240479
0.2743723656592391
0.23014977137651646
0.19217926940453817
0.24549978072026765
0.281389117837685
0.3475652615262857
0.26847936742674217
0.28546380273211763
0.3712816494472105
0.36537940561990856
0.27508667572335177
0.23661565803316556
0.27272182552202046
0.2619148730953805
0.3822946356108903
0.24803416543101667
0.2676570010695734
0.16106994132238162
0.2543957844051185
0.24782933352414568
0.26483403285585505
0.19743801586488105
0.2312713604981219
0.2679088635874871
0.3390214326573598
0.3571658744338021
0.281987799203703
0.2958364584276373
0.27048479665036596
0.3462173141276903
0.2967047327228188
0.2701552999035335
0.2589326404680374
0.3159806270915177
0.2517005858248769
0.36551821794648887
0.2793390366462953
0.3263292570160207
0.2904438931130192
0.36350962467256515
0.3861898265674034
0.28165405774766916
0.22979978279692861
0.09714475511232945
0.2904929797825298
0.3000825498615259
0.36635227677604104
0.2612546100761471
0.3005633196213715
0.31146651603592557
0.2336228568430873
0.26744576460470615
0.34472353899271263
0.3789687017652162
0.3891552243850668
0.22404064406906102
0.271551789952323
0.36277418877553064
0.26934359712072103
0.3065220418914408
0.3492626382140019
0.29120187803173925
0.3081101055548622
0.2896309730218456
0.26664990882621753
0.29566962416551995
0.3294275175125092
0.27991627770274286
0.2827634632981033
0.28244938876900183
0.25667620701682947
0.2839760276601271
0.2620907406380316
0.21975041546793134
0.32580796514941857
0.2528785903454233
0.30215696693746114
0.22682749008532965
0.3680378360054592
0.25843050561498127
0.26295715265435865
0.2750235463221688
0.31553238761536134
0.23106582843212775
0.34836728282489715
0.40800662783067826
0.3118514967159618
0.22946332624262314
0.30738455914063245
0.2660682871811917
0.29177450606256916
0.42062127850548275
0.22821420923104777
0.30943178519903924
0.26485067921088795
0.33353217427832843
0.26279791629185056
0.35545250372311005
0.24866498919196375
0.2981524380655998
0.3287044536902225
0.36386868985606846
0.41351638807975843
0.39013560134687353
0.3088975179456251
0.3168507551241612
0.3743693430282036
0.33716086656231425
0.3055242763349929
0.3004154217653961
0.25712564562455015
0.36041850497372563
0.24890323314213192
0.3012016975008213
0.21191102285973018
0.30209706723699337
0.24670577824600154
0.25481963895003795
0.18485983487891502
0.3187198646967012
0.33515555527614416
0.2647627615726427
0.269106388271772
0.16993590083238302
0.3074742057089603
0.334683935918441
0.30585031757772624
0.24768938928094994
0.2224939437548809
0.3488143045599731
0.3956118853941966
0.33884597463148075
0.3357735717432306
0.3053106000393834
0.28971064427547333
0.3281540788001727
0.2809269135724449
0.3064994808577956
0.34032470679646165
0.28020957628400966
0.2286107753409658
0.282232427835743
0.3403755482659145
0.26420514600835776
0.24187285568692313
0.20971756625049012
0.4255258308018783
0.23570948371279768
0.3199515458586881
0.27988680191126003
0.2986978117075478
0.3746601551134511
0.15506177529789256
0.29882843877973264
0.27391659892129283
0.36328018322245875
0.2595142691470845
0.28297266701714985
0.2855430016532488
0.32806403380859867
0.25860545678787017
0.25567396137711457
0.3167047129517533
0.41397833772764403
0.31476645380548923
0.29132360221664816
0.32739678304531283
0.37126447726760603
0.23750462104481554
0.3199046389384494
0.2802350868926571
0.3287110567094014
0.20815559253292013
0.34527467375155085
0.25859061222302526
0.36284029164747345
0.2509069377615837
0.3646060548229892
0.31056259647985845
0.3047952895203689
0.2895475929184145
0.4115225967726571
0.40300330492202574
0.31822951533767174
0.27206558730292524
0.32452017030138536
0.3332323453430726
0.2196590687937402
0.2606868898502479
0.30332501741859796
0.14639828539563388
0.2579986944070424
0.276982399586694
0.26777282133791164
0.25531546876114636
0.30143592174394157
0.2469312641681305
0.3822859548411216
0.3457920597395214
0.3090917401848804
0.30298996194584493
0.31471053417141087
0.31594078676831466
0.31460493564257497
0.31039748642994763
0.3247705030732285
0.2684062686729013
0.2938120987189253
0.3105376068998704
0.2710297386675624
0.357489341950628
0.28394275629056404
0.4232107908891742
0.27721163232333146
0.22162658310039923
0.27549379912622507
0.3577779818007925
0.25128046638698875
0.22441968094105003
0.30265477125900725
0.27899784547193757
0.29098284566024357
0.3776033115328671
0.25730285785106677
0.26520667186358626
0.3728930211632185
0.3505332429256809
0.30621542595716295
0.38463971846117956
0.2560445967614888
0.3437912035691088
0.28678486215005444
0.3376233444547539
0.2670363399144858
0.26384340459979727
0.33172343868654824
0.3459328914589857
0.28874332993732477
0.29358171565641766
0.30322885247408427
0.305877966761604
0.3081222811953283
0.39275745806402645
0.3630747850958585
0.2336397892292341
0.3175191244862861
0.266359203435842
0.30664747656974606
0.33945474333422243
0.3241000566012791
0.3360119471668155
0.29024082437639753
0.32622102547533294
0.2764788613821376
0.23469580090795428
0.2895213376142406
0.2770881205038858
0.24732331151710446
0.28185133355088177
0.2868981473688211
0.23396600234245812
0.3270711183713243
0.25974225995732153
0.30804825641861505
0.3182670253265601
0.32656677801612255
0.34630902622193704
0.37890673326665264
0.28616743584507487
0.4099491162732846
0.3088432956237835
0.30582209588918907
0.27628184481377493
0.3341993148442468
0.3115145698461096
0.23699164435129538
0.29196498679167326
0.30249841951728
0.27443095683730806
0.34583060788557246
0.29246730793066367
0.3162885207467266
0.2322244269087946
0.2889020084898945
0.26733328790150984
0.33839632603910164
0.3098826160657622
0.2742801948774601
0.30476805410254343
0.2914648767965676
0.2875619511684942
0.27044482985562857
0.33744134645623863
0.35136769287318026
0.35401942023881955
0.26900107375657156
0.25080173722161214
0.32822564187025216
0.2860238499057363
0.22628092734960395
0.30279556868199214
0.25616080573515226
0.25872479653539315
0.1773601167332594
0.2977812083476588
0.29816208533405514
0.23816733144060628
0.23711682759968997
0.29420514217354854
0.24653216636675052
0.29030176239220756
0.3296387901070319
0.275622467194559
0.2971629136665995
0.2711501959481033
0.35068434977381047
0.2663177880199385
0.2921834633113899
0.25560981108402214
0.38012243869539075
0.27802991497631635
0.3242362119571346
0.3150890027271588
0.3063214480686022
0.3384259700206366
0.28244686169518635
0.2076857452380183
0.2760533845402337
0.2773556602467721
0.30926387370123565
0.301858657450573
0.313955507791557
0.2887002313836906
0.20578536567122993
0.2958418875830953
0.3469550762514662
0.3425374337813227
0.33524957626148855
0.33585879665299345
0.295416988915676
0.32337129711480483
0.26809777978375554
0.3415896144205549
0.298887093769244
0.21650851171587412
0.23061661417884985
0.25713555433230484
0.26090605385127014
0.2005413857102105
0.2554380955960973
0.25555070124136076
0.3026152040667813
0.31875717942019094
0.27116802313931687
0.2110598211861928
0.2690891032242204
0.31545114549174297
0.2787091565894791
0.2705100305800042
0.2727953130832801
0.3276372117813607
0.2819968606557888
0.2448489482784044
0.23837236657160854
0.2800018289903411
0.22824650385079961
0.17021754884884682
0.27940168843935603
0.3523644449048194
0.18058143229185383
0.27639754442419984
0.299963276279351
0.2730154644672143
0.23982569355994904
0.24280206372718155
0.2789330724906886
0.28650146829027323
0.34201379057245745
0.1983998157068342
0.3289673658215153
0.27209617833667954
0.2694495043794039
0.2836222358473921
0.2153148694787024
0.29483999480709727
0.2724892908962756
0.2779580798636505
0.303569865474862
0.17061227190914685
0.3046325162718222
0.2566172167883467
0.1983419193005322
0.335924549409114
0.2994647329002408
0.22451829443363996
0.288911845438464
0.31025880992598615
0.31765976103865745
0.2338223024009375
0.27443093785922706
0.27246330650074835
0.353409168116034
0.3152453241095607
0.2875629169053927
0.25804175294271975
0.26673905760302963
0.32551011690105064
0.30891518219961017
0.22464510928180298
0.26790677898722215
0.2072199766755968
0.3008875547541439
0.28816918412772685
0.31028667734405924
0.26647140668953645
0.2826925089824549
0.30376785062804873
0.3415479240740953
0.42271388417618044
0.2952211062981032
0.3490300223223727
0.29274343830154803
0.22938806826268937
0.28996174599042285
0.26079180881713054
0.29862463838581826
0.27358697937453674
0.3155593954005832
0.2614875904497718
0.25745425951481893
0.33316930778812626
0.3177123683578583
0.24480706778723596
0.43924023231194903
0.2974673409645124
0.2624297639178815
0.27241251005267303
0.3029662671947104
0.2581468061407671
0.27503533563744653
0.3125162226707018
0.2165376792824409
0.39494585165529095
0.31619639731873944
0.3862543202637211
0.3208350866167193
0.29594367718117554
0.26585403201948116
0.25927160870121374
0.22577072029128833
0.2113226509435759
0.2948363724335751
0.28121951346570867
0.3440087655472617
0.30786258972038494
0.2739947986937807
0.3150699818577176
0.315550177948085
0.34535093888586094
0.2704503100839576
0.34359440233615784
0.2950868023345897
0.3310505154834962
0.22831776724822564
0.32627850911584294
0.25311288432888995
0.26545079019417495
0.24150129863930897
0.24699590912765843
0.3213847581571419
0.2576406576654446
0.346937872389373
0.2558478391316108
0.13697023532347102
0.30174257002841176
0.3156274457238968
0.288189381929701
0.32505457646881747
0.3411769972022666
0.33464876097899127
0.253248770958347
0.26875525005561895
0.31511324553614417
0.34099027499460804
0.2598127354235646
0.2344437168492421
0.2867611423471241
0.2982691771622729
0.3353428527089012
0.2647389199864945
0.2977504393050784
0.28292922821190114
0.32278188748788067
0.3151409933207575
0.3208863792987174
0.36638426764835413
0.30403633988101164
0.3672191759834058
0.3206960083251478
0.35965632009334714
0.26782093090803843
0.2515548395483818
0.3228633724907812
0.3354303703436128
0.30213284425155007
0.3339512680799682
0.3490218404653453
0.2765736001422973
0.31390824890421903
0.25730802334761327
0.3814613511113395
0.2918407750025582
0.2486440198570838
0.23394941826985372
0.3124184819704619
0.35341307837174
0.27322312093084355
0.2996176215832866
0.21666942988438728
0.2727879925512087
0.3291674267770669
0.20859753964771469
0.31122126296346586
0.29208793903689706
0.38130889402339696
0.21802508741565493
0.26779602375217415
0.21600636621837596
0.28661323874297634
0.24846272469357641
0.2824717204945751
0.32586098501013067
0.3011744636363391
0.2431126166621613
0.25916372468010573
0.2740182732061468
0.429211868227669
0.33983947133480713
0.22155720963251754
0.25430948933649844
0.3102291017414252
0.28272886417258936
0.293114195509513
0.3289543851889961
0.3725530888141128
0.20332357359376066
0.2818951902678806
0.17564052184468695
0.25667281530970837
0.2910123537285419
0.2881021988272285
0.40426227917811103
0.23622578616823758
0.27820578151759473
0.3294743025182491
0.2591595487435192
0.26359470567428706
0.3299217511178007
0.27800657139730106
0.3044967555493592
0.3288164093434501
0.2230022979110085
0.34755235877245994
0.2499898565881482
0.3570502261853211
0.17261381450856658
0.24409609934753154
0.33221116455852895
0.2440557941265425
0.27726033498055586
0.27347353032055666
0.37664599843843743
0.34701745003579054
0.34152364194006096
0.31300638122970503
0.3010182130135276
0.39342551367988526
0.30694455499823714
0.24844602698974647
0.25468414909936804
0.2879873675813288
0.31280711203121264
0.31730920964195
0.1915407747729209
0.3318862876314804
0.3084799202505971
0.2729282690719922
0.3421315760166227
0.299821585238687
0.2700962648872366
0.3198772467586716
0.22790656507516718
0.3082656154511165
0.2612031053184824
0.2969314815488264
0.2865789425215883
0.2875181119703791
0.3030963232380923
0.2803905017261654
0.2973716284404261
0.31312710876121147
0.30015934490073887
0.24154594389864845
0.37462073243287775
0.3064426059470673
0.33232767039194583
0.3306567547885469
0.2820073334565122
0.2770799657360367
0.2598133430051365
0.3299242021371129
0.28162444190174246
0.34323361941893205
0.2820090453596788
0.3368683808596146
0.30272032400786714
0.19424718276339353
0.26709324231377707
0.31235650196986564
0.23531970213302067
0.23656779182851326
0.3446071438854853
0.25477135681733404
0.26371849571994843
0.35672524956461216
0.28279044389402125
0.3178158208348842
0.29647290975216395
0.25687647850657747
0.19190641474972897
0.33064532109292083
0.32628423942509266
0.25436632767087797
0.3169034348562481
0.27836216080444987
0.3142829189549563
0.28930310488930366
0.3097794386075159
0.2915268794920899
0.29970768061043895
0.37464460304396374
0.2601755077082195
0.2615229313005282
0.2141170725735873
0.23790221637489659
0.31681386772206827
0.3036347527815373
0.33328385298078156
0.3075025219988793
0.39112191280771746
0.3262854691452386
0.27257109822231806
0.39889182835003234
0.18763098313645366
0.28904398470860654
0.3059250891169862
0.32644630065488134
0.3259784487269857
0.32745095631781573
0.31671367081422047
0.27279022759531807
0.2913848798081163
0.290665512890075
0.3138509151996281
0.29558265566868047
0.35163286746846256
0.287650281407546
0.36108996232819224
0.27173383452324557
0.2828649256759928
0.3319568289749289
0.29104494576405227
0.3241315939963458
0.31105704340112067
0.24795672006398412
0.3118842784349898
0.2704410856434785
0.2842350675593183
0.35176867354986874
0.31208136526693264
0.36127352539790103
0.22715735744277996
0.3177608387167201
0.24675235488053857
0.2558357954125264
0.26354895580463594
0.18440706365320877
0.29365726442269063
0.44091165768840046
0.3218231495442572
0.3334266612447134
0.34781406003802445
0.20334130951606302
0.32898237800890223
0.2385657818052079
0.3028009975581371
0.2590759705119831
0.2709768795026529
0.32028502920693774
0.22953965104417837
0.35970287440009036
0.2939126232322839
0.2809482364180792
0.30398746546781424
0.2663774152837167
0.25421113625927516
0.27664272060587536
0.32415688212803034
0.24525352390556204
0.26753740977354723
0.3121042675843382
0.3359546650185949
0.3304247443413182
0.26605956215934495
0.25589039908483946
0.25893253802217486
0.3222769306910114
0.2817685189383036
0.22747825832161553
0.2971529314897998
0.32307367281692345
0.25237262035756275
0.26787383539145915
0.30185242511212107
0.2972249495689125
0.30606324933592516
0.34364473014574815
0.29940245694812095
0.292026897097578
0.2520472162113007
0.27699462539720815
0.3481631572670833
0.27950733815811574
0.2774781963181152
0.17516152262860166
0.30147417508795626
0.31119761257409045
0.3503676269836479
0.2649826430752986
0.2637518190141942
0.326789818407538
0.25468786840706464
0.3063416318197191
0.30119154224760986
0.16792589999761715
0.3083742054654557
0.27040028328129584
0.2745614623314893
0.3058973735607173
0.3060368517316239
0.2943265630913382
0.33618169010327376
0.3471203567831868
0.26265995864189384
0.34268424125512614
0.31718056836725017
0.2865902080741986
0.3042300719126694
0.285084579088568
0.25622521592200787
0.37996989718064705
0.2919886376539042
0.2373184626774708
0.38255820242950955
0.31333205387851043
0.2282553530671668
0.22859995090861085
0.31247282011298083
0.3250495320343844
0.26457079956358254
0.3142133597960771
0.3072069333358488
0.2442497695147156
0.23827498530302424
0.26918147684935584
0.35808014930562115
0.42884626596221187
0.3017368582664707
0.2671705455150897
0.304116917214128
0.3128948002103669
0.29179463962989405
0.1996308175574713
0.2349644799961424
0.26154116549567724
0.24136198032598563
0.27169867640254114
0.2536485991413532
0.26453924727634354
0.35437499193498934
0.34795337919355496
0.2757356381783929
0.2912601883641149
0.2347250237242786
0.2778823486623243
0.27960476354829117
0.2935599412798789
0.4580169272996922
0.2669038165704841
0.11195987132198362
0.23359350973489698
0.2920056653861625
0.2049519782021476
0.25988124126417605
0.3335378040183047
0.19788687736440802
0.30619552315315834
0.29601358800348393
0.27861730899303827
0.2500744944360098
0.28759408409206866
0.28013136501427005
0.2902163661928496
0.31333127319248333
0.2074814779724029
0.2555556615200721
0.29173818251095335
0.42185262241090393
0.28706030258102616
0.2675812364278431
0.42564569783524286
0.27341341239875017
0.2507067183062861
0.3171096645814305
0.27963201534506116
0.22495789115575834
0.2756980389861875
0.2710603230769878
0.2840949918363815
0.27346961520927665
0.2349246704318617
0.27922593259379674
0.3886621812613567
0.3331127482088619
0.3028675512883087
0.2856005838354286
0.2610206473173757
0.29709364789852544
0.29192932620254636
0.33016251286396137
0.2908321532844903
0.26907150307036204
0.3458275787251328
0.33600750060615636
0.3559491595846198
0.3104729442180202
0.24503589295446487
0.3814285923474892
0.30607860906680107
0.25928645075830853
0.34059404593126424
0.33505428452268593
0.22560593363339415
0.26462502050831954
0.22472668495921652
0.28935209055525013
0.4212267846701731
0.2857908562800629
0.3342751572006951
0.2782244424645292
0.2301695338099489
0.351324822322881
0.3199267556754493
0.2420036480099226
0.31784129839873837
0.2894808098007939
0.2789603376383548
0.25050420523619416
0.3045732494147863
0.29588894335235966
0.31329602667451806
0.30965598638407527
0.3060824437049331
0.2707159144856191
0.2705372641127217
0.29944509284287846
0.15603098202610366
0.29962330466329273
0.28328126506069623
0.15789029622648337
0.33099745162673205
0.3430905381074533
0.2855485009706748
0.25926342227084515
0.28212635974541594
0.23165741345774551
0.2707266720846737
0.28211626765106235
0.3322412008158192
0.3139228651878316
0.26122480805669196
0.2712920727936974
0.21706122949187745
0.20134181457487416
0.30437065344784076
0.27903656483303063
0.3229629513403776
0.271857452162737
0.34487007626966176
0.2989964491845297
0.28600343503292913
0.32840377425852246
0.2674004548795666
0.2657692853660664
0.233170776510872
0.19554659805580785
0.3123092057019614
0.28465960178607636
0.3018945222583244
0.3394586396575136
0.31976721648738154
0.3421499317950838
0.3603077025930885
0.27327388895932486
0.24381684436811
0.30455755628948283
0.30303291808915567
0.25051121378910574
0.2743330486294982
0.2886978467887919
0.3107640773368687
0.26373877642608473
0.23632196687357002
0.2712644173216388
0.24207566380602458
0.33118010946868565
0.2691519006383876
0.23957167278240515
0.14923330329182394
0.22232008991494812
0.3074202493055897
0.252355603540684
0.28499387688032507
0.26704071027814463
0.20340513638002078
0.2785304653558674
0.28716567487045097
0.3939486197643432
0.3174723604463806
0.2659711352383299
0.2592564395812675
0.304623168933029
0.32267209785519546
0.2789364363136427
0.258166247940957
0.3341690633788037
0.29008121469546994
0.3173223950242098
0.24141279682800695
0.35403154939589504
0.33342246125828856
0.254832901208421
0.28017037840817904
0.30731148003815534
0.29328733923995615
0.28622019740618976
0.3049047091736931
0.2562185507046118
0.22969334267150518
0.33279225995478173
