0.25887109651113455
0.301510138766404
0.3129168192250413
0.30641732482458506
0.32855813449815624
0.278664543841467
0.31877972432185836
0.2868771280941424
0.2614059357465347
0.32267015005933125
0.2897309190629308
0.3494732078590074
0.3732246136302245
0.27200110739119293
0.2673579093048713
0.26135009838737644
0.2846682320431228
0.3198964652944028
0.32910603801135896
0.33530379870700694
0.26956820435316586
0.3104351831090124
0.3373605762410703
0.284692329634175
0.3540269012896422
0.3064100891154714
0.23659571383665953
0.2367770582934921
0.29681580323880613
0.28372757989109754
0.2755254075140366
0.358973258039982
0.1861214594625294
0.2602686504990905
0.1776945134892378
0.26524976498773284
0.30361859319942436
0.32707709937778107
0.31885756630339185
0.33612201963591637
0.27939448647524995
0.3576330761532569
0.3363556134774347
0.2501547210676511
0.22718521212335088
0.2928485154339567
0.2511683085107053
0.281691292607601
0.3267576398153734
0.2769778180873107
0.38197957193297527
0.34446226360613613
0.29909656167600157
0.28955488715719274
0.3354797876773728
0.28976600245932554
0.26078446272386774
0.312458585032205
0.3944091701946442
0.25778560020860825
0.32585465643720535
0.3156042479861455
0.3179777570076694
0.26923202321509326
0.30645921062577236
0.2975944353428307
0.2609914829422768
0.26366188766451604
0.225645140309463
0.2688745276599145
0.32679614134605034
0.27613357229883007
0.2600479414616173
0.3335252620196577
0.32911061388030016
0.27338693353735105
0.3209503449862755
0.37362463445056365
0.35903289165829494
0.23628978134026687
0.28471787510553803
0.2776628588200312
0.3157815457097021
0.2920508238509704
0.2912826809036036
0.3342064667839572
0.31261963071995896
0.3039880156018098
0.261616069138216
0.3379579297472441
0.2566289668415525
0.2969149412231108
0.2939934147238559
0.22240496604591867
0.27781400548427176
0.2885071069895371
0.34212701269360385
0.22961008473576697
0.35167525811339856
0.28377288462511074
0.3323007783402545
0.28312006123445393
0.3652028235283851
0.30743951392191304
0.2584437703927937
0.3194421341414475
0.32821982155910306
0.2546050322482989
0.2651671661847076
0.31712048681527893
0.31612574967222923
0.3015674003781508
0.35097402150351276
0.375751460528419
0.31558019141848714
0.2713303411868108
0.3461583326420048
0.278097956282547
0.2671643134043338
0.23890663973464638
0.26056058291595485
0.2631604760233372
0.26001106692585485
0.2838156067374364
0.31530056989074323
0.27798067793368597
0.3442721373134907
0.3284825910496452
0.30683703644142646
0.26057478147511376
0.14870317479517242
0.3867835657289865
0.2949818617964293
0.3104039361250533
0.2623219953625789
0.25743872383974403
0.36149305336649123
0.33009756315072264
0.3034064275154326
0.25313895186279867
0.3282918154011546
0.33564336296082253
0.2937251613453742
0.24483132351952783
0.30459824294605714
0.2997562806804359
0.2922767969624061
0.26916397775893064
0.44564877484898435
0.3316061424712723
0.30312535421152004
0.3333416767218795
0.23557921682671465
0.28960441521644087
0.35413676045901
0.3482950428022412
0.2896971343645425
0.3079891216466643
0.2795565730765736
0.2995972114981704
0.3213227894984542
0.3216453080554235
0.31369145733194354
0.258469001517905
0.31456460482395115
0.24790298084448925
0.27304800190403483
0.23123815678504778
0.3167021940211104
0.3132508291699914
0.258583284446793
0.2759588126357331
0.33171724116150836
0.16277191260065055
0.23961215854995782
0.2636087873425136
0.27985461746275575
0.29981811669310493
0.27733429836708157
0.28760771650768796
0.26318764898870034
0.3623230685021131
0.2189927933585716
0.2226164031260658
0.308414117381414
0.30110194548533925
0.26286366451484455
0.23744896933080845
0.29454266435772786
0.24317616598858033
0.3200954864531801
0.29679464987636683
0.31297558018258176
0.39491825187904905
0.31944846047357994
0.29336938942299434
0.21054303035329786
0.1935736793696321
0.3003810000802132
0.27521376949021975
0.28037977739524017
0.3480151401080194
0.2327760222026639
0.28200567711483177
0.29829584141708015
0.2322740586648612
0.3269812525957231
0.23612381292954118
0.3067277661170321
0.3137797227023535
0.5167486315975839
0.2529368124370302
0.26469569002866433
0.29307968844121374
0.24402736218770946
0.2601862122524617
0.33613612624141964
0.26804080524603896
0.3402298531123696
0.3007765615031508
0.282328988488478
0.15681305597355102
0.23334420422798077
0.2568868077921379
0.2352512172509645
0.2819603289782244
0.3416053200616652
0.30318239762462745
0.18365835160371585
0.16086807734394717
0.3059133800704942
0.29486775984992886
0.34199445916682547
0.25676304641258385
0.26431697210981603
0.3225096782484985
0.18557334459236538
0.3091677120422752
0.25405373281815286
0.31925799100197355
0.33905455658200584
0.26183618615283366
0.3278017674012261
0.4162124994632235
0.23728214286413693
0.22794688253160586
0.25907915479577237
0.30346545166317995
0.23479196000160124
0.22630468608814716
0.2733644879424783
0.3155497165466281
0.3024792417360607
0.2986638015955064
0.33703378219732916
0.3072130785235685
0.28706233702781175
0.27470301582003964
0.24965068603322424
0.2904032165026488
0.30567928050668847
0.2796573117838335
0.2867965035026573
0.2260017295386076
0.38792883522830407
0.3277468113016125
0.2200805778615698
0.35807529361134044
0.29472677620697174
0.3161282739493953
0.26977941878367573
0.25500331337186327
0.26021580653042575
0.30472600874329053
0.3385053014271603
0.25977788772424976
0.23738592868253494
0.2983754085735501
0.3102361775150233
0.28879047927093277
0.22380853108743068
0.25914101453308946
0.21344279139435351
0.30913553290260287
0.2798791139588223
0.3432307545317528
0.24130087826125193
0.27977786840460694
0.24571068651340502
0.36010034525030643
0.35468424741734306
0.23515221841179354
0.2650881304691309
0.283126827213488
0.3054684045994167
0.25629548544636815
0.24359045787784048
0.2909640908576374
0.32835201653887536
0.3774890756251678
0.25211644926261667
0.3068166967274548
0.25893143173234223
0.2903502723614829
0.30736822731895824
0.2819153143199205
0.28193886198047424
0.2628085780841624
0.30870174069846423
0.30959788691369383
0.3487754689711843
0.3317812702675444
0.3128558545241382
0.2973193088333764
0.2714868217814661
0.2710997301806208
0.3518838418585707
0.28396686099579455
0.2709104270540199
0.28704432564489907
0.38961030727188106
0.2839909554664381
0.2695451516594209
0.2534272826353212
0.31793548514670344
0.33046116685272475
0.2738740901284987
0.19350368501053086
0.26046132236612585
0.29798099318808463
0.29068855262069504
0.2838337640860204
0.3249729311418483
0.3184153664472882
0.31346187960512273
0.31919680824588553
0.34267180625886967
0.3044041470866874
0.31607791373736494
0.11311798486354316
0.34724962456078456
0.2594412558559187
0.3162931390583253
0.3325516899808245
0.32919592489436866
0.29010344576102154
0.3391526178968013
0.32908627819770064
0.27485574470846763
0.3434132103750761
0.28493048848058716
0.2747171770286711
0.24952582567396614
0.2769221864368345
0.31785279270351086
0.1788469846339143
0.26648584909630496
0.25016299983979745
0.3147788367792134
0.26576742420654637
0.28892304934107815
0.3670921216978453
0.2945756327883728
0.2519486760881652
0.2661988303402556
0.31612865236240284
0.31169265272703
0.3068104819826109
0.45220334658054095
0.31267643303468684
0.33071421573072296
0.3038710513922582
0.35967120102346134
0.26719548579332164
0.35423008035853143
0.3405564066079123
0.3305191331532019
0.329825278192218
0.2534562350484878
0.26840889268058954
0.29059205578395464
0.3104044301236848
0.27361845694718256
0.3068554815336887
0.3246708494658972
0.3610921704623209
0.31592733174344634
0.27927986339238914
0.2687643338674082
0.2191400568747371
0.36578915526850014
0.4110841440493337
0.34534644273329845
0.349726086913296
0.2610679932411606
0.3641983040158872
0.25881811910347136
0.23553321897079835
0.229543655741701
0.3796496958593277
0.23501231326710367
0.3502404733967357
0.29491554664858133
0.30579364838612366
0.3609056891850946
0.20296902399323144
0.3382930042526309
0.35838239988293247
0.37615894727269605
0.3102830899321994
0.28044760348021147
0.26085412777415223
0.27888098171954673
0.2680245615306176
0.4392182921520419
0.34596708127085457
0.3059647387542078
0.29127037915219395
0.25884192229111297
0.2576879226070576
0.2352679229979453
0.274197445920748
0.29823287460928183
0.2120074362824669
0.22207910222586671
0.30269960793786654
0.3272141946995642
0.3450545625372409
0.23135930326760273
0.29479824880854005
0.26246354003920375
0.3744591798916213
0.3300831796571432
0.29297750028862934
0.3248417078114072
0.3499222930449424
0.2762420523827389
0.31725065111238276
0.2679735420201649
0.27014923240450495
0.30026517692739313
0.2843048208366452
0.3183944143446298
0.22996454718047585
0.2797890038366324
0.23207498608883037
0.2715195592041544
0.30468399765251436
0.33257644225952415
0.2731641411550712
0.34696701601417423
0.30387317259577235
0.24983686128629415
0.24988252783083756
0.20919830662401795
0.22159802800871303
0.3622107064604213
0.276714671493442
0.27816865185607087
0.2695657111533199
0.2721988452746104
0.30587450210835254
0.2697608419011547
0.22888244038758762
0.17004322736812882
0.3224056867255754
0.30643651276508227
0.3348371579787423
0.3108490300167448
0.3046412093754345
0.2710248840012329
0.2697903101306925
0.2164310924821028
0.21998835241371895
0.22972196055967187
0.28701835926812813
0.38799367228693643
0.2678625217468305
0.2706955993962153
0.3558053230174347
0.30884398167884236
0.36413543526529674
0.24724957208987716
0.22654414016566596
0.3765016315234608
0.25684120888028483
0.30464196273412053
0.2537828102069771
0.281486638322101
0.2593950152842731
0.30949535116061994
0.33574171908822303
0.3210580431125698
0.2620343758551815
0.3606846781668718
0.20957473026039605
0.3006071862839842
0.22764818940862583
0.302408717588157
0.38001194436324176
0.3069667396657587
0.26611148517827693
0.25089947667723045
0.24347082159186134
0.2803691475890666
0.30647814663047496
0.26686278806567015
0.29159977572380513
0.2838969365916405
0.4368064474737116
0.2949779503892643
0.4548736342313044
0.24923435829208437
0.21921613679915997
0.27505230006897574
0.27863423297984624
0.24362330284174027
0.30678680533538305
0.33510516012368047
0.3239098547766598
0.25786621390714815
0.34044509199045414
0.2775125691674102
0.25904207350038927
0.251670604283523
0.30739813863672305
0.19100682697789953
0.34474104862865196
0.2398630934881849
0.33720936574990945
0.32843184492562655
0.29631226111679065
0.3519438493409134
0.3172198405718306
0.2928767096235792
0.2572388386186049
0.318190635367174
0.23613590952473856
0.2517525279167688
0.30430908239875215
0.3047417172704728
0.31215082213136164
0.45747507282018246
0.34059179469028456
0.2657270921558791
0.27079348801613706
0.29917728058013976
0.2335786875607031
0.25407719299247483
0.2752261351650902
0.3214382725092651
0.289284709723736
0.2656745270368785
0.2925322488092454
0.2833851045810456
0.25995745454677643
0.3034149626187203
0.3113835592022312
0.3012442161051112
0.3481174289549159
0.28375047143858767
0.3149515519767745
0.3008340969225072
0.28068497584508584
0.3534271899673431
0.23206050189254906
0.3156969695082731
0.269801779973123
0.2821317341719055
0.3295556523299794
0.2933344686311227
0.26660766987453616
0.17440346526809658
0.202252020550429
0.2915152863070118
0.3472615438065351
0.32148349688668676
0.33573504995329445
0.310146512903384
0.3113778076733667
0.29296667933183823
0.3253976540518878
0.2848624132340501
0.3270708595082427
0.27526619309231104
0.32901256854961447
0.3620277863210521
0.3007536599061831
0.09888372213408653
0.3066991842436039
0.3539944840748201
0.23899850582071608
0.29375743310002433
0.32180901093581
0.3819458234898655
0.24615673098411517
0.2418198244315492
0.30466090776416477
0.26095419122294866
0.29262202787260483
0.27192582206685223
0.31797145585462544
0.36171312346808543
0.25573374749119937
0.3410320666350497
0.3116519082305036
0.31140679993006526
0.20685706096214973
0.2568954930822603
0.3165597622800762
0.35545218992066646
0.24445401720905377
0.3621374380089473
0.24736336299225412
0.25293677685472216
0.37278783558570133
0.230082511034595
0.23256455321633757
0.33586818804810914
0.27771740988784677
0.30562155782970385
0.29343480890204515
0.2790877541694214
0.37626242848104274
0.4252581156184482
0.1937991981232435
0.35879502778571787
0.29745662069568984
0.21864262521556813
0.3548779594644084
0.25919767576743225
0.3910320196529329
0.26910604837599084
0.30652786307701224
0.2464758205283464
0.3260520266989779
0.2656200585177422
0.25999390966807473
0.31265784177840833
0.31434958664866935
0.3132061223799734
0.2710104244520578
0.2860278565642235
0.27078197646816615
0.3579939877316146
0.3378865507251415
0.3474667470479607
0.32196366517303354
0.3033895378058273
0.15232012370963696
0.29406426837430893
0.3170916338352587
0.302083732450997
0.31531030860857084
0.2480955760353545
0.28765216090859713
0.17201407633179092
0.2678586013263331
0.3061245734594818
0.30874042553660774
0.2716277341269005
0.3074492305774714
0.34354465517007143
0.30725038718539693
0.2587734948056198
0.34034880241276944
0.3107712823224095
0.25945592794886724
0.24962644278537294
0.30003298473430534
0.2921286002464198
0.27309471350143083
0.20644988753544496
0.2664229740818532
0.1958291495799512
0.2567901526689928
0.2783770067584465
0.2920722453956573
0.24090481523461743
0.1938806217121171
0.326896143490649
0.3001069477974746
0.3140797586934174
0.2683639984268731
0.2426709926138568
0.2784306499109957
0.2934204921375465
0.2928036072795809
0.2833993271420253
0.28331587707629546
0.2846029048293376
0.33605802335550605
0.2572437375052547
0.31806731008138817
0.26500596809856497
0.24549407808608537
0.2377579998065494
0.3493593392362958
0.32788751576579456
0.3405627609261635
0.23694813330031206
0.2667183626285759
0.2813675279761487
0.38476071302789105
0.3162282671603378
0.2941373210616706
0.30515367237985275
0.3468443228400362
0.24034776832665122
0.27197051660768246
0.3070855510049728
0.30807663435285115
0.2595568317078464
0.2460971981464676
0.3416927904696196
0.3241080107505971
0.2761174083595054
0.3037910613088658
0.26688764485835476
0.32569502186434557
0.26054523526423956
0.2966231885453621
0.2289701834185691
0.392861647498779
0.2965089854439959
0.26949931156930995
0.2858225048394736
0.24835120931844362
0.27301538304979683
0.26587559786960036
0.31676412875104043
0.28429076657468016
0.27773491432842595
0.4087955989350851
0.3190594977603894
0.3080605889608324
0.31680407418632894
0.3386943526597241
0.34357991959025946
0.2875464934521126
0.31071858033882527
0.21854742775939676
0.22752529515257594
0.2773999253756021
0.28533232919044105
0.36024153608550624
0.2535471327447448
0.3000913383813632
0.36105094252819026
0.3635553139862382
0.3880220724588187
0.3331891451472478
0.343725368975168
0.3632951230876914
0.2654364221976073
0.26471506590238203
0.2850607668553
0.42634122040845795
0.2894369086864945
0.275923106719046
0.2619377348192676
0.2900314301146948
0.26376420166456316
0.28473428332734035
0.28049878181178195
0.3286570882510645
0.2556844698736836
0.21749790165171098
0.3471807032477416
0.3595337617710453
0.25628237741329013
0.2822868540771412
0.3156385021969425
0.23650442875926353
0.29238580612997095
0.29207493229586406
0.39452065347802107
0.23889904110077137
0.27052587807726586
0.31879676048414884
0.31455668604401477
0.3674270264972706
0.2832929555699304
0.22559532349283826
0.2917793189748545
0.28663312862067625
0.2629558015213919
0.28832197758938155
0.29397828750698096
0.2769047251881056
0.32274240497939277
0.3168667587529126
0.3151515159476418
0.22417267419413028
0.34386667157571826
0.2261687895341657
0.28093629929042446
0.2579979269587446
0.2980665090550922
0.28097885732442246
0.23633734651497612
0.301987121399785
0.3577896123017181
0.20272486576884294
0.23106355894450675
0.26106408475747733
0.28162934976296444
0.1759373287685609
0.20738752392526952
0.3134527894156977
0.20121932975421158
0.28756503977653075
0.31008126624556964
0.2873255026345941
0.3815045175878985
0.27954682311054097
0.26724470001811
0.1941117768228351
0.20100119789965692
0.2651713330991142
0.37801859962194995
0.3519586100009084
0.27857251411202016
0.24668974005244185
0.2625068000731838
0.30909500289611236
0.27436120665146224
0.2714932552239874
0.30022619015128665
0.2863950562169607
0.2533539362927979
0.4115287592074785
0.35845971943306043
0.263102041703748
0.2808520206481348
0.2702958882965618
0.36931179496320515
0.2766930551668659
0.3178537087379628
0.2847484694076427
0.32355253129575445
0.3001412672475424
0.2527116356208956
0.37503228673255845
0.2925360271352249
0.24467340140323363
0.2495667670840634
0.2493988179953805
0.3325776101574464
0.351396621819353
0.23612638217821036
0.2948738027542527
0.21720544623891705
0.2007002018822276
0.2789565944639725
0.2580298653846277
0.30395619914613564
0.27209819690773135
0.2413132788238149
0.31797000809106646
0.2647484352841888
0.287807452474608
0.3116055529878993
0.3233255087888941
0.3423944382237027
0.2723385300790983
0.2143949020623156
0.3175533135894998
0.29952733788644864
0.13805835469799324
0.29100091388449834
0.23924505490167147
0.3357203392489477
0.20940274303901613
0.2926211963401055
0.25609282009779677
0.36569527378387157
0.2839898329790102
0.26848373857804037
0.27235391966160466
0.27692092768812193
0.23788801483154484
0.23018699688870703
0.3057769233171642
0.3189650239436912
0.22796150610324295
0.2747649555883143
0.269427019199411
0.2187741973103869
0.3047788275736045
0.32320183956871057
0.32770973423383665
0.338470789013247
0.31887993749758986
0.27413671240407494
0.26204009312435744
0.2809203706627234
0.3323765746331225
0.28181019211818703
0.32485665371265304
0.26930803449755053
0.31321880253471324
0.2351440502689933
0.24270260309556635
0.2780926280691047
0.32598648048486484
0.34219271739744117
0.42230075625757163
0.31917257268625765
0.28745853575642094
0.23940841510818991
0.39109543464034885
0.2328757816202167
0.3000217132799917
0.2934878655645888
0.30536898165218257
0.23830520724907267
0.30869610368570366
0.24768534338592083
0.25262965141728694
0.2616603111885437
0.2836211325817491
0.25852363774596354
0.28604350681931273
0.28805737536779413
0.2679656338930057
0.2787205557469556
0.3159879113673601
0.23689457402373312
0.2554482286872152
0.35744672516387677
0.3043016765413306
0.3667676633497684
0.27140086313958345
0.3509395717523118
0.2380706554692081
0.32703282426513364
0.19846998506728195
0.352656019955325
0.2505967775213734
0.27341146305864744
0.14191177299311553
0.33872146768471606
0.2800096237206368
0.29574762893130635
0.28739741312446443
0.3025849355721625
0.2961349821259072
0.30134949374130454
0.3508318459490988
0.2827280065657369
0.2915817769322689
0.30857690166091606
0.28801099615488457
0.17447896885881894
0.30051670692226234
0.34554167447538525
0.31561455503500174
0.366395581949145
0.21876267289275803
0.3437874207996527
0.33123603309428606
0.19891852224423798
0.22750627044672259
0.25164321087642794
0.1985880334887467
0.29051369412043143
0.25377278084280586
0.36595566204178925
0.29072999772242125
0.3322429817841621
0.29399634903352206
0.26044221861038114
0.3132259821667867
0.26005112662152924
0.3044131366002779
0.2648382706322518
0.2917598619545659
0.34876003619935175
0.32932869366037504
0.2703220335516994
0.31075139864672063
0.38622061488607196
0.42363937072056196
0.19723937390872032
0.15667430438951638
0.3860186342719056
0.17616531344531453
0.4425611678721135
0.2456335932897794
0.2068326422102161
0.29108566093559335
0.3306341259173001
0.2052647949642899
0.3671891966537304
0.2516498131318035
0.2370369448290487
0.4260038150861472
0.2631353431267932
0.3100890822484394
0.27537203685005274
0.33946720519036655
0.251067165824268
0.26889976185967296
0.42345205431813404
0.320543741410129
0.2160964243147915
0.34437774697195345
0.3080004283539477
0.3262106205119939
0.20898135246469882
0.3560994666616137
0.283367528668848
0.26519073872600313
0.2978060173533004
0.34386600791539546
0.24658905913600082
0.27823268287174213
0.2687882405590135
0.3068700206267551
0.3164353759283504
0.3348216997712376
0.2643632220840625
0.26741901830627096
0.23163413739892333
0.32536553146524166
0.3037798858544366
0.2846397682587945
0.2756516126074756
0.281632556283742
0.31531383802630053
0.2728743332237282
0.16936798460402622
0.33350727339825464
0.3812804811494771
0.28120378031764426
0.31840089228051305
0.3264446422020587
0.2979616245517678
0.26761651555570093
0.27602529789995617
0.3145984011060491
0.22996229877849086
0.2964593239571604
0.2126889528065939
0.3694762822846681
0.24727487524835995
0.2696303493035319
0.23212124762742836
0.25487663030297664
0.3343753345918616
0.3097963512390853
0.30436670868526844
0.3310844061518367
0.2949224962331035
0.30841768714964624
0.27466530327254673
0.3359992631507598
0.30441578360199695
0.30097817138348754
0.2599421982253997
0.24277418088807373
0.30673558447067634
0.2738493569608053
0.2987756337189431
0.31136512019142887
0.3370350906606796
0.2924451312346093
0.34641347358165336
0.2743345706543194
0.2675193612482313
0.3463971646884434
0.3828885836115609
0.34612416449860756
0.2308027740928543
0.29793165969624963
0.3486744632587356
0.2955794454742677
0.27979776662484773
0.2252479332233073
0.25187294183566683
0.25707427091962204
0.29297122183018226
0.1576651175617818
0.28756992186233743
0.31036903880182776
0.337134803932448
0.23525226390451
0.33990555476885626
0.26602157373398777
0.2970531563123604
0.26728476244656424
0.30698343037854675
0.3432873127408448
0.40711113339408767
0.30567029837684206
0.32094900613159105
0.25628007686616433
0.3874452652955633
0.2847233976131574
0.26890503225364965
0.3100593106256926
0.18461836623054834
0.2747400544143672
0.3968225624802806
0.3318641277280206
0.2599961646015049
0.1889801558271077
0.26888073144482094
0.2330050104181821
0.2633114368304816
0.2986442635012169
0.27283608014691846
0.2800954584956097
0.3836831682199448
0.32882839457308016
0.4038537190642624
0.3539196180704892
0.2967438470195553
0.32968343784394577
0.26436692278507434
0.28480739774523045
0.39728982753318565
0.328216076568742
0.29650346331047467
0.38130749823652854
0.24539048521570384
0.29468180141218686
0.3828059329630542
0.2569329891968681
0.2427848519535085
0.2721206561127304
0.4021464518336871
0.24648294743286792
0.33519692591365075
0.3275289290320355
0.32603262059301286
0.2867596707147383
0.3230487223971417
0.24334558168076165
0.2819142223173894
0.3401104398766732
0.2661518347049844
0.26278962024132757
0.29203538430142084
0.314806350182512
0.27773450264721516
0.2133108276659107
0.2592544801508508
0.3176527787422692
0.36789389735476186
0.2847760544959677
0.35659869860110394
0.3150448018718145
0.3727458401576057
0.25770657169883265
0.42876032356903665
0.2809662850563606
0.24393930035431569
0.33076702690775023
0.33345103687886
0.20993866307274342
0.3333489015579463
0.2900159418044459
0.28152032822488665
0.3325928763333705
0.4306066589550731
0.2483398983362157
0.31996057399923705
0.24301160316408021
0.2501463867513987
0.3319924849304717
0.3356416205436145
0.29436229365747174
0.28893998462126186
0.25565410166285507
0.25745377261573177
0.20503929830769876
0.3101955666889999
0.30339842138909584
0.32923292164268064
0.20429216982891502
0.32028235780534403
0.2969474041049924
0.2843542161700206
0.3229721601052045
0.3492026997827277
0.30297167183395946
0.28977763543969387
0.38336061214733796
0.32207708208460034
0.30591907564854026
0.3170848403304953
0.2556436254248242
0.27081998781520056
0.25152535049793645
0.2776189176487416
0.24825077888401673
0.342297584821292
0.2692907700032185
0.2678507897696401
0.29146354477501124
0.28131160259444554
0.18563046052559848
0.28390911946953956
0.40225812281455525
0.24253446649416552
0.24700367180378005
0.3486943932639411
0.28034993950599213
0.25687533141144864
0.35705965204124634
0.25161153758200316
0.22373388533945046
0.2506105465166867
0.23533625973390104
0.19481513359221203
0.3365872062149587
0.3484310781088251
0.31669112753069345
0.23263730970428542
0.413763783271661
0.2725618494838431
0.26646684344724725
0.3093880428971796
0.31280270810458294
0.2680847717828121
0.3386703505850871
0.33501998012150375
0.2523125671498492
0.29319475575119003
0.288144155910976
0.27332411401791734
0.27415428689768434
0.23037423574297552
0.2903074506669846
0.3502545593556849
0.2941032394057611
0.29131516774386573
0.2988490412796433
0.29416364427515135
0.2688299782176183
0.2662333518493955
0.26250353507896507
0.26125461226549496
0.29702165573887795
0.27788671898486395
0.3790999587118104
0.32432788965060444
0.2567897387094303
0.25573681211315685
0.30107064414516177
0.2399101161417992
0.30054606596570016
0.33551461163914276
0.27525725283771607
0.27734857866687307
0.27123165771218805
0.33696537789157344
0.25227615940765635
0.2803862882037841
0.4147561831589665
0.31038194733563446
0.38170474460656784
0.30582340577751777
0.2702163890313942
0.2660657660268832
0.24142410272792048
0.3267241528527227
0.31414621836686274
0.3040015552469663
0.3181701907466656
0.30760471375991305
0.29741642258157963
0.32020499584028633
0.3369636332550696
0.2199730608148092
0.36689713723298656
0.29656714789005406
0.2768120431435618
0.34575789887218417
0.24700780517519327
0.28780733285630455
0.3117962924860183
0.32605569818611996
0.36820476827627796
0.24789386813487718
0.24413079476650565
0.3070520887864704
0.31539238921379076
0.20499945008300333
0.20086155509251055
0.3433901190904002
0.23914861261364032
0.2745706286137212
0.2831237522901637
0.27779158590075337
0.31517306762506897
0.27667849088522367
0.28635816194912145
0.29840386548527364
0.31906024250594245
0.2932411442641892
0.30345120737039594
0.289247332447791
0.26593905148254193
0.33809893834535404
0.3046821564157196
0.3319929301847255
0.29967854765317903
0.30561325232759906
0.31124898464322626
0.3138462321290767
0.22694792720277326
0.37970263911250224
0.29031873130654723
0.2938853810838321
0.1601614943959939
0.3364114511092835
0.3058269213789292
0.3067934195081581
0.25725228203523587
0.42476064807715563
0.3931033039991495
0.33327252399819207
0.3433052278268098
0.2874497220363513
0.3346540384112393
0.35168857723061814
0.28902772039644403
0.20024240178180494
0.30209321637218073
0.26066088777671553
0.28397765856546087
0.34734198176345515
0.37196569236535904
0.28925378423061465
0.23653543252960674
