0.23292181252369623
0.32321897856868365
0.4067806208310615
0.3339490455822021
0.29231127011651226
0.27771957527394364
0.3341753905326406
0.255262576478103
0.2673339256095359
0.19393122117738706
0.3919743135312195
0.31269051464421566
0.26276499000928677
0.31886741282098624
0.3259384480643566
0.2784355774548121
0.23433766158608196
0.2563527114327916
0.31031826721449235
0.41058218978414956
0.3200777270005151
0.2533859751903442
0.3445432943338195
0.26877288179373
0.2929894450560698
0.3772226586271387
0.2340207033547334
0.2903782320890424
0.31079046868318616
0.29957031794943767
0.3547997961612852
0.27928067116007116
0.2568293319402642
0.3607471872189633
0.32365660304068483
0.289971221126118
0.28016943998829474
0.28777956461045257
0.25846741843888293
0.17901801230462414
0.27663037197536755
0.2740462221022561
0.17241991294912457
0.29165553780406045
0.3260464958413227
0.2020601568978875
0.32768750963045257
0.30035193806661076
0.32725852782233283
0.3463873745657046
0.34026048023218225
0.33943948278515906
0.30043062581531144
0.32012144232044554
0.2066983672025986
0.33247805355494275
0.29686472156998417
0.31713482923158925
0.25223908374311765
0.33453402566526463
0.34016780809248726
0.26866797408151755
0.29854630217261025
0.283405540071769
0.3173189776709186
0.3548074110773934
0.3326070672878575
0.36429111065958486
0.24300706334395963
0.26508641677676864
0.2837053566069353
0.20078049343850518
0.30127475642669826
0.37780827078519164
0.3010977624545219
0.2781483664227459
0.33267663369977696
0.25703238473676954
0.30484730298280216
0.2565121001891628
0.22536036202877122
0.22203245543112363
0.2342899553534698
0.30368737901201415
0.26262534079612765
0.3869583898597015
0.3385859271306062
0.28014784815021915
0.22914002322907698
0.2693705844977491
0.19491862401653884
0.4297342024478062
0.3991917473447302
0.2917280225700997
0.28834550178025253
0.27704938596516077
0.3131907781576699
0.32837230922074745
0.22299705579238857
0.25326695313932734
0.33568100751054425
0.2753576081623448
0.2977285193344167
0.3338222920750363
0.29030015151669786
0.25922480560019306
0.2735198689466728
0.33883937074258874
0.3180975305807769
0.32558947105716696
0.3427800806337245
0.3343404990476385
0.2754509722650836
0.32511818656956104
0.253306167771103
0.270677490001053
0.2589423468886233
0.24393794588609094
0.3062465976551267
0.2830389856374206
0.2780499454901522
0.26162363072049605
0.36026203293429016
0.35591814002661615
0.25652631805949494
0.26787432473008355
0.2790161393597208
0.31840463068043795
0.37810791138615857
0.25092893558813606
0.2729982435425384
0.2729715706862976
0.3054737441351656
0.32887951232777357
0.31331710669853857
0.23692859889913453
0.387218861499847
0.287712075656227
0.2764727478031155
0.2654426022083406
0.30209950846393724
0.28479706168810315
0.29620004839526803
0.31405161147363847
0.21954367097764077
0.2773361926769686
0.24931934783172793
0.29775185697386836
0.2486481973865925
0.3055322340283257
0.2499939086471096
0.26005359491541064
0.26426813339856337
0.3050060786081881
0.2331561542657919
0.3014831287805216
0.2979042734605219
0.17006365623473926
0.2687382344378793
0.2669332888558692
0.25725950544790227
0.2823704192918783
0.3162559938294211
0.2637860118281881
0.23102402524893753
0.3045474973812307
0.2304449132387462
0.27809740944989675
0.27938190455853257
0.2504105750932725
0.2940663865891651
0.2658599007244431
0.31755187040231375
0.3236731192222835
0.28376506969891896
0.34391686571338437
0.21336670607284147
0.27412820659768816
0.23397221621049355
0.2861762367583849
0.2801716115163756
0.31880216495830666
0.29655239046441817
0.28255981983991474
0.3147162856059289
0.38356674097122884
0.3419215110319012
0.4175507900216593
0.3413787544077219
0.258298945641333
0.27380046109844436
0.2860308420851532
0.2906129372317296
0.2915009109107813
0.3544837942527297
0.24032614583207884
0.26298375832933696
0.3417815469624538
0.24883752890022098
0.2522163041462922
0.3020423005730617
0.26184200276482666
0.2668164282157931
0.30860808098097875
0.3878535337388047
0.2950109737876386
0.310061414411087
0.24887716884034453
0.2779078200396633
0.26080421112693397
0.3188906369039109
0.28169435097019546
0.29551304769330616
0.3119510108650029
0.25413453207067804
0.3393372677129164
0.2811958464038333
0.26811554482221844
0.23653069774376276
0.36518849806855636
0.2044152540102994
0.2988824088716959
0.2994285437227421
0.43794743265816183
0.3496499940514718
0.33156883379109436
0.33175420916138904
0.169145625352834
0.35290661073354884
0.2530923325812129
0.3045964873984171
0.28134029230897245
0.372637822757304
0.2951142679092038
0.29925573502106106
0.3446121992655672
0.3163179324200355
0.2980547580422216
0.3361079968444024
0.4423776439422495
0.2897782619591424
0.29467351785027224
0.22164183750893907
0.2944006334236825
0.27467632116590174
0.2604883638410554
0.28576239578021634
0.2685218488530837
0.3259138680327847
0.2505752543665991
0.2890864575875221
0.23494025455735254
0.32828965690127143
0.2696591497710797
0.3080269125406761
0.3032207299018488
0.27233210621483
0.26594821418678327
0.3012820150395566
0.2884401068267023
0.3381319971647496
0.2882949287685798
0.3012084701492374
0.2882234897146643
0.3469239482294607
0.31276735242541215
0.3354326899044854
0.21428060340186672
0.24261185687557674
0.22864454729825356
0.2882896266829841
0.1892217996294184
0.23632969185957095
0.2686261968602771
0.27987227874089243
0.3426636557700723
0.22453488444157013
0.26751693414991784
0.2750018145003421
0.32803772267215797
0.25410472316888133
0.2652074134685414
0.19562087820538518
0.22198348765457476
0.23597154918193433
0.25682806825963367
0.3039934331076826
0.22947431834343368
0.2797046792959757
0.26331771133704307
0.34157267010929776
0.28195128674815423
0.2975436713772603
0.27824954022075765
0.33800636366661035
0.3504526210560951
0.3030074055701609
0.2860704845760969
0.25435070940371246
0.18556655973070066
0.2505227977596438
0.3814467190986419
0.2667313208183996
0.3633536716740945
0.28291371194789244
0.28554764115839143
0.30569645371826065
0.265074060487734
0.23687662687462596
0.31303783628949516
0.2475503667408835
0.3948624318021099
0.3002712773281459
0.32832197774954763
0.25622804830791407
0.30843898718561785
0.31279754149433425
0.3405366643976827
0.1906326653233112
0.23020152982257885
0.23487021344410552
0.30210259696572045
0.31817490620348554
0.27277794152231
0.32585300264152145
0.23066451860465753
0.2884409988487432
0.3500010480420988
0.34704047867677024
0.3802339650872437
0.27312476236157124
0.2881747826718566
0.30767699533998605
0.33347050464678524
0.31898777137515744
0.26707118984407907
0.3007066552044466
0.23639881511373698
0.31266659649506146
0.3106792193397057
0.24092023690257158
0.2961128939896842
0.22883533979662646
0.25373041655773787
0.2814747857356235
0.2815458418259005
0.3343079766710711
0.26972734891426275
0.2826266920730345
0.30639055994684133
0.22142779859485762
0.2528350967259809
0.31633995071263776
0.26124454700287625
0.3324739138956866
0.30844063116999804
0.27879482141314493
0.2627298532711209
0.29957075698876506
0.22672692079206758
0.3045704572767146
0.3161357320500998
0.2592586899242911
0.301875228375266
0.2969096074689345
0.3053498883577192
0.3697640961900866
0.2813205301671836
0.31962239375209295
0.30470858658153144
0.29240790712028547
0.2885990884637157
0.3590307445596157
0.2814240558668259
0.30847109914132975
0.37730130726971745
0.3300514462122528
0.31062316720106586
0.2875706499844609
0.2706597771804303
0.1973654425675938
0.31218253358142206
0.29124667520852765
0.34306852589512515
0.3290729814009962
0.31050690137350556
0.29489607541138513
0.2838208571393481
0.2248162752669861
0.3010992878648372
0.26960965301905154
0.30803694280446625
0.27114309066439946
0.18793684020172757
0.29931691293502066
0.29552727015955393
0.278213058387561
0.3354115449344487
0.21213960590303765
0.25413491089883244
0.31464045942575297
0.24525341531373093
0.2532992018911612
0.3639125378640416
0.21349349145572177
0.3174795175926398
0.3087085328956375
0.1479893025228172
0.22668659912510408
0.309868998720946
0.2201687946565005
0.2268049824299072
0.2512935214707411
0.3429200989816845
0.16613990569516168
0.2314262875330047
0.37186945578948954
0.30599574177671945
0.26446662755528466
0.27443468922758185
0.09308774309764495
0.33903636312495117
0.31592371211058096
0.2572736605120135
0.30254059354342006
0.28871352523354793
0.26541863550777733
0.27498549794366245
0.3064243737101921
0.18167658071847384
0.2814237691010005
0.2377469355694199
0.2625878943492743
0.2564188223317198
0.24411059208613237
0.24520967918819686
0.29812028242851
0.41703262990776235
0.45885335769232977
0.309695658752918
0.27592062832372033
0.28794959886660687
0.32211846231560093
0.3141513258314221
0.36834626233785445
0.27644483739658654
0.33163471299601105
0.3061998019663088
0.21164676499632643
0.20259110225373145
0.23948762124770998
0.24310760897029327
0.2394565701657247
0.215463435284484
0.27155377708751033
0.30114718935322116
0.20075974532788074
0.24542953224018443
0.25858774542869617
0.29459050721377483
0.265551623868045
0.2562568143705767
0.19223845790664107
0.3357085848847877
0.3556598716498995
0.256199472833517
0.28878118500925926
0.32512094681742
0.2642765078899711
0.15486327787232507
0.2659105866458315
0.14355366836684663
0.31720665564305006
0.3301937723978938
0.30302376788288465
0.41633067555715264
0.2532046824593617
0.31563195328747723
0.3327454579390246
0.2809852916316311
0.263202128770257
0.21038472007021544
0.37137261470701854
0.3217610397123479
0.3027563628372139
0.28608741063115495
0.24733464604968824
0.24544934635172136
0.258577541195572
0.2777609097090964
0.30796140688692974
0.3035230691212506
0.24721225643674516
0.3125675475459431
0.2287052433472656
0.26581048066925034
0.28825771926876925
0.323044751518054
0.2566454225058372
0.35174095869839916
0.2702082699425219
0.30703638305958536
0.33208237533882273
0.2809834084623815
0.30908266821595826
0.2653273204460436
0.24042953491645117
0.3165576461683567
0.357945613139829
0.2917347181766095
0.31395865368407827
0.28323851295602304
0.2841401431294163
0.26716680326859543
0.29401174330923135
0.27023392305419197
0.2516667058711272
0.26309415608877607
0.29753598412250093
0.23356293057951572
0.27456900917188026
0.3426012276038205
0.3262071368575365
0.31181509323523343
0.27126233756732343
0.3162222736411068
0.344274867710976
0.26284153571111885
0.2798192295237007
0.2685043729229935
0.3451579080855665
0.2670331275099972
0.3374577649389814
0.3492117666108725
0.33427680540198096
0.3128269193667502
0.3084068816034297
0.2750025654724464
0.26224827406631285
0.35839372559696375
0.3283229818113626
0.22690552094024186
0.3042709068941695
0.2976482007244059
0.2589647734459822
0.3540358893020627
0.2995198869347509
0.26488455990911763
0.31531522330153866
0.23214571325691097
0.21460234580321008
0.3321118380560661
0.2571855509232511
0.2684250205451835
0.2803785868166034
0.26008682544556405
0.323665786916441
0.2732462099162898
0.24623883929188647
0.3789709122787447
0.25445027957802724
0.24204056018774434
0.29306145585181903
0.381933894008489
0.24573788693419166
0.29132537724494706
0.227686661903793
0.24858300403864886
0.30861367491184555
0.3232668419642247
0.19707629174061175
0.2426335844769283
0.32924092256873067
0.2915513983244036
0.3546087738487761
0.32640093306381074
0.26777643031057125
0.27168441205941146
0.35622572819759885
0.2403145833327074
0.24139123555679867
0.24967662039457847
0.23981108660735753
0.3498927809290229
0.23626267136428838
0.32857354294054353
0.20697871040902338
0.31533461789793793
0.32423533750197187
0.22652208141213967
0.20956905734305586
0.28848866708222765
0.2966840624129543
0.3036023563555111
0.20371529647583925
0.16591728130382707
0.2965820405129025
0.2563830191159446
0.36540646585214315
0.37316523248645805
0.24380273872639163
0.25901768450979135
0.14972086304389834
0.2995530077481378
0.34335611803894
0.2856134215460608
0.27487084080045754
0.19418554612066635
0.32845888243391175
0.2886296469468124
0.3536825391469528
0.2599691865181239
0.28415744043657215
0.22621731497544809
0.34142173078393384
0.36581487705825155
0.25086103221299383
0.19871227279416967
0.24762225616944655
0.29510930992296314
0.2998700059851544
0.3267979643644875
0.25664538537234477
0.30233856640499845
0.23637192699083617
0.3012665261381519
0.3028890014287948
0.2703504256883202
0.30400790258795457
0.27107255651871903
0.3588876525530583
0.3232446447030834
0.2595183450930598
0.3462695690269656
0.2914485915362026
0.3827595360249757
0.3180905250354933
0.2604483547463483
0.29964658253234644
0.28569295703641606
0.3271845628446317
0.39659704922734557
0.30932699352899484
0.27001737390720265
0.32874408691474416
0.25672253927025385
0.2618011050355179
0.27980967690945874
0.2906092119377591
0.30569151085558216
0.2901295459842488
0.220098891251897
0.34111556761435374
0.24213357165589156
0.27665272626525617
0.26454873161416187
0.28737850821571764
0.28295317633420686
0.293430583704821
0.32455510012335587
0.310270731962365
0.2891572296444399
0.385649341256251
0.255378297468994
0.2730020324019672
0.32760980075640844
0.32198199387829074
0.3644304911336163
0.1882455532053533
0.4385303024081228
0.26009514854521404
0.2570880779297817
0.27951148344081717
0.2877948240162739
0.26976182899901824
0.26223133154828365
0.3322415665392036
0.23959923087660281
0.31196144994754416
0.3114337301286108
0.19673022448984437
0.26288370812314793
0.3041599022015664
0.22367372348302683
0.3413942060237442
0.26477913298158867
0.29819317871819934
0.2924105706252287
0.2853902501149313
0.3551364654765272
0.2532859264512275
0.2536148720962374
0.36424598094561517
0.3429745750050269
0.3606390591767658
0.44555470086078425
0.24962640137595843
0.3514334835210956
0.30815150619614107
0.27464954263004
0.2614968105847607
0.3417433487252276
0.29130542927599856
0.3422513829962717
0.22734508561007127
0.2731693935565547
0.3317041729569009
0.3590423076463136
0.3234544426250491
0.20993416761915717
0.2792945890734111
0.22871713127901916
0.29919396724594505
0.25156883358789917
0.34815998179218016
0.285614137794746
0.3239097547627482
0.24704322553299363
0.2313107213713919
0.24880885964872002
0.2796643654335472
0.3297482439226323
0.2828129528249763
0.27249002450018067
0.30157605497982726
0.24175922690758825
0.37145114172095095
0.26439052511822275
0.33708956700451786
0.2595364190570685
0.28689768832090723
0.26774170192220037
0.3939934006353272
0.24075722572411215
0.14140488827671827
0.2056397060897624
0.2570417571797717
0.32538291949758197
0.21984520749769587
0.3295764764825221
0.26328899596005656
0.23883374512736724
0.31138234509487284
0.28003527725589206
0.21361790758928442
0.33498640130647983
0.3225279174702505
0.18552938792600518
0.30408351489350055
0.29424152237087575
0.34975375056047076
0.3928431151597008
0.2675746403995248
0.32092814278753595
0.2947433386385548
0.2910475206154773
0.2949983647993517
0.2896728789530568
0.3038799918454974
0.27393034467272465
0.32716773540680927
0.2976714113162637
0.3298733824110135
0.2942369644691844
0.33440779448379876
0.20408473444821462
0.26799901832460626
0.2540166884970707
0.31823407768913586
0.40945824973369627
0.2821424224227715
0.29524517894302665
0.3351566217389817
0.31580263180119433
0.32062556606563397
0.31043494206372696
0.16604211439041902
0.2536725672580754
0.24918076739518855
0.36793701271687806
0.3369414795682186
0.2644569113300749
0.24705429766284887
0.30705243878334054
0.29831917247690926
0.2689602269161032
0.3193992269750498
0.3919742294802036
0.3016976859808437
0.3068450383982146
0.3062706094746245
0.27101060000112526
0.3229803966752893
0.25501731688070556
0.23370643719199644
0.25813705856225583
0.28715774020361245
0.3151333909668843
0.29982738013741816
0.30381710490965774
0.26503133776098986
0.28730168950208906
0.2680920687448055
0.30040214502805584
0.2579079895912738
0.307719310448628
0.2722503579211268
0.4190902609270656
0.34612793838352796
0.4120091224436999
0.2645009141782271
0.2924995707967736
0.3286819386286089
0.3672964278837267
0.3506666384321629
0.25981083320657655
0.19148770314796798
0.30960778298740127
0.30737623930503966
0.35585415179323787
0.24980580787447162
0.26332509176733293
0.2685398158423187
0.31383145587323263
0.2743232847921564
0.2981649249718924
0.3791208168181368
0.3312453900615169
0.36599617188291517
0.3081863155344182
0.2906378549424393
0.21363369254433412
0.3581290595274814
0.2882666299345099
0.31515939008488913
0.3386675123881069
0.2827012345272027
0.2060366634252472
0.23707345839807817
0.3248862981553722
0.2659846128281153
0.25589301024862166
0.42072078993435075
0.4303643980229787
0.29104997290188395
0.2844643721068264
0.26852962863204916
0.3025472965574081
0.26906030479979554
0.26325771319125857
0.1964804574022718
0.27421522420105293
0.33216652670759417
0.24347198874034076
0.31229392144659895
0.34604391938435153
0.25241983185401845
0.42512901757076477
0.2307799354852294
0.2533566192064187
0.28538046054395116
0.2887140945001284
0.2660436714661681
0.30190156502350596
0.304519047451785
0.38051547617095854
0.2764164250626792
0.3155998489775966
0.30754040378620146
0.351053328208295
0.2764268787457063
0.21410165875247195
0.31248731577900857
0.15295244332579472
0.2807225092397708
0.306129146298904
0.2711856492801288
0.27182326965981546
0.30685669367494417
0.2928167346712559
0.2269589398351479
0.22202803895407872
0.3134138287770171
0.30360348093707773
0.3215233053301339
0.24059148345326786
0.2857428909047845
0.3190743481585683
0.31491666865889256
0.29747858381969905
0.2247992020780425
0.2406445653340319
0.3409481879233833
0.23391141024657874
0.2691884672845945
0.26459347311000875
0.28502064862203846
0.32457971124213
0.3458962722315686
0.28883524881335454
0.38030018855906567
0.257258157639883
0.28538516973989814
0.22377940467221308
0.32335342653405735
0.24517624810932825
0.32361227914276103
0.29576684321704433
0.33103207005880025
0.28376889048862086
0.23206456504540474
0.33759625834855445
0.27313193512194534
0.3290852005770124
0.3801708918443305
0.3041194844733046
0.31565490367052595
0.2841680504327415
0.304892842394496
0.3203532519833359
0.3297391315101138
0.33853781268006666
0.2909447847251297
0.3390816246108657
0.23031704841145997
0.26947176509159476
0.24081439986879188
0.2725686292133216
0.24051876797250965
0.23634245412780364
0.315259784775297
0.2244083431420039
0.37692316537212023
0.3360930818476483
0.2953719018566617
0.22823837961451648
0.27936541486362765
0.2955586933933975
0.2544777220832576
0.224909385553653
0.25636097043258965
0.27353184717213413
0.37573487437740577
0.23227581177599105
0.32630903463217026
0.3113094391376404
0.2253345457167658
0.27997096263029886
0.17303137529954893
0.24619811111742818
0.3042105472305592
0.25189351927403664
0.10785300423070601
0.25574545326639486
0.2761351545845898
0.3297639028317693
0.2843526688555054
0.2584921089137579
0.2984012008971718
0.28996154500818433
0.3496874007393147
0.35371423245550504
0.2802888404429127
0.22239786429225633
0.35857789670649387
0.5183405613034142
0.26871906139509405
0.25170148732299585
0.326840627430213
0.23468785574122855
0.3400792464743679
0.27512610688829997
0.34445453989747776
0.25593055183454494
0.3097943964840926
0.24988844978991112
0.3719073729046799
0.33289386952696953
0.2789929100776912
0.25909158499757023
0.26738876927088767
0.27688742685513174
0.35016437283281576
0.3075244079518048
0.29014836189400456
0.2785381514661873
0.3286791714455103
0.30239110267311087
0.328194337729705
0.34881819323472624
0.30535735105579986
0.3009393879590524
0.3171538711324292
0.31124771093368503
0.3070419617392446
0.31446756987690366
0.2675666862440856
0.29283237702209247
0.3256866526283179
0.30083447755619774
0.25536377961402423
0.3006060427339597
0.30278444447177716
0.24756531828062148
0.39536943675568964
0.33504593495034174
0.24354850795011046
0.26834829283435135
0.31257677449019367
0.2006038069502441
0.22609327202040672
0.24837446857810552
0.1906147441753867
0.20838577326358518
0.24099405341685143
0.2780317216542728
0.26956891361095536
0.28112355842014847
0.25449109423831795
0.27475753792715496
0.2674468048521595
0.2345759385744703
0.34323151791145456
0.20299278523772343
0.3557330049361204
0.19524383340528864
0.30103532618230794
0.2992860872939232
0.319290473097595
0.26217417411286364
0.3028557763796079
0.27948627528193903
0.24277244540793064
0.2970906559698174
0.25808573501485244
0.2761516591874268
0.37546376208484405
0.13449725899297138
0.22184674506041377
0.2775693071438442
0.24780116752875048
0.2468186180680754
0.25675241808673366
0.3128345111342746
0.27917582924582995
0.2307022955737021
0.34468551094901
0.3616841073445593
0.29845042320525506
0.4538834129045326
0.3169717684413903
0.3176697435230458
0.31387560432109823
0.2796271445906433
0.3380326938499186
0.28632535576976104
0.36227828553242125
0.2845588609007069
0.24265069921978233
0.2777626252650365
0.25260843408058
0.2522969042630715
0.34742625100930746
0.17320918129266671
0.23253524617887716
0.29133789621026723
0.31828023262113153
0.3001073243688114
0.21897654382981602
0.3147729665599159
0.31420872041862674
0.32415309439851797
0.2564597552079077
0.27937244186139193
0.26656523945927835
0.15122241282190038
0.2819599704748596
0.28875477358494417
0.308292416409493
0.3259412494796056
0.2681581135823266
0.30077135471706135
0.3631520769742223
0.27943124131750835
0.24913011945916372
0.2646058717137226
0.26004680493357774
0.26948714759941217
0.3308522260204372
0.2536669666169269
0.31292576413036244
0.35076746503059997
0.32579500780619175
0.25422924277983244
0.3038034155057576
0.359696466536523
0.23129388421263883
0.2839192051044924
0.31231988024341345
0.3194612105138135
0.2640043342340985
0.3128672011886646
0.30678774901457234
0.25686385019744895
0.23235593259908247
0.3126483047857316
0.3036492129606312
0.1793087920472155
0.2858488238505948
0.2622902655633487
0.3716239638739361
0.2274550451331811
0.33561509613079604
0.3097360820878471
0.2693000170105263
0.3458440333508999
0.25672200418686336
0.2467915520943355
0.32685336421968975
0.3608503492452085
0.29533006717758026
0.27130560953126215
0.25269283264195186
0.29362295032484714
0.3105961091293404
0.2883457118496704
0.3109636345634312
0.25920205747279784
0.29765854867159763
0.28743834267132584
0.3449927124204488
0.28274411320839515
0.1880954405673119
0.29898208616034727
0.33443864904346654
0.36109633070516195
0.27493835745021966
0.28769411671834566
0.15784266731418664
0.32581372063729036
0.2898962051386505
0.19541660899324742
0.27322098494566627
0.23404423705774755
0.34388997061094123
0.2935427215709091
0.2992778416835745
0.2678884285090506
0.25433776781064993
0.2883158818211639
0.292417545934209
0.2682262692697772
0.412396090321461
0.28304936682673254
0.2968263781633962
0.28904911054233706
0.27335096774353895
0.13597691563116995
0.24659921594157577
0.28814891575819795
0.27495851853266784
0.2839140863855077
0.2761791834397608
0.32129604575982207
0.27202623888112615
0.22242681645818274
0.3106685019947987
0.38333856857477555
0.31577702920857587
0.2757706028957701
0.2566434287672645
0.313874106972154
0.30325904943966897
0.26517688585135835
0.3004824671675432
0.26340303305400886
0.26917022322452827
0.3124975179800132
0.307692148548294
0.24809272418161282
0.27880565327629986
0.2891392783831074
0.3302683928116265
0.23815958468291865
0.2875809950066162
0.2807686350067171
0.2739938509702486
0.3500540920275189
0.29648958217019844
0.21609697713503234
0.26240084313425943
0.22744041868078604
0.23498035454438101
0.28374585411850867
0.3298032925831979
0.2528423837215125
0.25861358465086215
0.266164292085138
0.2800452069720328
0.2872992028017411
0.3119453816055873
0.27941156304152154
0.22026876663822034
0.2973446376176939
0.2488947179556944
0.3530327141304513
0.2249872247993016
0.2695811736265933
0.22686470184928179
0.3562865476713002
0.24126708606554806
0.24654651786990134
0.32727543311746443
0.3136299884660867
0.29279024755504907
0.4237850802064677
0.28308696352166096
0.3006773499256933
0.3499330596305675
0.2622679100557974
0.3244225586652887
0.2709267625909927
0.27983043505239624
0.29084827855235984
0.42534346799037676
0.2535908112153318
0.34088441692399435
0.30961710689002064
0.27875563860218505
0.30469186341960447
0.300122157026123
0.2572923070915562
0.31545091579859974
0.29077891720212845
0.3149653551441794
0.3203368107256317
0.2022388593837083
0.3909202583864675
0.3121574573106831
0.24803637998640443
0.17286750358559694
0.34732698958487346
0.20279270482434972
0.26072303637307187
0.23997256072228518
0.2914488063916009
0.27205976356042655
0.26117595071351357
0.2587990895166385
0.26674523955394047
0.24691781813528924
0.25378141176948416
0.3054589161889387
0.28893477048905614
0.24861119469229095
0.2763600628590064
0.26701036699570685
0.21059029709749802
0.2693684292309194
0.27458779676099654
0.3239637360564081
0.3538678753060834
0.264188417947385
0.30423678366179785
0.25935363340522627
0.4084055490865669
0.20602318939189446
0.3097476859559422
0.33381902244954115
0.3464715199278508
0.34071692421694044
0.2999887177797019
0.3724939589417415
0.2914991966103516
0.27528558555075816
0.2803146756123327
0.22449471630892312
0.32079817439590824
0.30397521207641576
0.2443125445227418
0.363803025522941
0.17166806755828803
0.22575727960300443
0.29341338903792546
0.3133816868413698
0.2878881977054863
0.2952518481202528
0.3298174474538985
0.23969749262738735
0.3860736133645965
0.24456072316696703
0.26308230581923187
0.29078015896242265
0.35277307152283094
0.3047485149660292
0.29639155669151984
0.253861669713865
0.29117308137322684
0.26275297363211486
0.2157596438977399
0.32123187074013065
0.30912940646441767
0.3337134533343006
0.2870572959064595
0.2397961104116085
0.3453705834272859
0.37374402666402445
0.320255788882195
0.33124157715809005
0.2187588758679053
0.3192923730949719
0.31470214731150686
0.34659376921020035
0.3261260594063414
0.20191297085229432
0.2985792850603777
0.2316520794352311
0.304556678636821
0.29443529285915737
0.3747024317205228
0.27680752183427143
0.2581991139115939
0.3877266615219381
0.2554601201197847
0.2785611326713817
0.4016145757628763
0.3528735594611459
0.1862902036344138
0.24813315256104684
0.313486033000674
0.2724124297224262
0.2506969756423576
0.27095046206375434
0.3315058150413103
0.30331903446099023
0.3375872300812736
0.2288425450586608
0.3423637185095574
