0.30431525489382577
0.2414448824569423
0.21986393182867467
0.3228984723337413
0.420284727751679
0.30765791911966167
0.3032813787405179
0.24492250973917504
0.28274388553105695
0.36267659337638075
0.25918613902617477
0.2253199552579063
0.26905348956442043
0.33045335797025843
0.28174208069791284
0.23662100062199473
0.41286863538809604
0.30113894948936915
0.2209883223911357
0.27417413488004433
0.2758030075863976
0.2226349482876041
0.42530533553517147
0.277640509473963
0.23680847840496627
0.38217225848653597
0.2865265790617135
0.3317526942129686
0.2935989961132854
0.3272977595558805
0.26155670590725666
0.33431441953504804
0.37397836271054175
0.24928188581749766
0.31005001903188495
0.31083368009246454
0.2483244789498126
0.4136516485182158
0.28669559139000345
0.33519716240755476
0.3252484697699033
0.2891077267104221
0.28395489227338216
0.28862691488260783
0.4405779761895719
0.28353995899316303
0.2901225504416887
0.2650322448820114
0.3048029230740485
0.2922590278965552
0.33904762017857026
0.3451164685436624
0.2675913350861537
0.3284331426929989
0.3741216726612255
0.2908112082614074
0.2592995334825071
0.3543189935811268
0.1827025880630613
0.27601852023681683
0.2726040117269786
0.37799808228092685
0.2529126935561696
0.2913409266920581
0.23326578759142733
0.30106156500328773
0.3257152397650359
0.2945487033686069
0.3126842814842097
0.17486415792198604
0.35295160607679926
0.3295363605364693
0.281873197152066
0.27049236621648465
0.3163820995741033
0.19830940575312136
0.257224071225695
0.3322892015792966
0.30827900254951407
0.2830624763075363
0.31851880750680783
0.2523862767836827
0.3059095014185577
0.3326320313289278
0.314002966467019
0.27967408663884913
0.22210940488755077
0.233012638358298
0.25807791997232504
0.300416167101226
0.2576768677937408
0.31028172782595703
0.31606775655522135
0.3463174648677101
0.351971935241593
0.3394160136938848
0.2767281536503381
0.2434253671947399
0.23819964597360493
0.33793625110899805
0.2992259532356201
0.376049904393965
0.28147301410912445
0.27249689194518795
0.34309231745747537
0.20325187943938158
0.2774448505305686
0.3870549504884151
0.25970897210246646
0.24384615122287986
0.45813839274574036
0.20318393213075636
0.3101151838658603
0.3042642127301432
0.3665293409473151
0.27883072780388324
0.31943351034085793
0.29165424150060837
0.31535908202284674
0.30797484818271265
0.26075134998855554
0.2902389664653813
0.20251474118438095
0.26506999489744476
0.3094343617662506
0.28805690712253323
0.3020483945979522
0.3194036966865813
0.3703457290310717
0.3452375575054488
0.24868451433521355
0.29736933656447473
0.4255179097068258
0.2799412750454071
0.2296453862138026
0.2550198665106659
0.26201395049228804
0.2664309050285202
0.25076054147055005
0.34318014011587133
0.31910510429285827
0.29347784094102786
0.23317520056451757
0.2587098444414064
0.2964899529622398
0.2992581780763284
0.28138358994984436
0.31149499468626723
0.42837066366230403
0.28615586047873953
0.3289148102287759
0.36401068869083514
0.281555940470652
0.32381835344509075
0.3859991880342525
0.27681779946960733
0.31292570369716166
0.30768816043307495
0.26451753185145965
0.3216906552899701
0.2662903081641713
0.2678289668921287
0.31264632330618225
0.243409916064322
0.35718245997289755
0.2716393189115851
0.2968948549415406
0.2740480307240218
0.14503893158414363
0.29187424910803833
0.2591521215757334
0.2990134533527105
0.20454653360218228
0.29044328302434647
0.3616335270950299
0.3983479543990155
0.2792509862243191
0.28265787815834736
0.2366538811296415
0.30415637758390485
0.5173703380753912
0.3077634391786735
0.2845289405940094
0.27586247413687004
0.3097030407923077
0.3144068190225128
0.31085345735867564
0.27855458284480505
0.3201349103980719
0.3288820033662305
0.2543111793676994
0.31983683851376415
0.3168637684823424
0.2539310323325791
0.2809192529024357
0.29750055269108566
0.3204201205474281
0.2827544895449638
0.24329347316777797
0.2742301461332672
0.24165705668766793
0.22800596606320062
0.3263092152500732
0.33358068272545155
0.3069826054379081
0.2670625001787562
0.3312373967913207
0.2616976011416509
0.29162614921392005
0.25226162283343295
0.2649583126150952
0.3077744516809622
0.3149733816101707
0.20056988293385988
0.2527066471644778
0.25179246413284684
0.34118788595171384
0.24280914375087306
0.3288367865739061
0.29270600400013985
0.27724317472765453
0.31341321325217825
0.3381537252505228
0.2613527632326729
0.33537623231031066
0.3824090225261846
0.31747324764842566
0.2585176521084366
0.28803146329030876
0.25390360436771453
0.28911508541121034
0.1944988869398537
0.22396867391114905
0.2646122416630055
0.27043236017928673
0.28921292276222565
0.29004208668357945
0.24456619719422173
0.31389801411721147
0.2895329839049256
0.3356862104035887
0.35678307390231573
0.26190443320893203
0.19062795447756825
0.3169660432481989
0.29556621904998037
0.3530578254775662
0.3155853484302827
0.3011782589954083
0.27682583383577064
0.2719716682048252
0.2630302131105408
0.3785486327366305
0.30720479494317504
0.2808291480061564
0.28700064399535147
0.316296157547561
0.30479602767553093
0.36607364626945554
0.2746617876105735
0.26439328727563455
0.3095310596639635
0.2505018315126054
0.29015233100470167
0.1937193491652947
0.2801874899969933
0.30339724812201335
0.26416698022334895
0.3153245456174998
0.2497492614145301
0.2822527351927066
0.3068970345859339
0.2702378202001319
0.28528538092234706
0.2706255100390891
0.25902339391272106
0.2752838052879154
0.26563048514149173
0.3417055949183924
0.3023405355481025
0.39535736856427606
0.3473890882503591
0.3496330907921547
0.2605843461106632
0.24968938873001179
0.3042209571933979
0.29189860586513755
0.2730972422520786
0.3878546777070983
0.34075289212076515
0.29142326960021875
0.3158777223865083
0.3518110136822318
0.2642705771819828
0.2551858015343507
0.3014023192132807
0.21880420710731427
0.32820116583528997
0.21441320874675823
0.169883840864013
0.3546891134568343
0.25738366964009785
0.22950659748203148
0.34117596262002353
0.27642806975125195
0.350745092744384
0.19878979128738497
0.3299351426141765
0.2591053926731875
0.2617271647106069
0.30929715964891713
0.18951636106691253
0.3235694641194451
0.25878806767903983
0.2797660463574536
0.16775731091629184
0.3448182143458248
0.31162007904820127
0.3054738816217353
0.2243739825582772
0.27913697309728547
0.22405034269187524
0.33282480630619843
0.32578195844234054
0.23122708953250623
0.23839122054769668
0.2979744862147652
0.2853289902671993
0.3369183910034755
0.2879324365693684
0.28005406650797515
0.33013106354376015
0.35534686903173757
0.23045385075881775
0.277260560552322
0.16039052860552064
0.3425195788131787
0.3086075919129044
0.29310112800086074
0.27930174240150596
0.20076518213229738
0.43420536226917855
0.29664588205251524
0.3269077944279555
0.3577092206089544
0.33257596286845004
0.20926586473162564
0.3478829298198082
0.3056180229494284
0.25040809902723954
0.32267745071706705
0.24246664992233716
0.25950027438843204
0.31465967575934867
0.3119106728045943
0.30237539592834906
0.2917978417273485
0.22760818302088573
0.2328019959514631
0.24637109699346874
0.30118772438434027
0.3053707773957832
0.28255031914499995
0.2290568252433005
0.2823039644508578
0.3243697919941576
0.30001556770857635
0.34691554793770524
0.22626938036501115
0.3953325762345781
0.11146342842743982
0.2605231354061322
0.2693740118805895
0.3392710450759823
0.2477144281138986
0.27826743395584935
0.3153309984172632
0.318815375573273
0.2838726713086909
0.3041761007642258
0.2357277981208826
0.2862286358143764
0.24096165820698665
0.20773331471327455
0.2692039986937655
0.37433074876784056
0.27621254732044814
0.21648777383585818
0.29010319957730474
0.36193836572297017
0.2780615634203327
0.22584822413217573
0.23397783335207603
0.3354684014891938
0.34381133043390355
0.29058086901656943
0.3152104573084143
0.3200084390101782
0.303250479265495
0.2780752276754024
0.3338701098999257
0.23173032997887122
0.27877401396450596
0.31994716151109487
0.3633554699164806
0.32977097203458267
0.2594485856420047
0.29865329627717513
0.2939559737272328
0.2557026646618309
0.1970401329258335
0.3142346574507006
0.26826865091120794
0.3300294690871194
0.288444248649028
0.2512559596296071
0.3810711688136472
0.2598976341899119
0.32663940117477114
0.2590779744449929
0.2660096520959187
0.32487188831503344
0.26083037018662925
0.26137257326892377
0.3476972721536767
0.25031814705699396
0.3484966987510998
0.29122830498682434
0.27228062979398937
0.23796680714493998
0.3088601999863435
0.321416664458861
0.2828277693896404
0.2609754973831362
0.2623216764158715
0.3276234267703091
0.25529063984142625
0.25725601097613693
0.27258897845532426
0.3503591240777347
0.27340016918641846
0.2960477186293075
0.36441192099406805
0.2306651426067127
0.27192952528872116
0.27295861763211804
0.32539930021202723
0.28108371455638415
0.19911844101069218
0.23019685799025588
0.32403370811616056
0.2134522043481103
0.184990654007011
0.32394111568334927
0.293653409956079
0.29845569641503933
0.3460235015418765
0.2602504956995193
0.30695848473873355
0.3285610610056515
0.2576939544625
0.36354818661095173
0.27128354543048405
0.313363162706421
0.28669447680807825
0.1791942796086091
0.2800290991330411
0.25808713322586674
0.2241476150919523
0.3952917469833692
0.23678957076638574
0.3508020879832906
0.2342968121098556
0.3819886291900632
0.3036275559610287
0.18107196335366127
0.2808483601639417
0.2683899480594043
0.32660957009491554
0.33974588074024636
0.3119709155426038
0.25557467788076305
0.2819080594099991
0.3046924457711032
0.30264835494352027
0.3780923735784272
0.31002502486750944
0.3063827372154893
0.20460944779364687
0.297079450394816
0.2948550822944692
0.24246413372263703
0.26821904861987333
0.33332654533104034
0.284799441714387
0.2635129720989159
0.2160832082083001
0.3160668232305851
0.27608627555164295
0.2681779048624969
0.20676914584696518
0.30455186356872055
0.27793451682896947
0.21644033998541884
0.2623460273368849
0.2634078481616529
0.23432641442751143
0.2663743696838347
0.3188625073088635
0.29228887934112807
0.2700321632939963
0.2760178804458471
0.32238775974676975
0.29093334822094213
0.28542328522020455
0.2330042838748888
0.35653277309827325
0.29115517181595185
0.32777871318895974
0.3427749383441649
0.27051353777230436
0.4205998021808637
0.34282028367275735
0.2603719971057392
0.22409051097517282
0.24737970798271158
0.2289416655533062
0.3444268463891332
0.3003928675324803
0.2486994873039104
0.2490721300545295
0.26736889033990013
0.31255104708686027
0.35994042736972565
0.334386824820468
0.33480855527595665
0.38200576207080783
0.25876487034598883
0.30008193741383116
0.4490898653947951
0.32170069719835453
0.26597978995491606
0.33290860096892055
0.34559872544395925
0.36715665301944617
0.263969822288668
0.3284137472015188
0.31065563884362807
0.32643792194453103
0.24982692671789297
0.3738336151397975
0.2688212602179451
0.2688391219189771
0.3056417532481531
0.24452706601451862
0.3137259336881132
0.2728513027819147
0.25499654699673124
0.2593386020761321
0.29314428535017983
0.2633902606282592
0.30282894881454864
0.3015810288429784
0.27945644660060476
0.32676754019285
0.337349557296721
0.22968421887958992
0.1978535081407829
0.31503891343197515
0.3219018409809615
0.23428091131549403
0.4293488947100439
0.2718291026388017
0.23721985429374398
0.2780496324362894
0.13909700862435292
0.25504288916235157
0.3127063145653288
0.2757752206705661
0.28733538615598064
0.28084495166968404
0.26644131900434265
0.2913390043137254
0.4390048766161406
0.2815717326307564
0.2625289323559707
0.29498230877597603
0.23598287462038997
0.24731917484697893
0.2883990420429243
0.3015170430068746
0.2904925861045323
0.2031555889900033
0.33154683296704107
0.3109609565043404
0.30642369071470826
0.2819970708642521
0.3366015863039648
0.25409313463087496
0.2727160977161669
0.2659661959575005
0.32894529380491083
0.3253852022497771
0.25200349981084047
0.27080644805808735
0.385582406812186
0.33660732367669804
0.20401088351066538
0.3070179367992016
0.28543943229253566
0.24506660974862107
0.35927395624056335
0.22719653046338414
0.24683324311291485
0.25837596229602044
0.2486533408923665
0.30063264683643265
0.278768298562683
0.34843549705922183
0.2998271017265483
0.28488598645151997
0.27421232774960685
0.2701737983093159
0.23451806182408333
0.22784009215168427
0.35338565750688494
0.2353831384245062
0.26982570370239733
0.2538255457227406
0.3132512334135247
0.2912599907764725
0.24579968894136375
0.3058179246646379
0.29798774431265207
0.2707532994715237
0.3347983157554231
0.31453937936332754
0.2825675736492546
0.2686288162719509
0.3041508665273545
0.3348355990803217
0.31472845683478656
0.22985905372782534
0.241657027274834
0.2866920584801386
0.4076980195003429
0.26712238310561287
0.2653646622284111
0.3102852140966586
0.27613479067653385
0.279534942813148
0.3100550009357647
0.20683530631334077
0.2967473260429768
0.30941516420895426
0.29901133204623187
0.2762745217640328
0.29246556910710125
0.15344531000331976
0.30484264488475254
0.3273680419008887
0.2806774706614019
0.2815519369209387
0.26403388050316734
0.22468837620276727
0.28532378889983495
0.2906306946528007
0.366426720590481
0.3567905559992687
0.28789460167780295
0.25487081771683795
0.2969256469724549
0.29997152663510745
0.30125048276340005
0.30336663770977346
0.24236060853934815
0.2974101676283033
0.2869479581357469
0.2551143390018773
0.33862413099820954
0.2746835012245601
0.2993699593930393
0.3386805862546011
0.26428822213979547
0.3066409504529361
0.3320483239591794
0.3435242558944499
0.2053499286732946
0.37455289356186555
0.35284036434892657
0.26962673584317065
0.29267158590752634
0.2957184176048784
0.32945048273426764
0.3479934521044199
0.24329612802428383
0.36678596356450094
0.2709403945944365
0.20810456202531613
0.2576464137789558
0.29672649468428425
0.23611891093773435
0.21351495034593276
0.31747552878861673
0.2726155006619086
0.3008500815563185
0.30358503235267503
0.2985505494920053
0.28649588344826066
0.2554513297524216
0.38890604633907205
0.2868141475374371
0.36065172885722674
0.24658821848349508
0.30226398508426183
0.2504681218615219
0.2691588515439419
0.30647173747457146
0.25372021931738786
0.3390784070080452
0.226405623372758
0.2865706826387822
0.26630495295689016
0.3233484864214356
0.2526385405987056
0.2823784055909361
0.2669817436093663
0.34898007855228735
0.40330514698051684
0.31381086903264754
0.3300912630788102
0.2695341849185592
0.21036147283012735
0.24499953488881765
0.2278807667607946
0.3252940201780515
0.3265666181482195
0.29927563777896515
0.3084677216972812
0.23924856592213647
0.24861875760080668
0.3647501204565197
0.29074100884676946
0.2747940469614988
0.3170040505786346
0.22201013101969932
0.4116314739548211
0.2996702517493112
0.40966417916773123
0.25464460036548203
0.3017464445561192
0.23314163833006768
0.324799165754476
0.30036423260380507
0.33383123682102295
0.31731814431457694
0.2367867575210066
0.21013676641286397
0.19743023714573413
0.3070059185471398
0.3335547132382898
0.34203257979826435
0.30985489119849297
0.21621163252359385
0.21951706800740392
0.25670351273062253
0.30565215880174484
0.27146024313341854
0.281773770038929
0.2279086881673626
0.36555857243559886
0.21506320206981805
0.24636249393340853
0.29091371793005977
0.292231599469865
0.3423605538028991
0.3517747661739727
0.22388003483873284
0.2737923151149388
0.2948309224584058
0.31457900107905457
0.2273594291621471
0.34263462928889865
0.24612345643865643
0.32174117106599587
0.2764257532283599
0.26812907676481046
0.2966854089600656
0.2995597467413262
0.28730941455897807
0.2573330807645137
0.28430143977736455
0.3001985574304278
0.2517512967094382
0.29214404694556173
0.37593372681529497
0.29496497226773677
0.3536002861463534
0.2837484058466417
0.15429154867499764
0.30679283958938197
0.3574308224108981
0.35125758935565504
0.3078318477473874
0.17431440154125277
0.2797440151169057
0.3318696073113158
0.3166009518195415
0.3086683168603637
0.3236793366509553
0.29746644039367
0.24241663191947893
0.2455455624150081
0.2819886299728458
0.27265593702236535
0.2818663356189548
0.23618723487530874
0.17202751572368236
0.29322556879760286
0.30299886677585114
0.26744561435237574
0.2477118719563249
0.3784838349045342
0.2649267435666982
0.2935890105142465
0.34033386620874373
0.30447680090226903
0.37050514078424096
0.25192688066059915
0.23556186266635837
0.2831460321250005
0.30846220607671204
0.3220206921647251
0.31222570307985215
0.28116152407263795
0.2588464082666692
0.31255931542451465
0.3808180522170577
0.3200460377970885
0.23372027436990503
0.35635709930650733
0.3512280599950524
0.3316124629075212
0.2846462667368089
0.31242144341148814
0.25563471221297096
0.36013362652113257
0.281535872334806
0.3447073881189271
0.0965097977758562
0.23928949264862576
0.3136332270051101
0.3064250961725802
0.2951383525061954
0.30242969103329376
0.25586642030638584
0.2721001667691602
0.2171843780020941
0.3578419575209305
0.2886192872843082
0.2894356138156001
0.3866636626447914
0.274068272736442
0.30240532083021227
0.2520307103702601
0.2912003604161946
0.31442515322316117
0.3164280782430828
0.3023953524662046
0.2528279471964196
0.3347920278604804
0.38937428061381074
0.2613762599458071
0.226634592642522
0.2582812479119022
0.28239574913925336
0.27590685535873155
0.2922153884960215
0.3252417008348205
0.268036037346698
0.45442300658065105
0.25875306190904274
0.2770000816515885
0.39799820555348736
0.30581337198351993
0.42301706677316264
0.3905569367042794
0.2897433379472567
0.3287514316568319
0.25784454813442004
0.24816733904919752
0.24139046696468078
0.3262705685171606
0.31685086854005007
0.332841969009182
0.31555207650155614
0.2587994197882199
0.26046823987465706
0.2633774593510046
0.2874400664352115
0.2663321676643051
0.3463089389043193
0.3030400134081009
0.29289031518644615
0.15737110638607912
0.2914189188461747
0.2559646511451841
0.343402616107118
0.27851485664164105
0.275057833484261
0.2864967074002534
0.26996273321353687
0.29909892060338245
0.2933387937298197
0.3261357921319387
0.19121456209468418
0.37278335875791446
0.34846407678962993
0.306055316803817
0.3351780771343361
0.25521828219787634
0.33401178175279417
0.31126480888396807
0.29220039931505387
0.3507642135740511
0.33439623468568674
0.3483060813499019
0.33585780587333186
0.3056554663195471
0.2378046051712037
0.24120655783564748
0.3035657199142966
0.2893992444954461
0.32435659256510196
0.3456142004904245
0.2927758996947134
0.20931789937529616
0.16915537857291973
0.2825025381068409
0.32844282382508483
0.32377630905804017
0.3723679562630073
0.3571369114392548
0.25675273779602853
0.33132506413526924
0.17504439329020224
0.2724490504068104
0.273609010161032
0.35121546232310075
0.3618720095721653
0.2553761511315877
0.31790360839500864
0.30099312658846195
0.34125311613010784
0.26741157503462365
0.2870079576108665
0.3341950349759126
0.3367107208491056
0.34076781653594707
0.2671870245229872
0.27429722116158717
0.2504832184522103
0.2928110337351213
0.28925416207552673
0.2965242449585446
0.2618893571266709
0.2948390098310164
0.40297483228910763
0.1909798253315771
0.25531415692073617
0.3131090685812755
0.2535976238194901
0.2707325674176892
0.2980223361018024
0.3111127538354898
0.2554671041322538
0.2779906402483713
0.2940865603561262
0.2853944027171137
0.25453293278048084
0.2966202868519397
0.3136178819644707
0.26519871990254007
0.30478650401266166
0.2589500624950775
0.27091732978640987
0.25866915494113457
0.2305242989199936
0.19230180151594709
0.26636643796153436
0.2282459774611019
0.28745252149738865
0.2510750823994041
0.3607233461268553
0.2969042289818984
0.2639526481194707
0.3390263962616378
0.3176416840817378
0.3100336360062302
0.2829903779718835
0.3815021011011989
0.270275406130961
0.3351722487482965
0.2653423884049817
0.31091777882257576
0.23757092108022768
0.29032232183559326
0.28983629091641244
0.317763815635955
0.2794925392486679
0.2701135695464483
0.2881349877600069
0.21451922910043564
0.2984963992855326
0.2865943844375121
0.335226840800344
0.34605029179984326
0.2586303319962944
0.21043806544613944
0.32583321955641736
0.3597509724871196
0.29293149292757287
0.2635851652267824
0.2259557433995795
0.32898074135852723
0.14827439314180363
0.26994864238708993
0.17647379599007876
0.4213203457720365
0.25117041210455043
0.2794814654513731
0.37655969115113763
0.392247417970993
0.2848475990713022
0.2953415710517862
0.2570796382831904
0.3315790203688439
0.26738709637745495
0.21711992451371168
0.3562359134984321
0.2647713048815107
0.3151697658699476
0.29873476961329753
0.25858224833282445
0.30261110855533263
0.24408813639829574
0.3216097763972711
0.2515117797872545
0.19995688652082008
0.3837816481975362
0.3059833272450016
0.32169044364582944
0.26431305299736063
0.29965122483466194
0.28343559057760254
0.2858148197571372
0.3065468017463742
0.379585998920311
0.277154115890466
0.31154033794970315
0.23471919481855733
0.3076369453067177
0.29544581887452376
0.3937300597885397
0.28458318794826487
0.3171508294119304
0.35718687047872744
0.31789801445266996
0.30623855320564164
0.31010957055623
0.26557575155379204
0.36746372193826543
0.3776169417540243
0.27008164747446484
0.32835874044661034
0.34215890696479456
0.18364150254061865
0.24951912169139073
0.3057229240621532
0.27767957998954745
0.2955599027298543
0.27126079105863243
0.1978279746604266
0.26751705060719994
0.27009791813999723
0.2668530755444405
0.22961501141258547
0.3167014440999375
0.21728492699206853
0.3453490588242109
0.31935415167185016
0.22880510162978204
0.27057943389544487
0.2752731185425583
0.3858264693243521
0.3135413468180624
0.3202447160058179
0.32460844695460694
0.26341659346210367
0.32312777201280685
0.269965847174392
0.28729090084284686
0.24724693050749413
0.3039242183862022
0.4214183849626972
0.30803002701809323
0.3008213561823326
0.30530697439952953
0.31732448964858606
0.32566912039896606
0.25333094345670965
0.288915182341968
0.3082369185004765
0.3183285949993986
0.33259908320386955
0.268054563802594
0.2676217558697079
0.1914255220688201
0.336209116553486
0.3271409058375077
0.3543391710837406
0.3381074469989765
0.22124604682570706
0.27952147992922943
0.21638391310833938
0.3028513246364354
0.317524218962905
0.22369297403025518
0.34684526950871086
0.3055273814503738
0.364975804655439
0.2416808437502754
0.3613935615713652
0.26993855157809216
0.2572205200279774
0.3434770089571991
0.3328393587613027
0.3469444138390225
0.3415716703076427
0.3025175712708089
0.31776945029976156
0.2736474583921423
0.35645718737675564
0.2767244338751007
0.24888307288844053
0.28622476726376184
0.2632323203673414
0.26087680430587495
0.31169364469514527
0.30540150656748083
0.30147565578878316
0.29165542615434126
0.31842121613273977
0.2330599192416213
0.31089734078569964
0.3156832940667144
0.2444930901525115
0.2303526930078586
0.26080775820298485
0.3159107895320695
0.1367105486978112
0.21157296458991326
0.31160235258224367
0.2751019474042372
0.3623817537594596
0.23351823171776254
0.3370981392489039
0.30749877895125877
0.33742024657672043
0.23909233911868719
0.3045230166809935
0.23281803058333975
0.33052144131611455
0.17014488758487356
0.24277314643653192
0.28362236294193777
0.26692715670020856
0.23613758289961032
0.2823003369626503
0.31859959830753143
0.2752361624098124
0.15517454026549274
0.36133274472738586
0.34150050947527943
0.30131111559493234
0.25654486087279055
0.3173722171765325
0.2767606715888757
0.26602044729663754
0.39359965296616334
0.3358169912645082
0.3135665355749781
0.350764365860497
0.29316109689402237
0.3118966935709777
0.254713035844288
0.2782958586911153
0.36009361642813487
0.24153916011715768
0.30353409677808485
0.2801980668122609
0.28074543846240624
0.25032317780214247
0.32109984694983396
0.33055290144098076
0.30194272323080734
0.2984862699986443
0.2579273619897728
0.2462749832765568
0.3261053393067929
0.3051620715802365
0.278371196409656
0.24075620121922814
0.2480659090284713
0.4125599808762006
0.31498892455144756
0.2905476960957071
0.2766740046239259
0.25628538043912524
0.238908943427731
0.34930708210308414
0.31691337920686946
0.3145746592489697
0.2898160427547255
0.32487358616514916
0.33605000131210394
0.25888643261876343
0.28532208881712146
0.25383847795903985
0.2598526461790253
0.2762178487214246
0.22997460702228062
0.23535195324501926
0.25626094734034505
0.2735701413448349
0.27262036490306163
0.2671324080281838
0.2811517591001001
0.27629489211735186
0.24089758031901035
0.27466534521578473
0.29193282175450225
0.30324892684463156
0.3460299917531787
0.344372320853701
0.23630454996931255
0.34357086800470116
0.2687171717061142
0.2608496516024023
0.3057104316074944
0.3551896999874761
0.23758444765633113
0.30528566243306
0.30648808755766005
0.3276966526216529
0.2664968397647754
0.27302650303811893
0.2703986655795667
0.28764039743688447
0.24598437827979872
0.2970837441516628
0.3023664564377337
0.25760242840012043
0.30242704809877796
0.33925612676279915
0.2643094332295202
0.25026610741367367
0.34585479796356833
0.19747059888740828
0.3057535655075396
0.3706367395700539
0.2824481540557041
0.33301647572564025
0.2956478978019674
0.3008673436069859
0.2582811257623208
0.2295301607316676
0.3393769288495101
0.3131659182245693
0.2611153284843677
0.3711313472408201
0.22850832267389162
0.2984999429782193
0.2755054787455772
0.32900398602388914
0.26477228036957956
0.27326044332788724
0.3813577346840385
0.31296830181140406
0.1927569657178239
0.23463904185412077
0.2620862664855781
0.3308354205638888
0.29143459263469257
0.3796209535261476
0.25583500935277015
0.31287696425650413
0.29124401718677156
0.3094360600573621
0.15502270167919002
0.3380052709583129
0.3144719761132395
0.4442952105952815
0.23316443058024
0.18711410496404265
0.2562005658104097
0.31311401100682185
0.32520888308428153
0.35620223105102106
0.35114272394698665
0.3203592653871608
0.28183855890992043
0.24481921787812924
0.20627715586827633
0.2751536314990147
0.3055080825640783
0.2898512333799698
0.2648033756267003
0.2777986891342271
0.26667438165948304
0.29557612815136897
0.2798057609044839
0.25392158912561846
0.26668438393378435
0.3359074524330248
0.2721665041829769
0.28515326536024144
0.2483240119320549
0.328806909028581
0.3307215131407768
0.3153553350127334
0.29565302883403916
0.29079928841892216
0.28922751012036935
0.2280443552185069
0.3456411239015515
0.2436410643778551
0.28176020586107886
