0.21129143044806242
0.15113453858334563
0.25631905212034
0.31598846759341254
0.2905808294012477
0.2878805847955955
0.318426384037913
0.27215363157222955
0.2686344860015096
0.29256975363106597
0.2843173391001281
0.3140139434500755
0.26654377415291264
0.24909257106585425
0.2533644318034321
0.24420630326639736
0.2501349311382398
0.27276556054395595
0.2968629482781588
0.30398559088545835
0.29205167853608666
0.2761151401862511
0.30387113536138843
0.27997630465854656
0.3000254680979323
0.2490167586605539
0.28965222604134566
0.2602768985839877
0.34475369557621716
0.2774413638795958
0.3016773077280352
0.29168874195717
0.2491990268660933
0.24530577806621096
0.3055941676945005
0.2979990178597987
0.23538557299396587
0.2412001979374975
0.28609644616598073
0.2839313880113544
0.3381186670288573
0.32768326399031655
0.2794752558367998
0.2801179438660199
0.27967964682048935
0.28354434738605594
0.33647385069956387
0.32603402403534704
0.3062799348360317
0.19282385947451824
0.2589342607853971
0.23667677021064232
0.29648931288633495
0.30540470148240045
0.3149922687280747
0.3939092471812118
0.25521362758035443
0.25700332717394136
0.23664822264459479
0.3097079424118034
0.32993957940452734
0.3575538360851026
0.36674197660660357
0.3000137569664588
0.2587763985153438
0.2768388259691891
0.3274774132955855
0.2684493792601848
0.3349091195199954
0.2534772325746082
0.3303182997112914
0.354302080451889
0.2781907491235187
0.27007891583691257
0.31625611508103507
0.29640082890636105
0.3149962115045002
0.45778691029933144
0.2953453798672501
0.2756054985054855
0.290868081220129
0.3060821795579768
0.33842368407650814
0.27136434136293996
0.3637741951548762
0.37542985395933165
0.17589841843033793
0.2622375094386462
0.34676424720974686
0.28223066974903527
0.29379752059333347
0.3150320520518853
0.23813501519431315
0.33195589144086374
0.3589541869775661
0.2703164937948773
0.3034492863528345
0.2802419123921761
0.24933428431924376
0.2872554357985944
0.2682241730307499
0.302176863349625
0.3089337858040413
0.31747906756102506
0.3266773229469369
0.24687607681659585
0.3514834533965963
0.3077305619904716
0.25545629722039465
0.3094368523812478
0.3267068895958982
0.24510960349875227
0.2574294945091526
0.3098194732788428
0.20578235461190691
0.25804800408284195
0.34199200664094337
0.2984875224380471
0.25171364900124393
0.2664219534636171
0.3182823029723729
0.3086134488802645
0.24239016206378602
0.3082309570354179
0.3050809478350712
0.27712812726188535
0.27794183197445993
0.34627214650074256
0.32605876645654236
0.28898009167830213
0.30088593548206877
0.27815049920718454
0.4151528003494225
0.2625236231852094
0.30074065800814165
0.28525162541662596
0.25386468083464675
0.2563905264657123
0.3271428586424696
0.3057030654655165
0.3673654938558167
0.3532748364772306
0.2734513869914019
0.21571047434741789
0.2665389111161419
0.27878756228271445
0.22388957213765662
0.4114729306613617
0.23117138399069317
0.4362885036532962
0.2945546668380529
0.283674251135866
0.27112091907922653
0.2042713757216372
0.28357473151675566
0.2309262092764182
0.3359458863062576
0.3382196608350741
0.3428586453708955
0.36777965295959936
0.263260653150009
0.2088694487853508
0.26008696902703693
0.2864440695027037
0.35995045264419173
0.27500387181653374
0.3357434808712387
0.2689305628713147
0.3315362524082511
0.2325905648690929
0.33636757201895534
0.28738072283991056
0.2550601989956731
0.3564620935956774
0.40124817536380564
0.2754096842943945
0.3904311804047219
0.2675214994332376
0.2598248740158696
0.24013154639907094
0.3014286322604401
0.31910964069507464
0.27817684513775315
0.2775004701039827
0.339281746744393
0.2999859866777734
0.2480873899899345
0.24877407966159656
0.29518076267257864
0.32338098374851804
0.27621396330858505
0.30984207956528864
0.3113436753085692
0.23476581915437356
0.2348579053458543
0.3448432800646526
0.325742349042194
0.33059271796072837
0.2911508659359105
0.326679385358623
0.32651804161740766
0.3255325519812924
0.20036900218000192
0.3417868368066
0.35395261291647057
0.3529345033723116
0.3017998500405441
0.18284532243180124
0.3623162411807145
0.3188902033875333
0.2126021308946504
0.26991110658673356
0.2966295589537036
0.2184384512033873
0.19839502355650676
0.30606786837591243
0.2644658280773136
0.2551114778919249
0.22671357976815176
0.2958730572374072
0.26923707917833223
0.2701516443882717
0.2606705913967945
0.29284834853723124
0.2317545661281492
0.3511295521246545
0.3064457947275033
0.303865492180991
0.2884530585842566
0.2892422369976772
0.23558493975863268
0.2456449785373831
0.31642663811782656
0.29109586787610825
0.13758028773459363
0.16219867993504014
0.30317573481487575
0.19664950337867346
0.2642884964869722
0.31249769892004964
0.3492132939273212
0.4420940406086817
0.31534757161655547
0.29391993228897056
0.24346155036227402
0.2802771254570467
0.31978882172459366
0.2918559096854946
0.3645105556716589
0.3070807302335673
0.3580829644446856
0.23942254754461573
0.273613397683822
0.30871410040795677
0.31005928288536055
0.25878827814567545
0.27402572221955507
0.3480884158245828
0.4086939918478468
0.3220250139241054
0.28098286482941454
0.37326808232283193
0.32722971395212286
0.3608358580313413
0.30791502650062796
0.33679896692039585
0.3593670925866351
0.2783771155344736
0.3111515137334874
0.2837775152263444
0.29458267949236105
0.24036762355308627
0.2994556833202531
0.2638215773396994
0.32243531689929394
0.29753425918564413
0.2765698043112038
0.3574734934985
0.2580575879522071
0.24647450210402444
0.36639904046659055
0.2729547829771456
0.25321253843798514
0.2357541794801441
0.283469163665039
0.2785333215697323
0.3290301081648953
0.2615796915245496
0.09791205951337337
0.27433885688949716
0.34421753394196003
0.26808195427828563
0.25835750075898195
0.3142789047621806
0.30297799732147634
0.21029299751932073
0.29787051786167956
0.2506645080147662
0.2231830789604897
0.30077249059760114
0.3353269063597814
0.3468951346498976
0.27430737362517166
0.33132812121893634
0.38480258221253116
0.323711152370653
0.25168311421499695
0.3436361939939148
0.23555836402164798
0.2644655932967595
0.25260386432112963
0.22986360916782694
0.18854472589394244
0.22755440033799346
0.38169560232142435
0.2979484793531715
0.28012212240668005
0.2932802676058797
0.29364317721406424
0.31829975360760027
0.293291749350636
0.3345036351542343
0.3249391741059983
0.17020839243198482
0.2524925829942761
0.26560391471642564
0.29903646870456735
0.24072302891672165
0.38756691184187647
0.25011756964546233
0.20609149310756897
0.36059259369971913
0.29006276262982483
0.3655471561044199
0.27122982912055943
0.17704554544069434
0.34131178527850636
0.26844762147625195
0.2836978183495423
0.31095101484849375
0.42463809173193173
0.250570915734904
0.25144136071852996
0.2932896594380809
0.2715281850973553
0.3722865977645216
0.20069112561530503
0.32767318648580174
0.25976136848929715
0.2037438045925164
0.26051168449116197
0.31387112646265236
0.30747216523308857
0.22659771056675268
0.2740104320076271
0.23521761145195572
0.3721296136073149
0.29190037737894614
0.31232934787249145
0.2776350797472854
0.3286731839781533
0.29974445376156844
0.26915489985982904
0.3005019629107595
0.3067267064486765
0.2892297091128239
0.2749745505229111
0.29000904938259414
0.253291126205293
0.3055565836535464
0.2863743434822428
0.30313874223065257
0.3344845268015365
0.2935783482765753
0.34293226751177786
0.3002975124855999
0.2985051202636085
0.2221055710609118
0.2850725994370132
0.3249025800905416
0.2931289579424195
0.2953605638082114
0.20014681026004913
0.31015967373679254
0.2906621462362371
0.2706086106173668
0.326437515432579
0.3044311000554825
0.2221443324807984
0.29686158669299717
0.27078424294081005
0.23135372592376277
0.36865972321729473
0.33596806768748694
0.2597521991165075
0.27169118360845196
0.2979537798237534
0.27697082770724923
0.26669030741340216
0.24240114469056634
0.3827729179283346
0.28902371580666925
0.3640913160642861
0.26175988419081064
0.17109309888367885
0.2624018014027611
0.21812315776636412
0.2881631447375238
0.2457073908960165
0.30722103017042673
0.19403492231039285
0.31484756195317465
0.23203587386303046
0.3367788253960484
0.28807005774250366
0.3288779132582001
0.289856657757726
0.2707084959905546
0.32363792300574507
0.27491650807699813
0.3783149026413585
0.22936352272135696
0.25699484734342676
0.40356345901320256
0.26397968600691024
0.3188952933028612
0.27260103779666167
0.23846143648918564
0.26861883363852557
0.258520858735961
0.45157030892571637
0.2824296607612867
0.2310957643423203
0.33321301973164086
0.2614464795837884
0.2986017543142486
0.42610567551389306
0.23853928920087525
0.2670790902951686
0.2647714283339534
0.22715718913203706
0.2558746195010598
0.3096778059477929
0.3041985648774243
0.3256787065400631
0.32213982205828723
0.31209582610345743
0.3310640364193007
0.31544596629665644
0.34243925051025287
0.41075352920481467
0.21499087166185643
0.256293191686846
0.2971097940264002
0.31337260800162
0.2869502792435614
0.2876925403928071
0.27748069123000535
0.33223476538466773
0.30163242904983106
0.2129145362522975
0.3621002641571631
0.3603176605541921
0.22124438868271615
0.34256034388894097
0.25651778513422735
0.26611144416635585
0.3435212964362377
0.33434120969159103
0.34970210705108423
0.28574689457382324
0.24058957215732904
0.2775294152378555
0.30725542559217794
0.37912740696643293
0.346858187532336
0.29130533935697905
0.31406262826654413
0.3028072276460871
0.32782797308141975
0.28739342623273356
0.23481310065512373
0.28243612955050446
0.262605403977375
0.34533526220559585
0.3165261764237798
0.24312394716495467
0.3436120292511637
0.29649466979537226
0.3553936785224105
0.27429937180461494
0.260475145423566
0.340142479883392
0.21236384889338838
0.38380291170979586
0.2845894657260775
0.2657529157406956
0.3177811356852012
0.29985736325094775
0.18541601552336676
0.346617166851356
0.3381613290289838
0.33035828922717253
0.31629550870964385
0.3211175977362728
0.28301883841048353
0.28839043044898216
0.20152905839563087
0.3504624529288946
0.31061538191657123
0.33158021257976655
0.35841013006381356
0.3170693651273932
0.24783238674216643
0.3319621565030677
0.33184568454901575
0.29660427955091223
0.3156039071377874
0.3086930672379741
0.26588889559676443
0.2508218044226868
0.225837596789231
0.2587246086775888
0.29085534299652727
0.30364352077467277
0.30962390081263014
0.31688404502490286
0.33680968046705195
0.28661316005060455
0.37494604703896567
0.26152039979410996
0.3576923233482189
0.37578415880082866
0.2926441464424658
0.34081227631603167
0.27430605199871455
0.261910771105175
0.3810791238877358
0.30502961348277796
0.2347706309077865
0.2911698655938358
0.3048356431538772
0.33304088346391303
0.2191100490744121
0.3754414892386014
0.38229745467585724
0.3021077098962112
0.2903458445418695
0.34872364990214083
0.269690005117113
0.36201750158965024
0.2820090351848172
0.2386722911722765
0.30257085984305615
0.2824782431553089
0.24771395312157396
0.3349165987449847
0.27234011581487294
0.2717510999971801
0.2621052580897053
0.2865404580753866
0.22878758985905678
0.32765469860759683
0.310654755547497
0.25947487835812616
0.2829562931925306
0.23621036664747858
0.33950929720415085
0.2171669052775632
0.23890679341585522
0.19072343497362423
0.31519671495074814
0.35482914807355287
0.2980936621544107
0.22582601787510295
0.279533754351663
0.2748935146842938
0.23662537629784813
0.1992626133338202
0.22929260550091524
0.23214021352709657
0.3104925104382275
0.2739110174546506
0.28756550359200594
0.37173165254848256
0.26925158719578157
0.30609366862801884
0.25514339110303824
0.3221222268605515
0.2930216966177387
0.31673391836041936
0.2068561976853888
0.3894611055122473
0.3026531314357045
0.23614610778286613
0.24342220760143893
0.24248578388688838
0.3215154243997727
0.3152651333030979
0.326352957994722
0.2994084345149655
0.2730025659219034
0.3070055283422664
0.27989621148586785
0.2694209031026118
0.3515349858002804
0.2186236970497843
0.28434961766493666
0.2940529205247103
0.1844252319257657
0.26243785530386404
0.3400858279428564
0.2932994090755822
0.2996710466790008
0.37933272813774843
0.18492453156339247
0.2924542085766347
0.3246110058583673
0.3000716179491509
0.2435567898651871
0.31478491722187335
0.31534713833325106
0.34287515176251254
0.25210417059740964
0.26537277612327403
0.24272026119577017
0.328503739314992
0.3155532625852599
0.3590808524909164
0.2510656424415017
0.26961792156391556
0.25176906869734966
0.27081182236497886
0.32550791939015794
0.28736460813731707
0.3245436576859519
0.33296145870277094
0.28041982390561265
0.28414186138676695
0.28715247022663
0.35850200305872054
0.2870659583640396
0.3126469646197915
0.2585646650264972
0.2927831741624289
0.3230707158209742
0.31464004759056274
0.20400177480728915
0.3026584365329379
0.23588349078082252
0.24751713831975383
0.32701930519147243
0.19860041687495156
0.31161282441844573
0.32109979270685785
0.3097816951949077
0.3197464129711692
0.3115564500658361
0.27150392366607035
0.2685681506170253
0.27055588246951146
0.2616405929313647
0.26477250738053215
0.25856550260759
0.11263692823271317
0.2765667508921305
0.26925938526285803
0.25907038374662533
0.2768322304756963
0.3575378252744846
0.26568784039909576
0.3341195102706345
0.35082661233120965
0.29180673277791785
0.2658422906282814
0.3324237526207824
0.32927633251290483
0.3140185080236729
0.32875688242170203
0.3136044609134524
0.3266042796311499
0.30510365142488216
0.31842811453952496
0.2662016356350588
0.2836319327519955
0.3796012002240311
0.31845506174966903
0.31860107134246246
0.22944344990479493
0.23165156762124903
0.33663836573226447
0.2661669594256319
0.24287837869412748
0.26007823239513406
0.3320362460173545
0.25093296877529253
0.30716278003955266
0.25290496738109003
0.4229808080268483
0.3315337495525581
0.2586718661942741
0.22630656102154678
0.29428950761112743
0.3128873858087867
0.2580435912435363
0.29621532832584435
0.3247319893312229
0.2962292759577741
0.2286976139390307
0.2275621507641976
0.3028780455985547
0.30642372086826003
0.3226332713623066
0.2656185916984808
0.3416681505270757
0.3689506881144081
0.3834667059872014
0.33459836999392123
0.257094110272066
0.2547665199609244
0.26216550578841674
0.3429840880027116
0.156208786903298
0.29325960088152303
0.2574366639124369
0.2468710831653382
0.3665488160959978
0.3133423669125726
0.28905411899246297
0.27631975433939393
0.3670743284133827
0.216335600419765
0.23500185654464045
0.3147772539564374
0.3206865998434995
0.3102549937551603
0.3003114396947258
0.2879858044889825
0.15842554524719946
0.34209596925378377
0.26887659981463574
0.25899735212208036
0.3110967000477988
0.31672564334778996
0.26847746972230274
0.27655724985372254
0.3857830855960062
0.24760064067786774
0.26855597049387603
0.33392083958291763
0.23043005416427667
0.2938413395318202
0.2777229502611098
0.3379698723198498
0.24597528940326158
0.28155663152002813
0.3484514065029169
0.2652631934975673
0.3124403771997932
0.2620464663185445
0.2797672085295118
0.27751044439513955
0.31747914763112334
0.35979225170206436
0.3160627888582627
0.2820897107126221
0.35701444608978783
0.2605406364386269
0.2653214824983152
0.25679072852026386
0.23610871737024033
0.2596346137217121
0.33331929152197587
0.2653793472240035
0.30687967566346863
0.3461195753086393
0.353018224903112
0.33030489635711463
0.2749529269007197
0.269646592903026
0.2316706203940317
0.2865821758541275
0.28067325734537935
0.26830307568204353
0.25651671395581166
0.272767339218859
0.3129539996262345
0.35208423044121356
0.36612057432082595
0.2725065386485248
0.28418311676194946
0.28415637658509524
0.3442446513197386
0.277771382663503
0.3178388788284444
0.25731138079927957
0.29832000647975343
0.29808172765683844
0.2649188545086231
0.3064914821332057
0.3060968685646752
0.39486421236420816
0.2685153487127145
0.265557475996141
0.18430404458203134
0.3175219733116019
0.2175111006496655
0.2814427048717456
0.3091501549568022
0.31783879226077927
0.19552062537426904
0.35488484277854343
0.3140494622943288
0.3301018208516559
0.33591221677516286
0.3204417415802434
0.34401042664725895
0.23740316254252347
0.31408706617999316
0.2872646163076833
0.3280862065813753
0.29227268230645
0.23224286461021532
0.2717034473542682
0.24519009584729495
0.267735977972381
0.26095958497189053
0.33835612838748746
0.24960013042479282
0.2730992173445325
0.2881550889428431
0.3276500417982522
0.3316320759634493
0.31761022014403445
0.351305767748669
0.23814737841588035
0.30529167881183517
0.21851018551392912
0.29742951593607414
0.27721351837635594
0.35181011254620664
0.3480941579712393
0.2745375484513799
0.2566834170414168
0.25857214029454395
0.24624791643877827
0.28905820344786953
0.30663525866599484
0.3019174768622514
0.33681763980492385
0.2719650867680072
0.4134626531975515
0.2888186919514515
0.28959926337199854
0.2835789441934033
0.30383103703418135
0.3167453069563619
0.29170920734608513
0.26772877125616645
0.2795164009103415
0.3109321437364497
0.2594846509862969
0.3211510418657207
0.2664544185044408
0.38756851124725555
0.33611919735340584
0.2198972513839875
0.378092441120818
0.2893430849842044
0.3214572623890656
0.356463010705641
0.2947389857441671
0.3187011227306958
0.249552562405127
0.2828388222494316
0.2986956483851227
0.26277849007237974
0.19853912847080674
0.20812289892925925
0.30433335926321065
0.2543060608691987
0.3140657559852241
0.3368606428606327
0.27913713033612175
0.3279497099058211
0.304270111872882
0.277296776935901
0.3174778668427193
0.25609145944798684
0.2980960294582722
0.2564745054258621
0.3497040343558678
0.34990201262451154
0.30659734126290117
0.22911024401566973
0.31861401378023496
0.3330392603520139
0.23576439522453346
0.2907005700863209
0.3966505706956317
0.3077772575022112
0.250595420031012
0.3448151374977562
0.39698315387569155
0.29103636421289614
0.2671341367646211
0.28667090055625727
0.23736705193624513
0.3036025600483605
0.25677193159145956
0.3347974072883388
0.2088705618793554
0.234580656884038
0.31943961012739647
0.26709248318091083
0.2894416383471281
0.30523657294338435
0.3221069009101801
0.2896282631093123
0.30281893270446136
0.4218941986943475
0.42431620287174426
0.30977769389697263
0.2696202404106449
0.2833577371889578
0.3458732662737064
0.2981254778498992
0.37956094647778094
0.28173904625394497
0.30647223906806614
0.3456655982228221
0.30698266645728006
0.40145049878119077
0.22920002920126745
0.3398484206509439
0.3194695509781055
0.4392144636153811
0.27376617456530794
0.2675278143845299
0.24364889606818108
0.3359141232632218
0.23605290098436707
0.28377311613407497
0.30966158642641417
0.26053538162416484
0.23421775815397586
0.30414728390450424
0.25547120374822413
0.36067588670029266
0.2926447115911412
0.373716359184643
0.3731384986515119
0.23531669284962803
0.292365718661677
0.26463188752450156
0.3186920491824868
0.2747023335656523
0.2775892890612949
0.2963944773743115
0.23039069638922194
0.2746888682758712
0.27885049283746655
0.2567995813130403
0.3119492833372953
0.28297477966634
0.23869686181358674
0.25650330185242115
0.28371555552560607
0.30487934606770317
0.2922164746504639
0.2926657818513844
0.305388900711274
0.2644320358979861
0.37581500218959624
0.4230341997945094
0.24869404873394688
0.21947432056716815
0.3162124398028006
0.2599696896090308
0.31664538377904816
0.30191261918648
0.2826080463133565
0.24517522273822298
0.22460221047741802
0.2717915909333765
0.20858788620104385
0.29453699566389757
0.2638318451813466
0.2626000250903691
0.2677450390916998
0.42596794047382375
0.3479065282994912
0.2872548947380684
0.27564448375516376
0.2532016780618958
0.22573951223377164
0.1935574121612221
0.4300623885447163
0.3106934992249254
0.20628218173702653
0.25603750811952886
0.32954966595675866
0.3038960197357842
0.30064378799861824
0.30708411067684427
0.23993010363130984
0.2787085794937583
0.28045744936360983
0.31833017310887946
0.3336175851584413
0.3422948889882014
0.27382439299956435
0.1411216288839277
0.2678075569632624
0.23741617603721035
0.2509385295366502
0.34008985861345126
0.2854617176874697
0.24268344315368712
0.3062136192781664
0.24204928909104956
0.2900277471870431
0.25027564936634267
0.2829256554365085
0.27313402086755845
0.3082201309998474
0.25917502168231943
0.3434544735967043
0.33824446671738007
0.26724892710113485
0.30638938146410816
0.5169997205429353
0.245853985002473
0.3547933643796916
0.30011419158606467
0.2555943762714125
0.3285119266969767
0.3253532438988252
0.306794527023744
0.26946083950174754
0.28023423395945324
0.20424803985807047
0.3042123331022118
0.26477174985230467
0.3147877309489973
0.32348053655992104
0.24263089202554466
0.31347271954457284
0.274170661844238
0.29619216622849487
0.33857694481412043
0.26524423060466334
0.28565642768034305
0.26895074340216774
0.28115286142307155
0.3080077372033355
0.2603557456349834
0.2834088933077973
0.2297752892142529
0.2643259171287747
0.30454088353502146
0.25400211114106325
0.2904721933551901
0.332206003582179
0.2669382278282291
0.34156987499740743
0.3169751535649458
0.29451209249642407
0.31580761634974797
0.2772161105603819
0.2600337322622971
0.28434973363990784
0.20317644312292288
0.34622490886386154
0.23565550446421574
0.274996809739087
0.364747928240558
0.29136608048752366
0.2749579224534082
0.28903248729237396
0.27661336862044966
0.3030970320118578
0.31322339983171404
0.2565618006072196
0.29618617781614714
0.27127291320267316
0.2610229582698981
0.3041954152752018
0.2479208364472465
0.308220406807104
0.22170859262096707
0.2559170157980575
0.26751667327554096
0.24612356250036094
0.17826815544694288
0.35245899606549813
0.22977248120895555
0.26084402498150894
0.3871647250314032
0.31967643021632164
0.27512075322037793
0.29741331683806477
0.21305862335293674
0.2900506362740762
0.32075830748386003
0.28091247748430165
0.15692132205943393
0.26694596077367294
0.2844793878681184
0.3028869461466703
0.3286608618666474
0.27084415938877643
0.30144762928389185
0.33997676086880974
0.3487840992961295
0.25566490160301975
0.3617575329559351
0.3177958028453816
0.3169662662219057
0.2263213481256538
0.3192614496154381
0.2756539158834811
0.27767570398344954
0.31936909660929885
0.34912858197291785
0.29331763139284356
0.2602614839733397
0.20967138437899527
0.3630949347319934
0.3054933994409715
0.15563177532039385
0.2490669216204507
0.4452440246025929
0.2520848910798001
0.2775704250710351
0.2772083294879337
0.34957408592677136
0.2794971171401736
0.30660532283194747
0.28466014500113274
0.27117673477091553
0.2936467650873706
0.1930661547124239
0.3373878535285665
0.23467009535155672
0.29096137959803775
0.38692103102656367
0.3338892889596791
0.3653129479050834
0.3003180900671
0.246331232578111
0.17321356609218455
0.31442492176569986
0.19992376683954857
0.3096054265763836
0.27236226982501843
0.3075803994274459
0.33069966168616255
0.3773692601475549
0.2828544343604968
0.2923262761314942
0.2921260843439084
0.2810794832439375
0.32997303335834727
0.29195722567055393
0.30339648371521066
0.2834631350515151
0.2961512046520667
0.28292447654660474
0.25285279832537233
0.1935565656241837
0.26663086891020416
0.3346771906813935
0.3803619701606085
0.3281082602096669
0.39211808147915883
0.2837754763665951
0.14778111555053755
0.2564636283970112
0.4288603811019478
0.2473627913471465
0.30317464671531325
0.28742171965804314
0.348920455842627
0.35361827047798844
0.25298944532784157
0.284745208734721
0.3264242937903245
0.24395806078460117
0.29862311934607344
0.2818849478626073
0.29261135593344084
0.45463994322357615
0.3052673609287372
0.23080788134922497
0.3144275481114992
0.320736013398638
0.22344629679680655
0.353737855523334
0.24258787141988528
0.29213245139359584
0.3113241423573778
0.4062004314914867
0.28146526653537135
0.2684640368782109
0.3817813540920242
0.17558635233420583
0.33514862500058773
0.3672876805507546
0.33320791766339475
0.30907656278937595
0.25831783904398536
0.3831108446915783
0.30542572909575777
0.381542503918398
0.29927076736395974
0.2175613438149946
0.21749202744950658
0.28004478977783054
0.2788281492748596
0.3487781198776912
0.3908595437748284
0.30838263105523306
0.29405588741115296
0.23765608470926916
0.23183477312264048
0.2728643645170753
0.2439805170729064
0.3946175805715335
0.27092836096694145
0.31425959860404834
0.2725075717320219
0.3040416733268988
0.3121076300314957
0.2805400451347493
0.33571789789801354
0.2626298399740021
0.2599677543738096
0.3371915111054352
0.2588881858808109
0.22770567606928024
0.34047221655086274
0.2607771487016877
0.30658338257904993
0.3484099705024556
0.23900836057194888
0.27132339989665455
0.25807690051303905
0.257477193086832
0.2805770895127311
0.3253953584899371
0.3091091039692179
0.29138009324042
0.2864654121036534
0.41437738376577854
0.20215947389548578
0.193079682664473
0.2834412409072646
0.25150611672397627
0.3066957069580765
0.15976577280358606
0.35714393635593084
0.3345455030943395
0.30583051739670314
0.34418338484460015
0.2939840362177983
0.264508010111015
0.23351030746552665
0.3231116154354462
0.28159636617894457
0.3160617493307801
0.3465346575850238
0.34664820042952244
0.3118144486482345
0.22534103086038046
0.3136262585358884
0.34777736787506897
0.299842151163693
0.3068515885280249
0.259491701814405
0.27386481588135436
0.34583935887753964
0.33137921732758874
0.3249229856964445
0.2253684952810448
0.31242310434070797
0.26062902733036386
0.2925803491549997
0.29178812057722725
0.3602557468738137
0.26578967537033793
0.27054946148612946
0.3158438681461373
0.294485330572017
0.32272510874265575
0.28674108918203645
0.3632498887121246
0.26895810399309333
0.2522077618102949
0.17352026323110709
0.31063216150431106
0.3280528124994338
0.3037574213142143
0.1689746592838504
0.300530664530858
0.2818744135572183
0.3293146194019058
0.33812899172958594
0.2488629192411004
0.315929724677344
0.33550370102450006
0.3400305559476881
0.3931017647308595
0.26297573873104163
0.2957602662490228
0.3155424406541024
0.25132165874550383
0.2794159516451353
0.32321052517083454
0.31114876503169964
0.35792499356815194
0.23769526895022022
0.262685176010443
0.2980523573338086
0.2805642917850531
0.2815954725780975
0.30273738106736875
0.3285521738590669
0.24576138014771695
0.2772321115519939
0.26565917653061316
0.32918877789434364
0.34317083352793804
0.3392298292399247
0.28047601517852067
0.3876137746093314
0.2941717372157225
0.2597627270671376
