0.31862178109737077
0.35119917486281754
0.28804967453483676
0.35312760851890534
0.3030628123537569
0.3646074623488026
0.37907547767108946
0.32395921313023474
0.34501649243691923
0.28508165830251225
0.3850993833374166
0.30487706292854705
0.33192477995050357
0.35064994799234855
0.28937384019557266
0.3356022222250261
0.2790130966041872
0.28920619380992274
0.3222390740138876
0.2750741388570752
0.31011470404693625
0.40818923006224894
0.3042156776573427
0.2906803511492951
0.37611731736969306
0.2556656625166042
0.33141127205351795
0.3227663558358759
0.3070304910076834
0.33649342317549175
0.3260011197835017
0.37232098800430635
0.28831230278468206
0.36202257352062556
0.3524264109862675
0.2903551998407108
0.3587385756366742
0.31646758506555567
0.3859278533286916
0.385732759350057
0.3291290298837356
0.3349928281499081
0.2698467330172872
0.27161241875002023
0.20118037755360102
0.3313290583452127
0.32039354797158154
0.3687370865359697
0.3593151414244599
0.3743579605780856
0.3769976695696359
0.34862212197090175
0.42707056636278784
0.38332000751577694
0.3358147315014645
0.34340240993344295
0.25887274643538327
0.2734430692989811
0.31828074026545833
0.23878338069601293
0.24256687134354063
0.3268707258584396
0.18460417000664697
0.43422877953330713
0.27745689481148733
0.3854805913165169
0.27721401964934494
0.32148676835320533
0.32594941273638794
0.41938512995296834
0.2774078042498121
0.3241581695027587
0.28653394357054696
0.32766688287261647
0.29884118213172906
0.29825616812282885
0.299628088735006
0.3623409645102565
0.3713158071063006
0.3396784521597931
0.336499193507855
0.3162573223596266
0.35601902703873384
0.4013244552803619
0.41159749158270453
0.3839857692586062
0.31464647517666816
0.34393750364239667
0.25292904333035127
0.3065287062869134
0.3301436882270903
0.27395083173973944
0.3880993304339717
0.33519346919717785
0.3237997846452757
0.29485335331004375
0.3427890791968772
0.3839827578793041
0.2839189061041734
0.2769763436589396
0.30727376416083246
0.30395333233544414
0.31787486805642157
0.37302120961970053
0.29277389817456345
0.26539817769537216
0.34295123632855
0.30622416457192575
0.2617572650633699
0.3400078138543012
0.3384146191851764
0.33193650311217643
0.331628655028108
0.39045597903216334
0.30713795752986245
0.3646728188022303
0.3214521403118713
0.2674569279663975
0.2867887586445607
0.3223088083867519
0.2991040933237038
0.3656956806642837
0.29392304998394825
0.28862127507445334
0.33388773774058034
0.40325861891957476
0.25945419907466066
0.39438012590571186
0.25883823503605263
0.3216485609261478
0.3091035091794705
0.3015995318443317
0.2559678661099468
0.40606206954743057
0.2918328231400714
0.3021260239889326
0.3260251837371996
0.3450223863985234
0.279997269813197
0.2890333048433649
0.32712336282969745
0.3231402904652168
0.2680872822136274
0.3019830248113763
0.30951393224728874
0.4198626655470115
0.2265511968485869
0.37358903256473425
0.3215769174258643
0.2955307488769892
0.3032204416626252
0.33285502697320646
0.3998382163332071
0.2521804604345053
0.3447692001437648
0.3814957103748768
0.3206065267365474
0.3358061164522124
0.25962946068629444
0.3148629327876206
0.3023921352486
0.29491224819872985
0.32068460489743933
0.2974193531754543
0.2756247299747021
0.3265703245569501
0.2834651748620536
0.35217454048084296
0.27669774663973606
0.415190168197215
0.3167541913369687
0.3386998099833578
0.32095386737300635
0.2678867508426281
0.38981414131432696
0.2949448593872678
0.4268896038716869
0.22107053294913118
0.3042377658081843
0.29586925003298914
0.31755999055654005
0.3378372765584983
0.30961701067367947
0.32521162702845496
0.3049744740208826
0.3459406193680726
0.3538539886297708
0.30754377031471336
0.28464815198428306
0.45587058016796655
0.30321938730431763
0.3759585324212914
0.29803074476279157
0.4319883082298993
0.3335596588541181
0.41569181482946993
0.3141579270449167
0.3370497041015892
0.26387282127679274
0.33244041484761305
0.35094069077522494
0.28756835737056846
0.3019742972724321
0.28123124789747206
0.22123788658079724
0.30481892734824284
0.3412693293244667
0.4393419878235335
0.3777068870603306
0.327166646566765
0.357772458077939
0.28607967704568615
0.29264513805987663
0.4304852573432044
0.32603508932552433
0.35023628496370324
0.34200395055774635
0.3260868206740477
0.32428133815233146
0.3368331500638551
0.3520390733600449
0.28420489596938797
0.28892084067070845
0.31793710249585394
0.34945634038709344
0.40327029863592656
0.27009845310996977
0.31269543016238094
0.3183286506149228
0.18793822563818488
0.37238572646344986
0.26671942116032915
0.2825350139822341
0.2924566078927074
0.2966573169429921
0.37333230598329553
0.3134970793040523
0.3087955733302053
0.284266136427274
0.40889463490757233
0.26500602593848643
0.2908673211999433
0.29521575829657865
0.3693491356128456
0.33017145473030846
0.430445347367067
0.32996428164631386
0.20986331962322416
0.27420685219011426
0.3820816945971633
0.3058431717473603
0.27572180347357206
0.372307403870913
0.32139233032959447
0.2950425312825894
0.32576535504059834
0.33861124398679493
0.291994087727636
0.31638542350120347
0.27881244884458867
0.31343826943692055
0.42078535563854425
0.3756047312871065
0.243331536625131
0.27972378792573277
0.39388020518499156
0.41877938189856073
0.3130173630913384
0.3297534758725119
0.3031391090031073
0.3288763749278842
0.28450235379552813
0.3761936246501232
0.35264490007385435
0.303011398591227
0.3727622564349666
0.35991761469203937
0.4789370545822351
0.37495758530475726
0.2226329902071082
0.38018307414366
0.2921432398609557
0.3164839349410353
0.3153396610003897
0.34191802819239897
0.31983703600854413
0.30038854207518195
0.29710811635939266
0.28159679794600645
0.33670833581807397
0.34796140036215495
0.30481238249588205
0.4195430367759945
0.2974638895112304
0.2839341635572013
0.348177713707298
0.32920931590317265
0.33273451729629766
0.28620769087524767
0.33748293326106665
0.3496142989627685
0.29848107892508163
0.2838483830927291
0.28707136018205187
0.34649135670213355
0.28086529036138697
0.2863902388044655
0.4238981497851903
0.3285005357084908
0.213585402078627
0.25960069223896004
0.3066584823846862
0.3356500885736848
0.3580960943344341
0.3562888133444789
0.3262502597846593
0.3814280030002497
0.3322029316394322
0.362728518372747
0.28992295866433915
0.38977705247670547
0.32222312697626954
0.27178073100279565
0.3343613164125782
0.4010830887782101
0.27081703123712664
0.3703913769145745
0.3032835989390809
0.2762857979674112
0.3608257366414564
0.34598811278548647
0.32173413029022674
0.3158211924851615
0.3207511505602657
0.2366769610035876
0.21541725570981213
0.3674569848250074
0.2804375949362314
0.3562218152924703
0.4123397940205718
0.39202070603235034
0.2513716987981583
0.3595560804892074
0.29545884622540536
0.36942024467454326
0.27907816753210357
0.2741724878473516
0.40493018935870506
0.3911798132821637
0.28909106807702
0.31121393550046833
0.3576060429384511
0.45128205275235644
0.2756411729058431
0.34203037886486143
0.3067480055758167
0.43891409667670944
0.4001022112995542
0.3399307237399686
0.3436988536522202
0.29839233591412034
0.32981225922687746
0.32257884514821145
0.30488944026419446
0.3346649039361776
0.300843384822763
0.3918797154029325
0.4286040669056991
0.24645528670285177
0.36897384492583696
0.2967252347436051
0.31503819903099917
0.29739219564602604
0.28600293575326674
0.31680736051677794
0.3261424137828865
0.4263360373781929
0.3462975684931328
0.34744774000715556
0.2590698476433464
0.34166031713981787
0.29102835117786435
0.2751987316405934
0.3133107270796271
0.24033657149485116
0.36607733772697476
0.31951286784174615
0.38621320550713706
0.3236094615897207
0.3753519716551383
0.3377745124209024
0.3880831160191975
0.43155477613183574
0.2645319546005043
0.3047845869059723
0.22967367138322092
0.35950796387964185
0.28654882799897863
0.24815466053598925
0.3049213781698715
0.3109147379846513
0.3032370366642605
0.32387517583954134
0.36445136370711834
0.327800988272502
0.3135925928308544
0.25781929450149255
0.279212777790524
0.31232211119101533
0.3902642686756203
0.3285829951788572
0.37742079362329367
0.3893142017656382
0.37092160521034956
0.27240291241880704
0.35258960234707676
0.30748434513177575
0.3307127220262084
0.25494290653207186
0.3444628511700852
0.26219138235841255
0.1936044462811308
0.34967223015559673
0.310121311678159
0.3294348858968402
0.2861390601754318
0.1713277085046993
0.3617543480248408
0.2569655087598995
0.2597791673910406
0.3779305785786912
0.2954511063521799
0.30287462867342735
0.2462825152781087
0.5185015926908677
0.32962678649458943
0.3480553792247377
0.36895751340481203
0.32817419060651254
0.26310819266124014
0.3130456133109791
0.2744558505954921
0.2711145272275449
0.2887662149070002
0.38883505668855384
0.29911852545660556
0.3516309479929996
0.37434823022607483
0.49947045870034557
0.4471460393855754
0.2562959379661391
0.28403055374099473
0.2568067156378696
0.2903793697877621
0.2988487067221177
0.26709455652965297
0.26847053737213966
0.3026131832131325
0.2651250344098274
0.3014849687825418
0.2465577630690886
0.2534183504932283
0.2967140554500995
0.3371616635904512
0.33199023712518194
0.34636107004760164
0.3302077057936619
0.41463358810538203
0.3838601134503342
0.3205973617842904
0.2853312024748107
0.2855014088122427
0.3623280906975541
0.3430478736574517
0.2775280548954398
0.2788684643430586
0.36339202623726263
0.3926842557348593
0.2805089250480134
0.3103077994104933
0.30998809183608733
0.34406857426630144
0.3040847261181592
0.38179159324113554
0.44638360261997495
0.30091442749409103
0.29606783502903367
0.2624299160147892
0.34893118282604424
0.2863188785476524
0.3178712190065977
0.3947890014720583
0.2598107347955749
0.3898576313781339
0.40758047092225147
0.38295188365055133
0.29373843144239353
0.35477060215738193
0.2721242143478046
0.2793984662588712
0.3554134330920793
0.3778169386687416
0.26006715004372355
0.318344269483413
0.1935152378429833
0.38221573831385713
0.2753520513555673
0.2715469351235072
0.30138311438825716
0.35560803895518656
0.2568304585645997
0.38733270098406686
0.3025372617701395
0.30389360719890873
0.3122999371924399
0.33774906992047515
0.2613625405839704
0.36889528662939075
0.41356254877111587
0.2462633190088292
0.319150021415492
0.3612339070996513
0.30836754979460523
0.3798159133221541
0.3069251963965096
0.29084459259759293
0.3880190893096839
0.2606448565512469
0.3388787880859639
0.33753224445111124
0.3882630846275131
0.26172783692033036
0.3132872866066841
0.3304580430176385
0.3287725041353721
0.32913215897147585
0.34015610930169016
0.3456376907093084
0.27138888754040574
0.412854511135811
0.30197676686426994
0.3042418264453718
0.294468668882872
0.2800532216249374
0.3377136090187707
0.36544144389504285
0.3054540975938909
0.2611805389316328
0.4323941958354215
0.3931678182845077
0.2737328520790144
0.300235106067205
0.2830928105082343
0.3713188228847663
0.2379856137757977
0.29079215879926107
0.27165268324605524
0.32311594545541633
0.297452523792759
0.33622370030139814
0.35644272488488715
0.38895973196390077
0.40263222361205375
0.37895174467243536
0.33563811962895646
0.3167717494161563
0.27019692702614195
0.12411055727086659
0.47450793680024494
0.3612459545099287
0.39669559795033865
0.3058511589283368
0.24305427054466935
0.19020202478219608
0.28909093210197484
0.3549977942259409
0.2928419588127426
0.3138024501965127
0.34656315805899807
0.291545414645937
0.355031153538767
0.3190603141545316
0.33620659244711165
0.35287717248906175
0.34363700621255755
0.3001363900805973
0.3571176686773035
0.3569898116859543
0.33785140984950224
0.4155133800219078
0.2519916312710174
0.31815350469766834
0.29102454709769354
0.3002247666116775
0.26164121998273215
0.314987776745305
0.36966790040318714
0.274874625488826
0.2172261911739193
0.3935287917247043
0.36201511504437506
0.306134518699326
0.3542382176669952
0.17862116312336096
0.35415622381827516
0.3056308493233841
0.3652106460466107
0.2164655211030672
0.3651558900167967
0.2881737853808944
0.25627233462982935
0.2883653650205957
0.22162567697942737
0.3955301672637323
0.33207948554867794
0.294403452163985
0.3194374319845876
0.33716531355251983
0.51026688693083
0.36224946786639023
0.27397832523083493
0.353883276301396
0.3998667753818799
0.33293506450178045
0.3039487837384665
0.3850651201781016
0.29907724877401665
0.3871876315093902
0.30791343035753727
0.37174438665208287
0.26633307678250717
0.2712641390329309
0.32178228653624513
0.37044435939003423
0.2900515509140474
0.42923133638792876
0.37469489901889613
0.2855046114484813
0.27302491686192215
0.2738041822527836
0.3074357945789971
0.42226135212040666
0.30355733873316937
0.33797754596121166
0.357867143963613
0.36432768399033016
0.3101446388285198
0.33624059988858973
0.35312439359018355
0.3098035541077818
0.2879367597199104
0.28809467928553745
0.3587660218527595
0.3001210736073191
0.29609815585125154
0.34104085288880626
0.27137425244477986
0.39074504149556516
0.4166083428087428
0.27589242316570856
0.37739939764765384
0.2941490403656389
0.3694724964030173
0.3653997733530008
0.332869191139322
0.3845690996397553
0.40742008107131156
0.22584311915329092
0.30934622514226906
0.32523027417828454
0.3725011921529835
0.21282782618378462
0.22944617154819155
0.36139069367807564
0.30438838354856335
0.2784654208442685
0.2905043788044208
0.330293248021161
0.36393470583772114
0.3056084792571171
0.30890869553963324
0.4302291171296709
0.35312691825863823
0.340364766069764
0.24849575727363948
0.28570472075338665
0.31384186676063214
0.4315333690423966
0.23351878633339476
0.2843923382372548
0.2443909108265146
0.35562798628482495
0.32917578461453434
0.286676339033972
0.3057733307636747
0.26248055921449476
0.3498007702515606
0.3200746901662541
0.30173395745664494
0.2848903314536647
0.3543667157732525
0.3286636526542841
0.32008912718220867
0.3064537460741099
0.3676167939789833
0.3198145001691847
0.32613019251620223
0.34547738791460986
0.2891330066244402
0.33269104875296285
0.31178736016784386
0.34367893218668655
0.4282421307449638
0.3315031838983202
0.25242196414628904
0.31130804682583646
0.31286061148551
0.32919426027425897
0.39774203688841103
0.37650217633569927
0.20194122845575044
0.29933486533882653
0.3670335240287211
0.3335944885104396
0.3455033657354839
0.3687999442229091
0.38063008920533875
0.2593296023579168
0.3068596071128231
0.4612192516888682
0.348011340283684
0.3036186725491593
0.4485448804417753
0.32462856006040103
0.37218568393376905
0.29332920882374347
0.38321435791352276
0.3170340324500711
0.3141109201706022
0.33084365078851197
0.3693242972861889
0.3226330775183452
0.3039278419142122
0.3412811622555395
0.3697499873946017
0.3498285477807635
0.3635513015725662
0.41065131784416614
0.2657094244789099
0.29235576971029476
0.36827383474184183
0.2820020559392986
0.31506350227029406
0.3471601593472516
0.3761345342202219
0.40298411365961845
0.35982100212179774
0.28906383481055453
0.34964688721459614
0.3318597432990731
0.41385820212698843
0.4313441889990609
0.46302989370104203
0.3541811841642504
0.2779698973979866
0.3134005998987146
0.31456720902966084
0.3850731404791079
0.3238626923739115
0.37355227947264413
0.38685357006164856
0.2249678463751874
0.2571147121463615
0.3708106634913603
0.37257215361458723
0.3796792527391977
0.3854057030571799
0.3576950801478028
0.33323088812225365
0.3035695008058066
0.2733770327167998
0.29007633151857737
0.22783671260474028
0.3684188749757315
0.39932758997904017
0.37624769607054465
0.24481320544893667
0.2812318638134265
0.39793763332505605
0.315293153017098
0.32018874158427374
0.28749715557540667
0.45415525424887365
0.2749164159673221
0.3093318888747941
0.3148114435802797
0.2930717054004179
0.26196040550592653
0.45832230064175683
0.35914181033846
0.363460332795063
0.31779131372438185
0.29469190668234213
0.2954250298834876
0.3410032545742931
0.2783474985071582
0.28652271885318864
0.3105943408949569
0.2849636314896928
0.3512177843559543
0.3602528291708367
0.3181041442713831
0.2808579618747191
0.30562508161418805
0.23674489968196302
0.45025694303790664
0.3522715242383351
0.3043542437323895
0.3993089633940428
0.29884853633904446
0.26765282312104266
0.284148498741646
0.3146381735665917
0.30943867842439426
0.29690737663759986
0.3031538010709629
0.36438835065296066
0.3695167930763406
0.3411571842219701
0.2800097056772304
0.34519688241736574
0.38930584883603586
0.3258361784055858
0.35050017770734876
0.4133628305201542
0.2749484005187545
0.27649607376124247
0.2581699730718704
0.3301197335603377
0.37106090284097937
0.2767448411676708
0.295160221275917
0.34222989574157303
0.38597376307557196
0.35125938795850087
0.27659704083914877
0.3200866460136639
0.3244495735294413
0.37774852485546645
0.3169355739486823
0.3777451304800155
0.35791808210226755
0.1981467102751705
0.3055675385545832
0.3614205699920613
0.2549344115465072
0.3010168097102527
0.3320564182858202
0.3162398061077773
0.3569189779665202
0.34065652949648
0.3813405366648062
0.3669016751584095
0.4246895173942578
0.2739221638647061
0.35372155030451036
0.33364151895806127
0.24182029583488354
0.33739635924261563
0.31585422938380314
0.30808863350773097
0.46288322926011277
0.32124439700039464
0.27981335317873907
0.2027496082663297
0.31109732973051213
0.33946552743653885
0.3218754005392982
0.36204712703747804
0.2759544902942986
0.3947794349022546
0.31474014412095824
0.2818958384468509
0.20924430364262223
0.3758280193996631
0.5070445129086437
0.30093555511461606
0.35381241924740237
0.39699848153715933
0.4436968427964006
0.3067566681242459
0.32184124291539074
0.3957377675475279
0.40916571910844857
0.24347568135381825
0.275175459355913
0.31194022474706584
0.3500157264058461
0.3991995710539509
0.39355979483020254
0.24226679335321935
0.36346619893202703
0.398741194819394
0.3176661334765909
0.35192260927134905
0.2182066569032329
0.34947382308778335
0.3774402630064132
0.25292131046291083
0.23998895511451654
0.31162375329266445
0.3408507562199679
0.33648728188628074
0.15640387636839306
0.42265374381242643
0.24981123500657296
0.3833313412334302
0.4430572427232679
0.33702843809517313
0.34661782685899134
0.27449612573595333
0.24951131192511958
0.34574545591411476
0.29681449742206634
0.3312326927605588
0.3819510635296663
0.3478304704614858
0.304624701380211
0.3531031070640092
0.3359624260840596
0.37082251788649684
0.2993975144295567
0.34853350080047324
0.2686435814164141
0.2596051874388066
0.3357323283732603
0.3883697016142746
0.29962191898618523
0.3459729821787139
0.2741285514904243
0.32811654402856555
0.3264244193395854
0.3329437581044508
0.21156553183723537
0.2918751452743799
0.2549019932679576
0.33893978365459665
0.34317122913021625
0.3875523749883948
0.29577851706265534
0.3319154258243673
0.30679503721180523
0.34503840966602206
0.38649780684411156
0.3646361523134768
0.27573845648343753
0.3185603588083752
0.3920276857448354
0.21983124159540307
0.3112956973640916
0.33127106398684986
0.3252248816012519
0.29341061503934796
0.38398976098903703
0.3661836288620535
0.39262284004300646
0.3250272091670092
0.22765752601294514
0.3835344828544376
0.34660901627711677
0.27091769238687097
0.34390924594406097
0.36712117565201796
0.30772615616255455
0.3130446704641445
0.35821049840337293
0.36571047558420283
0.45329711453782706
0.3502764972014791
0.2977602636935021
0.43588072231955144
0.32605042231969183
0.29591797985706264
0.3495928978235523
0.32609215263290114
0.32269118691157433
0.3033888098122831
0.37485789906517836
0.2717060492682959
0.40587358674932095
0.3097898990222159
0.30429088357333745
0.33109853078343554
0.28082797714160956
0.3351137908755014
0.26175393939599
0.3011748147366279
0.3280885287327563
0.3302306903777509
0.2866904546678673
0.3883413478132635
0.36984369051163596
0.3237227264359013
0.2988463402109177
0.3174142968470781
0.3481359490381098
0.2307844259780027
0.3734027092573803
0.27069260007177953
0.29769173093230994
0.2872331639998575
0.2903125927985854
0.32691294766958606
0.37738360812538263
0.24641004137768122
0.31028909451138925
0.29175818310612583
0.27335368005653293
0.3109091008365639
0.34696261500526815
0.3547217808876313
0.34508842135562784
0.32432959108654424
0.2744053758544338
0.3786004837501156
0.23591802412574933
0.2609917936891143
0.32031413098831146
0.36549310573709765
0.3804572693315148
0.24025040615313842
0.35149521955366764
0.29214413465777184
0.33496878018802334
0.3067502706679524
0.37637609497683844
0.26718817020193736
0.2394028997495517
0.2812391380438815
0.32966852029669835
0.38037831911769965
0.2952848466312326
0.251129886300371
0.3291206513812881
0.32366609200431173
0.3747541706418353
0.34555457750062074
0.2930861324146432
0.2562239940227699
0.38607792595603113
0.25756856166524195
0.3073344896881804
0.36418729481794837
0.3593858811555797
0.31634642834767507
0.287893577778015
0.32136596935595524
0.31771730424826167
0.3173122365135546
0.2717008360833469
0.3663298170094246
0.3803767040242563
0.39929124371379104
0.2866860387655026
0.40372425149932023
0.27725791367061225
0.3023591342869992
0.39478523211622274
0.3195249769841038
0.3742222943267776
0.2886619103238918
0.26847519580059553
0.41519678168113033
0.3604363661707327
0.29038602422487036
0.3798125826544696
0.3673222565142524
0.33347447813347886
0.35088945735788857
0.267870232515236
0.2926630484453206
0.3433313966006002
0.27161543284523404
0.28988439352419293
0.34734330062042795
0.21643160144761892
0.36975074845508227
0.3374629998044712
0.3211448310555361
0.2387394563431836
0.32636958145469114
0.2943184404955424
0.2896902748596319
0.3116051322328256
0.3189466470815021
0.23040772199766513
0.2688105025959073
0.31769328283907405
0.27723218798129473
0.3646620330152009
0.30012660524244683
0.3584510622533073
0.3849779738075163
0.4019939071850605
0.2801591854164605
0.3173614411327265
0.26960854963741127
0.3196179222227331
0.24412397644165085
0.32586055339107417
0.3044718134328536
0.2571915024557027
0.30311640340374374
0.5027657420486777
0.3770373925547589
0.25961942628477563
0.2530108218178447
0.38532285361319873
0.3414869331643868
0.31145942730421877
0.3520247745176464
0.2859211456908665
0.3275704438139279
0.4375896375249375
0.3431280774116254
0.36478791887967466
0.3614990591090828
0.36947224450119587
0.23789167217774765
0.30952410377440787
0.32453669052492423
0.3373761516623317
0.31738635983579233
0.26977388974494315
0.31615083164925645
0.3039990042481346
0.29883755021543673
0.2642071033706092
0.3095768929467681
0.3658388318003134
0.27593623820835145
0.35541940913475056
0.3449584859512883
0.2839715949977228
0.32925322865488316
0.3713090317365868
0.32294197528718305
0.2521449013352516
0.298100832647747
0.32172670298843914
0.40645148425340916
0.29580530032927105
0.3802604299495871
0.32422121051822755
0.2768878273174195
0.38931022648894614
0.3431457900074277
0.2914860669706575
0.37769112405528876
0.2828172947272142
0.38677018162931326
0.31337018658394783
0.34888993679325453
0.255539832128924
0.27799977563393724
0.4813575837991713
0.33757728686673905
0.37965047742089675
0.40184444531139407
0.31224829520738706
0.34000308301461235
0.29337113285297395
0.4250664593856153
0.27889006729084936
0.2939090182309665
0.37639933791566
0.34333446989161537
0.3621542947762874
0.32817007024298744
0.34021293811256637
0.26707373178418237
0.3309079285056142
0.23857576713776565
0.3497723639424777
0.2722582251905812
0.31846232034492095
0.3707200930016439
0.30526474525020664
0.3970157392321944
0.30502216388093106
0.41027298724211936
0.2774368377394266
0.3446869928433973
0.3428668876524899
0.40286543439143135
0.27235216639730925
0.20464532334210814
0.40191356555823093
0.3878759773069055
0.3807134180343224
0.38892697390760567
0.3621415647411336
0.2990313810480921
0.20538703797633479
0.2437199063691324
0.3590134226512884
0.38219467676198826
0.25949718918001946
0.4175641451689755
0.39537985293223227
0.35246502068245045
0.29941932229441504
0.26243251033142695
0.32133415519279096
0.27554279533925014
0.3882691134126008
0.26762496854676054
0.31757658993004717
0.2717189409222795
0.29597684593828527
0.34043531146892725
0.37477117546689953
0.31202930927896244
0.2777320850043065
0.2675854414071925
0.3126047789302904
0.3624118433928444
0.268671149765752
0.2519110996219348
0.3983056387711956
0.2762656056766438
0.28518082411894224
0.358735156222764
0.3435319138102276
0.2676695309285821
0.41790639812571173
0.2603756972778222
0.3622833465006709
0.27411366330030545
0.2574855811374918
0.36539730317907837
0.3538873426936372
0.3050314228338385
0.375695775174593
0.26714448272591884
0.33712155770932817
0.33970211909047354
0.3315892784189554
0.27700616099885583
0.2009150482394446
0.32983116992966266
0.2595032184467524
0.41947255012503454
0.2936752742545085
0.3671173487434576
0.29460297427060633
0.32753411760398327
0.2669666241920988
0.2974576431929486
0.3633574529871649
0.3524774818604533
0.3032071852851358
0.3671242573497328
0.27244553099248986
0.2730323618202095
0.3366289591740483
0.38465297081931143
0.35761467525116764
0.32558892842703224
0.3046203837507971
0.33661710419660335
0.2790977360783971
0.3160335659337112
0.3675134017635828
0.31188242295275054
0.28126718418342406
0.21852487675586102
0.32676088929053176
0.3472120705218488
0.2974389145110922
0.24630757486929816
0.29821006650855786
0.37590227161644035
0.26907270709394415
0.33240091441137204
0.30127504521578036
0.2895655650579052
0.37448622850899493
0.3349738267854765
0.3834714737823592
0.2782925220055141
0.29150005480589264
0.2799431446037623
0.3372634410817226
0.38333676433980296
0.31971044682330046
0.38228690376016794
0.3227873167210823
0.2592103112079164
0.2736844325689765
0.3011718292683999
0.3154328685214726
0.2759665833408001
0.30521302837714537
0.38591583511028404
0.27902236813540193
0.5220947087683888
0.29658637596024934
0.26892608216708774
0.30048190448975914
0.326570699080722
0.302004794691257
0.32566035366797297
0.4055145620079381
0.40644037443191755
0.2947406733313842
0.3108722478823566
0.2900549177608947
0.277348134875747
0.45407320660224343
0.31038814143318333
0.2563049082510063
0.29510727234953005
0.34549528161673404
0.2647747216592184
0.26779845473578123
0.26723732197786537
0.2605417926041646
0.41056873704359814
0.353099818406042
0.31679988789734254
0.32966246901852303
0.2288320924735457
0.3577541181016059
0.3242141218049251
0.3356893615143328
0.38212184754048334
0.35202472293993253
