0.309193379658831
0.427830102362369
0.3018362322253958
0.30064458797237453
0.33008396426449205
0.34384785325877865
0.30447787362619405
0.328432794752358
0.2840388324392052
0.3280795819245337
0.26213805371694754
0.36761368348834306
0.35059988347475296
0.33548581810963773
0.286976388530253
0.36685859007171767
0.379557202901745
0.3819911667918421
0.31573947225017257
0.28296910119950114
0.3361594874847106
0.29195589922403614
0.32884490572784036
0.2766145191634447
0.30107318079581746
0.3253210659501031
0.3113010611160159
0.2635717183941747
0.4456148315085558
0.34551409693367097
0.3259340715366117
0.3475071762770037
0.3909089559814545
0.3369786302757272
0.3145979753951862
0.30809313479742867
0.2965657845960927
0.40442108515692043
0.259075669175741
0.37216079277385833
0.29761800760706003
0.38403076933110397
0.3449471901966231
0.3123180205122876
0.3583079124820525
0.2781246651530523
0.29748611598218105
0.3756844810036401
0.31023461048267087
0.3858733314954949
0.38462587231034195
0.31571934016164044
0.2958800795406026
0.38011844130428324
0.34753776119524643
0.24966173817355022
0.22618385215921163
0.31544420724939426
0.40623502216938717
0.3032233403194045
0.4085225193241324
0.4165747072580959
0.40601851821289886
0.49618482919856083
0.3371279163113769
0.31557945973845974
0.29459663679675285
0.382022205451772
0.32241864842896745
0.41215924137171295
0.33667429919086755
0.3421126168267608
0.3618259305867357
0.300759431195181
0.31480851876607097
0.3487466006193768
0.4023706966625182
0.3143416451897147
0.32224794578620286
0.2583198162537956
0.28263979707146925
0.3734061227302751
0.2856948564276454
0.310252260286001
0.3490091221495192
0.39849665689036995
0.31852111655002013
0.28633997165560954
0.32381882635206605
0.28549966049982434
0.37312649994239083
0.3187240588111912
0.3199053430851906
0.33468109262314677
0.23708048411583385
0.31253875979860757
0.18116552141890685
0.36247590612613695
0.3824253669596603
0.36003601705465565
0.38357238488432366
0.33251328650762874
0.31410392062364945
0.2700371601656512
0.3160183831442629
0.2893031513811789
0.2662363432421357
0.21297209541142662
0.31641749131485164
0.3336096287580861
0.40386364718455825
0.3089452327202661
0.2715639396859627
0.4614534797221818
0.43061680783816286
0.2539843559527496
0.31004680648469013
0.3268752873428736
0.3417186796721153
0.1785863612820947
0.34831923379188945
0.28576564784294095
0.27042702171167465
0.38531476099239037
0.3562584543497771
0.34191225923734186
0.32209160216900523
0.2940726112591847
0.3208652790776345
0.2726143896385673
0.38489663083199
0.29932775906297576
0.3622906598787902
0.25623600134211777
0.32066917967627045
0.29696683975844096
0.24715131483882613
0.24238173335491198
0.3403940388779891
0.32452010725468605
0.2904004051606014
0.3034094900266072
0.3781691197393339
0.32656291385813585
0.3389273659292566
0.24657037614862318
0.42858648636817465
0.3624433868464438
0.43214806037348413
0.310279726248723
0.19998340682280083
0.3277194621856517
0.29719039221479293
0.3805054820852394
0.3108183275097805
0.3816044267842881
0.27824848308901107
0.33409753688476357
0.39945633385711354
0.2741541313680215
0.33027529090358293
0.32018526483081117
0.3510362222151376
0.27245543333629085
0.2639355551155233
0.2969015951386856
0.3254419771042088
0.2715754398753518
0.358402222526033
0.33929803930564467
0.30374626147205397
0.3195995065041516
0.27802720426978383
0.3056784003060985
0.30361367134015915
0.3762094521079409
0.30304336691343187
0.36123605907229245
0.3522698443510545
0.2737894467237174
0.3555546135902711
0.2873270068004057
0.35746195557194343
0.20981246253185776
0.2935936641853342
0.281154985211885
0.3787861526150957
0.29308329010870987
0.35763404462255016
0.35822586612450946
0.38650977447273577
0.28452572050065433
0.37771635005645277
0.3161276879064719
0.32614459868082957
0.3269073569686585
0.36346013191644516
0.28964416110760705
0.43018343921651153
0.3700853299588773
0.3723712934134342
0.43088445400525516
0.317410254597923
0.2864773521086069
0.32836704655697757
0.3295794098820659
0.3266422788081468
0.41047920719048026
0.44694588497852744
0.3720064865366693
0.3213548170853022
0.29115221227930704
0.23263550236062994
0.33326240866189216
0.3420140183730427
0.2783186248632933
0.34494569488859006
0.416057639932503
0.3103162178847958
0.38361339170790454
0.2681463051306115
0.3337285180134779
0.19204690817460587
0.2879233061924555
0.31967214452532794
0.3913590470033153
0.2584681052297942
0.37059607478706913
0.3295136056255099
0.24250591186436515
0.169565184594861
0.39200311843067565
0.3012875443906675
0.2679105258539072
0.3512271909390932
0.2582823138117507
0.3031924150943984
0.3352807786755789
0.3408370681235172
0.3238061498268018
0.21617619310787214
0.30212661093435905
0.5207214340225
0.35573627655835416
0.3485081487154548
0.39291917940820775
0.35736842374496136
0.3006940501850826
0.3226509214872037
0.25382519401857956
0.31225482531671106
0.33405034186675187
0.3384424957177548
0.3122275587321192
0.34588617525146054
0.36339121830646043
0.28384322552466906
0.2654504895233607
0.32693905453999883
0.34560795262777
0.3197074541647346
0.2693980449553752
0.33069195003736995
0.3009619240178602
0.3946596061689481
0.3661451662844136
0.2765520183005144
0.3242983883645078
0.2683729826405039
0.35008469723905433
0.3863579385542207
0.27509544433432814
0.25808944156698954
0.33964560987700476
0.33817662408175675
0.4158961590084483
0.3369293375189612
0.37163415213139805
0.3851151153798433
0.30384360959455553
0.3489834180027362
0.25288993508792834
0.42006519979529633
0.30096884257961387
0.317674671251803
0.32241085178950785
0.38131740291498434
0.3762510767048595
0.3278875076288079
0.36277037482973895
0.39172056235484226
0.3298023909776879
0.5045755712881632
0.2578398380040905
0.28603336576572247
0.29937967558388423
0.3345008644198568
0.3758167098390181
0.23509004673215084
0.3718328048146986
0.40941631886927665
0.3063133033002559
0.34135170353105204
0.3155007170835193
0.2731813480770524
0.2930271995963588
0.38046976511130276
0.2880405003867481
0.2691141635290119
0.30812376967937727
0.27229566250541754
0.31332184438142413
0.3922549611897665
0.3757017468485368
0.36104795010876567
0.2932849789777016
0.3007306188424185
0.29291582995909565
0.4299818358576466
0.36427218514116466
0.24353162937058923
0.3297046832863277
0.31257175985652885
0.350203197285558
0.3110799159481821
0.29964378099978484
0.35952099535256454
0.34712319117374546
0.28449693701710405
0.25033740388609277
0.33591160548931814
0.29290245074039606
0.2221534684203524
0.29233101433651326
0.31783211287875607
0.4787969513615209
0.3078505116023153
0.2650656964476116
0.26568965457054267
0.4178900434308057
0.3276425469751435
0.33541091211871094
0.3576739630172505
0.2707615631361529
0.23568477195095627
0.3987181689244748
0.3868789366637563
0.34203642795977207
0.2586049596394267
0.26696592214900444
0.20089583087155896
0.31662812856693795
0.4424248234099268
0.3536517750957387
0.40382739745861296
0.3205975181328665
0.3030983972835509
0.37487479218620745
0.3389579903904412
0.3642842085742363
0.3495895936747428
0.2757143298677044
0.3230652035242922
0.3742827529305244
0.3525465589825506
0.4571202345970994
0.32520822283306633
0.34414655855494086
0.37649884222313623
0.2782859577438081
0.3528973743565994
0.27419396017784803
0.28229838328428625
0.33258382366164335
0.3212285352828948
0.3246825234026025
0.3158843989853244
0.25756827054934783
0.34077869990687915
0.27486976834490917
0.32406494143545905
0.3464384132066796
0.3225180253410627
0.34408743636052214
0.29769159793517447
0.3533595611178216
0.37130476208901514
0.32574592105923134
0.41751292949826974
0.2783659000612626
0.3729142275705298
0.32571896576194603
0.24266579326792814
0.33386375662008727
0.3439001630130412
0.3019348325999493
0.27665457709384006
0.30914465816512215
0.23139642220934917
0.28249543214076056
0.34829747964212576
0.3317245005144278
0.30541608847269286
0.27997839068440045
0.2226002787755521
0.3532366922017702
0.3968604876385678
0.26084805470030686
0.3122365908936292
0.35311832316482156
0.36570496877753395
0.3150978638901126
0.27357733719375443
0.3863755275719145
0.29124393836267626
0.3436874430254255
0.3014126397097315
0.3627390172194789
0.400401895665258
0.24532714519485435
0.2706834361257627
0.271452120356216
0.3149317809627616
0.3290593999840347
0.2559366687676125
0.33857297823625454
0.3720047042150334
0.2659059005624089
0.27161142711816944
0.299728338828327
0.27905586479137934
0.3273912368223595
0.32983209396544194
0.3199472150683186
0.2501845094438671
0.230045585263094
0.36031826570819026
0.327401702349775
0.30060730840787064
0.3609342123867432
0.3551180856983483
0.28313888137032434
0.38855307786975424
0.27511821571457534
0.310954650005417
0.34960667111875104
0.2679772508242581
0.40686285274571743
0.29012455313146623
0.39739025885681817
0.33386513225784
0.3082210185633207
0.3927478013791568
0.2889267416701798
0.38705616075816346
0.284884556675378
0.41323921648118056
0.32490421726262414
0.31472894728386624
0.26075444321720903
0.2954983247530538
0.31437695744250016
0.3824848009482477
0.34984673868234517
0.4523889545379442
0.2767129709050219
0.31531481906245545
0.21915623263618358
0.3048665224379847
0.2983158570155501
0.2429334143499477
0.31637885671214416
0.43794262104593407
0.33266201400693807
0.3784057292501678
0.3228810404591013
0.21562152732307277
0.4293013050213988
0.3879604916451642
0.3600001806352515
0.2989443233683983
0.3682334583166749
0.2901669318918712
0.41920237923350884
0.2323858775747475
0.4421898656946889
0.4000410507169927
0.31934611076828956
0.2730705552830107
0.310863246063655
0.321275964824743
0.3018333936761095
0.33091409249166054
0.3322874140956069
0.3815733841593011
0.29074924622673315
0.3633428002229499
0.32917124825335686
0.25722408509598693
0.36874603774898457
0.32094168912872334
0.33222302666819364
0.18864588406193714
0.25219933711285103
0.2897905680372255
0.2758687030067289
0.23835904007893532
0.2888171975776925
0.2943361292164933
0.2915733267640734
0.3507819937469926
0.37180371046587884
0.30464855958573445
0.2704784815550725
0.28424549817076056
0.3043801686646855
0.26323164624185347
0.3761661597929609
0.2269893188311034
0.38997160334949477
0.38657937129845943
0.39842218225653253
0.45267067964596197
0.261848434217251
0.3013011725424334
0.2542196696234978
0.3466366171665288
0.38938712612178794
0.34773139869002306
0.2493285337647827
0.28824211117352794
0.24691504628098937
0.41973367668720946
0.2380182684347914
0.35265990607703274
0.34722349960421994
0.3676706099537295
0.28184315661726556
0.3966071635336427
0.2846383635754573
0.24155910444170742
0.3093622492090975
0.23819235257976493
0.2996133948016635
0.19042742932610995
0.23660611878943497
0.24989172974627424
0.28769149033476626
0.37696182289498376
0.2964749233811752
0.3560133216394858
0.3874338944124148
0.3860884023575402
0.3043115511867668
0.3414203275341871
0.3148933770682096
0.31411731424928785
0.30051747555922975
0.3431371708797198
0.39784668877093027
0.33953510033741036
0.3185379403585944
0.3828762706299519
0.3571640509531491
0.38809225030288513
0.3923063810303243
0.31629904217299337
0.33787151152075146
0.3271092871206735
0.31050584725960806
0.28471747246142587
0.285639330369861
0.36924808633578043
0.2994150074587316
0.2575029935907231
0.3121942517971164
0.30657065848010984
0.3400994873182849
0.35597018334043834
0.34426473032906024
0.29665233064878765
0.3167962934906138
0.32765453981246523
0.3512553577337135
0.3810241173262668
0.3764713086976439
0.260394378252208
0.30453557947559573
0.22385376340915047
0.2901857589015815
0.3374003685521825
0.28929064884176087
0.30278900510708356
0.27752337832255175
0.2720745025510163
0.35824629531535707
0.25083009819421287
0.3025330636428939
0.32734045980700127
0.24254079570428136
0.29865985717840815
0.32840769601679737
0.30628188079880947
0.29885099950439437
0.32396539148404
0.3201991131007241
0.3344448639112934
0.3245060167239016
0.33945968641263685
0.3719305882933914
0.3073099815588457
0.3524930712384294
0.3057759053779665
0.36423787866966384
0.28396728625369744
0.2902560955626952
0.30317291680218494
0.2539523635315005
0.2748557802636545
0.38111215017869815
0.29491031356087033
0.30597022460049816
0.2591162592697673
0.3768691578305717
0.2972176861936805
0.2799352356912407
0.2650284094947079
0.4261972815134642
0.3175264883504497
0.3352241229706448
0.268112921019477
0.3644932910458067
0.4007789337411118
0.3667968563467191
0.3859428695231408
0.3227458110148991
0.2873746972845407
0.3368235333985446
0.20697694239105627
0.2881852353373832
0.26979769257357805
0.26299802070328754
0.3945222379398624
0.36685607446227186
0.28828302834083275
0.2751132803740601
0.31629059727406983
0.3539284184023244
0.2662237862341484
0.2899920629026048
0.3336948206904442
0.3010042680722474
0.37352834152696646
0.39472115277696057
0.29156477866062086
0.36284180852643594
0.3215200179229525
0.3032584303756978
0.38095768863643187
0.3120660043866432
0.3645047362008619
0.33748254273770856
0.32824241578975866
0.3733231502893305
0.4104662442205094
0.23404209352573596
0.3382144925116098
0.29547814304583875
0.37860486039161556
0.3470673867972908
0.35628391533901743
0.24502414911798637
0.2755338030865936
0.4614255409398031
0.2545544829860906
0.29701975622917826
0.29737937903816514
0.3559541873549273
0.47500139207144826
0.2622874167660187
0.277784629805883
0.3680756557642565
0.5182645897560668
0.3672589189658542
0.41270361023502805
0.38235381696816956
0.3231874306254527
0.2194119451368039
0.27205608686201144
0.317915160924649
0.2999505614951527
0.3253339847342467
0.36360822996699965
0.2939640743716513
0.29080458618594135
0.346708352521915
0.3095472295552752
0.296227406714387
0.30280017144866994
0.35775521357146206
0.3528625442256079
0.3040032596516625
0.33632829466847086
0.4228928041893201
0.32332926358246183
0.20293184943365583
0.3859141186017939
0.2676034499124176
0.335034503650182
0.31220873683326955
0.37593630283197943
0.3537862246085535
0.3312684157317882
0.304285896966982
0.2676506659605024
0.3170532835231465
0.3188364019163974
0.28739879686469577
0.2827208372319893
0.39545107172895566
0.21934106797188493
0.33910826944864636
0.28275517363027197
0.29373126440063557
0.2951678812103319
0.29824046227011136
0.21410823584235159
0.3451270506798894
0.24318196204103124
0.3434123229617983
0.3008699831059323
0.3063701676710814
0.2957192192547875
0.19947329727768337
0.20907054498435024
0.2760132009585153
0.33873310995814704
0.4484210880408704
0.342825181973751
0.2576989127457759
0.28086223886082845
0.2906879450551
0.30013952093321894
0.3605135789772848
0.3117777506452909
0.2893730295555816
0.2717807587837708
0.3273108918997937
0.1531415489579614
0.3276757604591956
0.3320902453697518
0.28417930895423615
0.2942464128658944
0.33471735828583327
0.2800658067987137
0.25411298563408835
0.30929114153685044
0.22694594047634548
0.365638361732834
0.34380472991909716
0.3618270035957873
0.41306143874359424
0.2498411332024452
0.27013942764195603
0.3039274180323081
0.42944442744511574
0.4352335082147298
0.33807556481642304
0.3053957290489178
0.4267889101157804
0.3763682298980866
0.3607181316987443
0.2574619389363083
0.356918569590127
0.2995264551487226
0.33077334140972064
0.34182405637239494
0.3002430176299586
0.29178230079635564
0.26473120345237244
0.37968754059717175
0.3199966828031177
0.24066060005514964
0.3149142130339977
0.30284775594786406
0.31527181328868314
0.5027817401381205
0.33027569916750577
0.3200102086731796
0.4235082774841078
0.3002146361476376
0.3634596539884572
0.372011557127317
0.26762195872861977
0.27364755991807627
0.3252483488921487
0.2726248994675075
0.2652467780546726
0.32440485507592687
0.29673837881448256
0.3425109618902812
0.3348141206484141
0.3267831231989181
0.3522264689814545
0.38346364690692797
0.25837216997410734
0.30879411801157775
0.29464772336874434
0.3193166543980156
0.28049778527018904
0.30817007610164526
0.3026234202300405
0.4052377760511918
0.3572461583004683
0.27597755616148195
0.26521403009303623
0.3437975194512176
0.27489284014238213
0.2747008676613086
0.26560931998558995
0.30807732511659824
0.3417708320577333
0.35106993765807193
0.2653548193220853
0.2806526387324667
0.2608621010097389
0.3664829956494327
0.2885313320946339
0.2510470056854116
0.36887239654165954
0.2757848886494364
0.3246470175832998
0.2588685332226564
0.25468013486799373
0.26719119113163414
0.2920660531780315
0.35576489335093275
0.41645860300246507
0.29381764948607636
0.3311131166726463
0.38336349934475017
0.37568144552115573
0.29153283680741804
0.21883920484295621
0.2737744763779502
0.3522617224759714
0.36083312166441334
0.31990580270429203
0.2708503664193268
0.36040715126337447
0.2658453894310232
0.23944633028728057
0.28578778090098406
0.389213187885906
0.29872660971020815
0.29566743415942154
0.3489382650823429
0.3962623691324526
0.34778262464602816
0.2973663068908512
0.3741825244729908
0.32675261869728733
0.35234986148719294
0.27741867076683957
0.2830521790468434
0.2730048808242704
0.3650069718364888
0.2768507696656783
0.2708287867207277
0.3733309268678264
0.36029065541701666
0.3839944528304085
0.2723625035929098
0.3943740063543934
0.3465355614849884
0.2211589565279269
0.2657194751164524
0.2768574691062718
0.28507329335586623
0.29395967620602226
0.3762850460510097
0.2859484998421703
0.2660455971176759
0.2751806060899765
0.28382447202675315
0.20190939514539835
0.4586526628286295
0.33191261332302996
0.2708670731552729
0.36910146952462713
0.20785814237779068
0.3321701733852876
0.2581446484646356
0.33628126870664043
0.3871912885870671
0.47809391375785626
0.3526891145727779
0.28624089711054485
0.3078835827279687
0.331140495574399
0.36484595556635147
0.39548062021554414
0.301087748659423
0.37016060756438296
0.32153420380723713
0.38547149197886804
0.3184208289149875
0.40741049305852667
0.3056438224925973
0.32823472274503734
0.3438122343174668
0.25893186514320826
0.28022318516193656
0.3424602527640493
0.19365432328822216
0.3782034780123015
0.36028643649145514
0.2643856980360974
0.3116680349219454
0.33608298471059095
0.3354050325789925
0.32833229797009383
0.27888558678537206
0.42265139924099737
0.3133565179230396
0.33680790698533375
0.2981735521419623
0.31867568206880265
0.2546320502609826
0.3830897989497069
0.35209031014389125
0.36447312669121995
0.3433518087669458
0.37539814315923953
0.31049146499134195
0.33504577552606585
0.3197920614999368
0.3141890778906457
0.2979422903539301
0.28881691255101954
0.35986234694385727
0.3459578189992381
0.3688662891139422
0.4346356945108766
0.3050892636355562
0.3913629069503782
0.3016652323940619
0.29145498202388825
0.36593292944008493
0.32278688902462954
0.2586453130293717
0.27672216478396366
0.2586615766308424
0.3156750504620588
0.2697552908763918
0.2512172605458353
0.372513382501634
0.35075637818912586
0.30957967202044373
0.3131491549714376
0.29381755089378847
0.31881694684378015
0.29034420882110146
0.2757710187106611
0.3308057504420482
0.2688984594861358
0.31967471839281253
0.30619201262818874
0.3436557958692152
0.34210178796118096
0.36638328429639744
0.2844900878047808
0.35739136846441083
0.36680228996834174
0.29529840260879486
0.3352929222663793
0.3627969803453512
0.31328505821197505
0.3438702211154661
0.343319911204957
0.448649006100893
0.30205033022311933
0.28334078956594555
0.29086338306927817
0.4201118405549925
0.34513031042642117
0.34735609607303547
0.37421342774404903
0.36556022876869665
0.3770919974053318
0.3860584383156083
0.3424447512193092
0.34321975116182224
0.2884835175715344
0.27790617545748575
0.2890698633132505
0.3076917733860432
0.2827924503362141
0.32539642014091685
0.30955229228840864
0.35818658951721916
0.31730262334827236
0.32164957114819903
0.40830918329609606
0.2663312160810384
0.345217258395121
0.2695890875308309
0.3273121298070252
0.3520314835150458
0.40324842653316
0.25683760284204493
0.32074591220753035
0.3707432285923241
0.306171396311029
0.28857655003427035
0.3503452327903252
0.32763398499756974
0.2561622395968067
0.3645488132699204
0.31987155170511883
0.26430884527629805
0.3657967457237056
0.35461473140753225
0.2426968852563597
0.1835692128104566
0.2733366811284253
0.37601597585700175
0.3466448112785768
0.340851807931833
0.4418816212673678
0.36864146101107714
0.45658064846162527
0.30268613333989225
0.347573038795316
0.22137991755588468
0.38777998041383777
0.3070086168857169
0.34694292010175637
0.3284696198677361
0.34750443311063656
0.23581075221406456
0.27893999853658347
0.3115794310866628
0.27064952703429257
0.3496856993646246
0.38848022618867206
0.28363116624225704
0.30893932811553243
0.22608307308121034
0.36894317798447596
0.30516745886930735
0.2862368153476134
0.37770746084823886
0.33536657686004967
0.25618929856105754
0.3082933695011157
0.3401878747798559
0.290155498484139
0.3285160622130169
0.2854699446007833
0.29576963575236614
0.3180894072012635
0.19916818888365692
0.4513295356349499
0.26334339813067104
0.32427322405097364
0.29311885316488895
0.38158504456384673
0.29335488650711167
0.39408328365903494
0.3576235394042033
0.3824453093381477
0.34386036352817134
0.40893421972942456
0.32244050460567275
0.28763507997632687
0.3120510946211854
0.2763156959389978
0.3528036707007782
0.30746326192957113
0.29229247878192055
0.27860539981066507
0.25351263172917243
0.32060189378866977
0.34789586966373726
0.30946980445941596
0.3676758862113132
0.27467187453610054
0.31862573708708336
0.27500963083649865
0.28432922775099245
0.291358018335324
0.41388539065935565
0.3856683405500553
0.3441839812381325
0.3456137590637488
0.26568763664374445
0.3622082583864407
0.27151994576226435
0.3805095979290643
0.36330869825700457
0.27474101273811685
0.3356139671477397
0.3158560613976784
0.32596437068508594
0.3095506207587792
0.3330893631295026
0.19788873686637826
0.39753480516209116
0.3748924056978007
0.3154260384013493
0.3281584030853815
0.35079006855050227
0.3175977730946189
0.2825508580353476
0.4309612617718431
0.32606198735232617
0.2922644368604492
0.36829705788330436
0.2567356080964225
0.3815800781614023
0.3246556842374342
0.2574912629674176
0.27716993463821743
0.37246231482803793
0.25535126572153444
0.27285526188810005
0.3118640048030425
0.3344993018159702
0.2949687552690091
0.35659878791188965
0.2695026450862867
0.3189678751926351
0.27600386050712383
0.416677356466902
0.4006843116468858
0.30972097468883864
0.3741008815102227
0.338905138242239
0.33371670004851783
0.26616154780699414
0.2762204869738121
0.3343848332719517
0.2648348484559286
0.3312106325293485
0.3517614096833845
0.3526140067878801
0.28010204604038424
0.37352480695228985
0.30190400429783854
0.3158409892838493
0.29117542568880517
0.3578118307103928
0.3343868589041319
0.3566710793115313
0.2497834721863704
0.2922271780844873
0.2725813593236941
0.3699322066903302
0.3586846276865978
0.27172101701373924
0.3080386240914146
0.3167064502866496
0.245442289178073
0.3267642589161163
0.292212015109203
0.3284740892207428
0.304643709388373
0.24181682030772073
0.3663263588536007
0.3649475734886072
0.36248540338318336
0.3766424428256461
0.31606588331700225
0.3411397481772375
0.2597989915395669
0.30061147773477265
0.2644447526690214
0.3437701669334561
0.3255319144699671
0.3389370155831186
0.3736279821278798
0.3277916255101965
0.3076012233484749
0.3021558769104022
0.36870925238536356
0.3659482495808418
0.2909703766261885
0.3032558801886712
0.38126965463450546
0.30801195830170597
0.4015633159487917
0.3383091782337377
0.29978188928241684
0.3228501489673715
0.341901434239584
0.2783826455210344
0.330512372947907
0.3596578740071033
0.2820324418221209
0.2549692995606586
0.3773628046206037
0.3514877211462604
0.3060691189346463
0.37208228610766486
0.386273750162188
0.28460366184350266
0.33014902353363723
0.33137771512499475
0.2742293796677961
0.4126151897203708
0.3022251338035926
0.3036412542939562
0.27368959951402594
0.256666400275387
0.3005158796688901
0.3422245057551997
0.29871088338378476
0.3027518141391714
0.32352110858599975
0.31887194184532275
0.3076224945215263
0.2962407032970653
0.3729069204462032
0.3809196690978167
0.29084152160365767
0.26800269702231433
0.2679133433302021
0.3014823153742324
0.29669381033425857
0.332022852568095
0.26957949463867553
0.35158326534923523
0.27709081714209305
0.3752163679534331
0.2964278700741173
0.3029179918811731
0.2551297860726802
0.2722781485702459
0.3331259541898814
0.29005880969133013
0.36727691802809065
0.3314173280558624
0.2825182353689074
0.35748871237490276
0.29834773144128857
0.3667828329792281
0.2378553024825982
0.30983626062510816
0.30869454694558957
0.3454065954185526
0.25900501195587294
0.39234698716984023
0.2797575449068516
0.2444871621661953
0.5049718443159109
0.3728649189538946
0.32266103943376095
0.307890525403823
0.2389378661604332
0.29684368012053436
0.32864046437066413
0.3867120866454583
0.3419147359635671
0.25516989490633624
0.35022440376856623
0.333260415816347
0.36885503480458404
0.3888892531929005
0.423129737337592
0.39269948575784824
0.2947365567873924
0.32277424594718623
0.12097410296450463
0.33029638026997227
0.24732136318520836
0.38371050852660243
0.25919510509708954
0.3198506307253799
0.24011645828718145
0.3570698513674167
0.3834006130959844
0.35064536777477856
0.3034030443882589
0.28700899903887533
0.2740014679442115
0.37800879701677015
0.2866385198245665
0.21683865423699306
0.30583934231955356
0.29365146374359763
0.30947883340374904
0.38038283470599993
0.3218558185103386
0.3328380963503201
0.3541277598149189
0.3944558591399345
0.267345946066038
0.4176279179942275
0.41366163337029377
0.400673964386213
0.327200608849374
0.43741499670538353
0.2932734002669396
0.3953795099129751
0.3105294674778539
0.28485753330534236
0.33516279867221827
0.2507010635001211
0.40689400128645553
0.32871607140005127
0.27468772932992436
0.2937155807368679
0.299215566935399
0.3132831198958412
0.3551624994162907
0.31581226761008424
0.4015170197851362
0.29660335292897755
0.21373827179230603
0.42427251026605234
0.33459200222725405
0.29041002833747953
0.2907117884627058
0.318101307789026
0.3681009971057196
0.38124639834151214
0.2730854604372267
0.3140847154550151
0.36004528501257604
0.3212751490936465
0.2877210757253315
0.38666349112449133
0.2979875391900458
0.389988980820131
0.42227058957320374
0.3843518595088993
0.30073742214056265
