0.2761814124247108
0.2561050717897524
0.40590822976589713
0.29192498568670433
0.37775337092242
0.35104115172897005
0.2776738054388579
0.28027019107040557
0.27190570956643006
0.29222686301067086
0.36143732950764634
0.42683855761322825
0.3133793150901875
0.3140662651908824
0.27210299794232296
0.2577868581123383
0.3109426393372142
0.4031894753852891
0.2761496295647807
0.3187901091034741
0.38654141256085434
0.33790356864308596
0.27043100390715313
0.40345435396976514
0.25329209631611477
0.3586860301037824
0.3164471845741526
0.2597397044969868
0.297135929123267
0.30701208240405664
0.4024175683995522
0.3127287978931464
0.3962687603458331
0.36349971768252703
0.30345014789110447
0.3299751447422082
0.2133282055207491
0.4129828346568402
0.21895094858713884
0.29957843808933665
0.30601855938941064
0.2682724661925918
0.3457597327237773
0.3439047379493692
0.4073329106614004
0.3220505992030949
0.3248964747645949
0.4507325077033624
0.27415034329937954
0.34794184028848796
0.22209127024277567
0.2685089731992892
0.28735534634049315
0.3205055731744538
0.29422320206563046
0.26738035878549327
0.34177422273173397
0.30935884638238803
0.310450952777272
0.36600112270936014
0.33207505511480884
0.3356771823637401
0.27722380192685814
0.31225638203392675
0.3265912850332351
0.33256620302381
0.2958031247982748
0.334208652746013
0.3452189317260233
0.3137305288037805
0.41284634535091136
0.2533312875131765
0.2627420970550148
0.3102524760346744
0.21484641977921623
0.2630162801055816
0.2843208245464319
0.35464189842371574
0.3323069195992938
0.31565147146631
0.3640346817136051
0.3757155241014683
0.3777855321385324
0.23996553046053265
0.3503339215360802
0.30620249006738887
0.324282849337387
0.30527913380287475
0.31750582694859836
0.27461695183570917
0.32395914020183064
0.37812728289878794
0.35307741343724014
0.32775929633350775
0.3628735334254468
0.30505008415356255
0.24844478661988476
0.4631066974037998
0.2743986173238702
0.30582556044541986
0.3824980283919954
0.37193306143999993
0.2766120461061622
0.3953928391064641
0.3850255162092659
0.24248952534523088
0.37265765052019534
0.29379691944175085
0.28043591345089575
0.35667506601523435
0.28812983768819683
0.31713587396564036
0.3749194188318749
0.3600139142601337
0.39248270875203367
0.33368000824920646
0.3134070115020576
0.34662115686134015
0.28597562790938913
0.336680409916378
0.25612266933963485
0.2803590750197366
0.5222571543652157
0.3240553067759852
0.4391275061901802
0.3824036473740041
0.3231222072067616
0.2795428517426055
0.2599431990002036
0.37442881695975744
0.32745151211768486
0.2602808641817899
0.4078512036911562
0.3376657307403705
0.1937679546378722
0.2843089448161001
0.34984642450140985
0.3161312422558101
0.3468579754759385
0.2845834091142918
0.2918628683843171
0.37103807476685985
0.28681623080364443
0.33523568787155406
0.3015837671343847
0.3772989366252438
0.26125039128619754
0.32914250787964605
0.3242398082327339
0.3046024780793185
0.2442001898508041
0.2991603115497751
0.26930703650798904
0.3077174764442334
0.35891082963133514
0.4210801706843454
0.25295460575199574
0.3167239920396573
0.32226619660246636
0.3610672482794909
0.34592394611758726
0.2598065756063327
0.3236461029688224
0.2787344799808002
0.31263204145068124
0.26036503220085666
0.39884501778746323
0.29888260298602826
0.33178899381995686
0.2763085270719653
0.3832174636504888
0.30456564255912827
0.3763243875690867
0.2928716667819339
0.3436298736804459
0.3036487873356775
0.386364541522997
0.3986487936538479
0.30216428470323764
0.3868265362401976
0.3324119643847332
0.32887118738512977
0.3082143018386561
0.3884457746922879
0.3186708686203066
0.3253990772510087
0.30472817150408943
0.3319727314269537
0.28579034676531706
0.26300141158819684
0.35457424889206324
0.3590704166198889
0.3314763139222954
0.329530041215872
0.37477407879152663
0.27063718999716735
0.24346072155562465
0.34910974259794425
0.367573959442941
0.3841570677286312
0.3293391154384632
0.324551353867026
0.2732064223555004
0.37493323102043474
0.4228779787147162
0.2939171715593154
0.2692443255784594
0.32833584062747984
0.38406609254608337
0.36240881391706087
0.393757766925173
0.3643857219489496
0.3263057183578955
0.3457142469782635
0.32193809529549716
0.30042069933098425
0.38765825179884594
0.31515650009565155
0.3162445674828423
0.3260349530934266
0.2907979511632093
0.41569896071173135
0.2945556320830242
0.43046397172317846
0.3539829967207887
0.285416060896314
0.356593166762046
0.40657885644174574
0.32058461138409683
0.2856787289392
0.3096131961232846
0.3238808450573612
0.259662269678407
0.2891213410247325
0.384324180379192
0.3099361063993166
0.23889102443104837
0.34606085882022275
0.37013242007256747
0.28329970348953926
0.3513647722860346
0.3002762014727156
0.3052899866174706
0.27372915725910485
0.34848397417373084
0.3382203656559129
0.3763866716825173
0.40920218649849754
0.2884814968834856
0.3814701333119706
0.2539360686630187
0.3054804236738918
0.31570511324399503
0.27503219536225293
0.29560246511949784
0.41376416964054313
0.25807716593860835
0.31345959272091034
0.36141962820192475
0.22123840727221997
0.26933927977845695
0.31507493575507345
0.389374653559613
0.31661007335420477
0.39493498479795813
0.29833258609650865
0.29446776834550514
0.3649020179456504
0.3765363049422967
0.37592385963399344
0.33592679789076696
0.3286793498919387
0.28680126247709964
0.35262594686062404
0.3740984335029385
0.3165651447798703
0.3293448945449877
0.35039020841772045
0.3619251078036155
0.3217413312980314
0.3192638910304213
0.40943904828919775
0.21748751740322048
0.3780956911216133
0.3460874449685379
0.2576753907328583
0.31547018697394535
0.28750228463124156
0.29668476591399007
0.31840138693356196
0.44388798435565513
0.30300165970863513
0.2866271323119201
0.28752460893349396
0.26856323048196024
0.3358987226600203
0.2791740845913501
0.36261964817617187
0.33394015642773445
0.27600324392019865
0.28252061401201445
0.3195196764049766
0.3269189390982622
0.3017866599952512
0.3720083401056202
0.2752549476188624
0.3356270041841112
0.3176704746498287
0.3111484894895971
0.12496918417875906
0.2816867902804821
0.3424624385521874
0.27675461321032885
0.27982054109574317
0.27392862895278464
0.3452810580365046
0.3023199052498173
0.3799878823532856
0.3401445804663126
0.3209167514306035
0.28632730208795903
0.38020964541289914
0.2885882462888696
0.339089438259986
0.2739850757237437
0.399629326018107
0.2713524519886344
0.3902576392237853
0.3010147102914188
0.3006104961848844
0.320546988580103
0.31535440154475264
0.22856008154989368
0.3167520067077273
0.41046901545167513
0.3936769569949313
0.370867234671203
0.2813327770887004
0.36237673876119386
0.2790597300615286
0.33229961979432665
0.265481643129125
0.24076874540926704
0.3358604034210142
0.28941428719685874
0.3054011933301406
0.23891931258198634
0.3202230965485129
0.29652427117539676
0.34967239218768986
0.2960919909037931
0.37131919407762504
0.3664443200696797
0.36995127245476783
0.29203832017798115
0.3162502138556525
0.32141580408530357
0.3177082532939102
0.35014410821072917
0.3126672804337853
0.31244202772478363
0.2309097255359208
0.3215810956260396
0.3493699195468161
0.20152795173756277
0.272173412129708
0.26352380589061025
0.3715912698607775
0.2932141688955425
0.4021466148173092
0.3230368296898762
0.3815449722347561
0.35992338331020207
0.45447630934972405
0.3280176029681049
0.2793290400367679
0.29938282580481684
0.3061811896173097
0.387181255679836
0.2584375962089238
0.38470375026098175
0.3305392408784451
0.3180554896829007
0.2986268930397976
0.3661437919490952
0.29898431619763577
0.34123467500309423
0.3579974048206046
0.3106209661969679
0.2895814725109105
0.25263972907785187
0.308555686335948
0.33045065964082904
0.27512319934579405
0.4068119004239968
0.37391032024225407
0.4035737365665665
0.3636008791256804
0.26026634228104983
0.3105030510301954
0.28445168023246653
0.2678527221528629
0.29220987501843604
0.2654665619904889
0.35490031373339154
0.3550851706753491
0.30728488169359214
0.3187949842726508
0.3880141443821875
0.32159627921990985
0.25994140444148817
0.31204773947961906
0.3144485396964305
0.40340797005303913
0.2680596321077072
0.3988276211442548
0.29806029504061676
0.3481321814958794
0.39107267657456
0.28095547095789214
0.39268955747923384
0.30403283522981744
0.31561330899348106
0.32532902412362497
0.3014844115266796
0.32975985840339844
0.2964776246401093
0.38059884510353115
0.3779299236051528
0.2980981608603876
0.25384632918561467
0.33014435708651735
0.22553800004934077
0.28956856650883983
0.30011410269655553
0.34623976175798205
0.34405641545108845
0.2865492148672882
0.4107715426044363
0.35253905810715785
0.3021801238515453
0.29267291255818256
0.3261972733245714
0.2881528225417019
0.3693183558501295
0.3001248917193219
0.32644662065062907
0.3072916705863763
0.3693233815366556
0.28685781706315866
0.373887541334006
0.28182316914489164
0.33254182432181645
0.18531870497625458
0.32358077421340264
0.24681169335211428
0.3857813135490632
0.3373519417474443
0.3915356893483376
0.28497113858859013
0.3046631837426755
0.3114318368288653
0.3188784944474749
0.30471074322071107
0.30279943553314875
0.43536928355060744
0.37169032146254555
0.32640756718992664
0.2909237100759515
0.27400564230047686
0.2905537618498379
0.31504301548703667
0.3305968691332545
0.3581139115580172
0.27955486764868487
0.2743352302662806
0.2720454117797433
0.40951434438406054
0.36234352444299867
0.3181073431448066
0.2783138420444484
0.2517094043639783
0.2903708718394552
0.3286863522070592
0.3080730422596806
0.32426218503934334
0.3328307636326632
0.27706617670560085
0.3360164403365929
0.41406323891819147
0.33885067646282874
0.3392549374756524
0.2821193898365713
0.3220541892067663
0.36392648044672393
0.32506925957884814
0.2580677885622458
0.36461655104669566
0.37264368842482903
0.41974703954497833
0.2994917248499637
0.3687691271138808
0.2893824484809677
0.4240132845720072
0.2174799780191857
0.44301575337010074
0.29466358129845965
0.38155761955115686
0.3777623553589833
0.3697014551031443
0.386743291026758
0.5076401318632485
0.33790778655465864
0.3469136978790456
0.31358831905763274
0.2813994741413303
0.3169111349427605
0.37634284244239763
0.35227888607572505
0.3475779331206547
0.31432207551308994
0.34882079950871187
0.33923552485531594
0.3413076134388164
0.2843803059418543
0.37855579308631
0.3443673794163478
0.26856724190214487
0.5000341585199173
0.30120353988015763
0.26011737661477585
0.36251355252844525
0.28943330910564724
0.3377434642990462
0.3311083732204629
0.32961297708130927
0.2606159709228367
0.3723639132983159
0.3037237180935506
0.2686648785279416
0.36518962866651367
0.3523882309943729
0.39983940125786205
0.3011356964256671
0.33211143550046174
0.35860536165875545
0.29131332962256407
0.3952823187294316
0.37269586672400173
0.30708956948548227
0.3073626545816983
0.37786047086723906
0.29069400124385714
0.21890403152838514
0.26711205985303177
0.3822113127661779
0.38914744587196737
0.2890611480357343
0.3959465226782795
0.30059295539954645
0.28702676507110636
0.3458940127326245
0.35011921155057496
0.3009282644291365
0.33345195713405856
0.35514810812706604
0.2829869358857002
0.34564770236218595
0.4290051176004347
0.46337908250761006
0.33830303010224055
0.2770266372663131
0.29522599624281426
0.44740967194971143
0.30651915968116333
0.2753983531377008
0.3501126385618688
0.3653399703874239
0.37230750378249267
0.21010572056236265
0.4396056483428231
0.29126985957566104
0.4118765318949934
0.38574900425869824
0.30316938455793424
0.31714149534076813
0.32466737135412843
0.316991783087062
0.3040631192576807
0.3767651533043883
0.38240498751523205
0.34650964764628883
0.29364296806436607
0.3276257966322004
0.2612603368239452
0.276235886615056
0.3371132591499015
0.3073788869168381
0.3338983229577088
0.29084418099354337
0.2598747139415152
0.4183346895397075
0.31783005837513234
0.348843704094418
0.380910899710186
0.26987273883868934
0.479286359205136
0.3345922075823238
0.33335233856946755
0.265145563885923
0.2880828323884074
0.3534950580754395
0.3293627493833674
0.31380296095789384
0.30977690888764114
0.378015646741231
0.3859251768854947
0.3051961998764057
0.41970906456088475
0.25915257092713295
0.2988978663383708
0.3372941092603107
0.19907643189216992
0.2726781094986023
0.2523379390836472
0.2623025588843948
0.27201056977048305
0.27377970164780696
0.27855407469565374
0.3007311183422364
0.30924184160651824
0.4193142552020815
0.33173245429792714
0.3501650631208834
0.25192437531681167
0.2199517128238154
0.17843002584131473
0.3231283709776784
0.337730660221809
0.3353206620392897
0.41532893465783516
0.2661326373934334
0.2507282730699633
0.2742867749010354
0.3919519532017619
0.2432367550279733
0.17180484392393955
0.28031611553334596
0.2842641216996525
0.3367091632040611
0.33773918169306333
0.29705948329649307
0.27952041271209804
0.33093808188861645
0.28580862068765156
0.33554950877534184
0.3456780637379534
0.3701701443087927
0.286497642533267
0.30330946434963396
0.2264348820086486
0.3487567932852205
0.3019521997958869
0.3728221877416408
0.3305809798325671
0.39702313565018915
0.30177444246349283
0.3773325453930429
0.33558908801592385
0.31405712773733596
0.28874665030796404
0.2232069322423568
0.285181151457518
0.33027928141865476
0.26670192141918997
0.2570914992995617
0.3550747926863019
0.23761388176664616
0.2948466715212778
0.4255568659558281
0.3580015089297177
0.39305135596361584
0.3435072384912358
0.3695420305070852
0.27738342861180226
0.37997040249570563
0.2772468065779968
0.5185339264080434
0.2626235827527821
0.2936140435756757
0.35518639330546614
0.36377611751437394
0.22804864285071924
0.35306371130748726
0.2895579376145935
0.33789315167340545
0.34085812854217185
0.3520617814226681
0.286806370091298
0.3436049635184821
0.38788406414109716
0.25716586370582095
0.3302311090748483
0.2939160379221632
0.40601766487235524
0.2718784232899775
0.38437414707738304
0.2554786486821259
0.32079134177425306
0.38898432214248585
0.3299641466084857
0.2716998196954505
0.2932416055678098
0.3760234368449822
0.2952669892335782
0.2061456805192476
0.290477491895322
0.27418441694324575
0.43787565361957936
0.28965452855431856
0.3820246222373144
0.2951464688598331
0.3685394544025161
0.30130465577654897
0.3528078791139381
0.23835672892511664
0.29190711976449946
0.2851555682982683
0.3263336072996173
0.3498861830054661
0.2760246520373874
0.30752074797151324
0.3060401009628338
0.29644270200792516
0.3904773965733221
0.26206189961213733
0.3225735628573321
0.3101246988359723
0.22954604546224516
0.4159169169824189
0.26915226609561727
0.44753646843918105
0.297376867416067
0.40000727211474346
0.3110680560762036
0.36556587794606704
0.2681458642631732
0.30496869999306936
0.25904166809898044
0.3397469203555356
0.3283864322008604
0.3189145167778682
0.2973867254268779
0.3579831668627209
0.342838141816002
0.3332514304878205
0.295741979201067
0.275285499674045
0.23887586273813058
0.399438969946945
0.3204695452948103
0.4292775074635057
0.2600557200670599
0.2993468856440156
0.34527220622532917
0.21682576136943413
0.29238404375033517
0.3532112944235235
0.431394774243224
0.3733888553311037
0.32598949322270865
0.3514408697725313
0.2980134799445367
0.35093582812545276
0.30464913810569993
0.4133934364573979
0.3265480287328882
0.3378279572147693
0.32953175399775575
0.35602193539872334
0.26996326048315006
0.32456062724487483
0.3381599736896568
0.31328867476270333
0.37157161542664036
0.43139194571254935
0.37655204801833253
0.350752903661473
0.3852554543244384
0.3261776019430664
0.2679962830773768
0.3198496775919583
0.3819501449127445
0.30549127680265636
0.32602024568390514
0.3023459651785258
0.39098350586503844
0.41945704821036656
0.35410590585843305
0.20357276095944488
0.21197993795462855
0.35779181735320975
0.23639874178618428
0.3417541348300869
0.3227520519971437
0.30214100084597556
0.329547581415488
0.3858174981520527
0.3167677296162391
0.3064852093930269
0.27253719738593796
0.3018894071778919
0.36040763697710726
0.3228079827760855
0.37175882084740564
0.35250814775338235
0.30998822393534997
0.264520371354417
0.3773731799918899
0.42827628637241605
0.30608163218852813
0.3353323966407631
0.29689493108474946
0.320241867519352
0.4170300203641648
0.31207405397965077
0.33779595398673445
0.4041869191246187
0.3149485654289302
0.325222359391401
0.3130041018718877
0.3041062993305282
0.3147646616872621
0.3041537830572208
0.31868783452184535
0.3697753978725051
0.3530388067723054
0.3700889332459332
0.38631303297094055
0.29506595793452634
0.3461649543086852
0.3647339733947111
0.28369441675927104
0.3117142004261804
0.30518926459018686
0.3199009926046801
0.31724647131582595
0.38358037637434517
0.22707990984488857
0.2979449467750374
0.32317237309760466
0.2767156316340578
0.40075822150314044
0.3420371340008126
0.3407492596653665
0.25582512960260156
0.30534766134649616
0.33818729172626355
0.3512417207500522
0.30435191798133854
0.27209823026059
0.30977230197935984
0.41433749477115134
0.3677495108728064
0.39724885506215174
0.2897684552192357
0.31809024452288254
0.34420850660214247
0.2762625326000142
0.39765709410746153
0.27451926688078776
0.36583186108155136
0.33805253195454527
0.27145137792939283
0.335363690722039
0.26739549633827525
0.28929806490779125
0.3268312691111493
0.40350606587926824
0.32085725901926443
0.24509929771636746
0.3998993406710437
0.3374342940270745
0.37953288674732616
0.3835270277186763
0.30629991767918247
0.3653319293003084
0.402331634098601
0.19059979526686732
0.3869511013930492
0.28138949633533245
0.3320502642219297
0.20572428092569622
0.3564121350696981
0.24274242018877676
0.2786388405670391
0.32038479171647694
0.3903348515730982
0.36263967352500104
0.37283050157781417
0.3431074659569313
0.31242187323594034
0.3558343802100045
0.38901264368014576
0.3750983403922214
0.27108380482407757
0.2901972320395778
0.2652255042266082
0.29208716936644247
0.3390502413259091
0.42780236280270173
0.3163696133997007
0.30330700550388306
0.3625778081382647
0.3312437996935497
0.3328122964039593
0.2768119547299362
0.3439655540366375
0.2895016489807762
0.36248934108555636
0.29736524151923555
0.25747525022120893
0.3240629311352133
0.29511439524104677
0.3138146413792724
0.325461016639115
0.3097988770072139
0.3526591763821265
0.2778057100484254
0.29559156766194006
0.4326007886446033
0.3390825784261445
0.2927928953110383
0.37908098041732163
0.35200632492317063
0.366492792157562
0.35983647654189377
0.28910147471358577
0.3451062370028203
0.4230643978008361
0.24708199520215637
0.38842791931832094
0.3436528266387136
0.3072462853727331
0.3699881935923739
0.2720373702115695
0.2795161714151314
0.34764281118031737
0.3771797373229371
0.21574697835513343
0.33678164309616065
0.26275702706351073
0.27790138430785494
0.34843824990942257
0.3887249063992598
0.40293247536140997
0.303582466804894
0.2624401031138396
0.3303321194018746
0.29950214660529517
0.35322778407184946
0.3836342175113809
0.3656312661661326
0.29983148328367615
0.28713845721399534
0.32126986609213604
0.29119665380863297
0.38377933766160394
0.28278406862995037
0.3745984775700422
0.31265488608824127
0.2014678763102401
0.2977732719079979
0.31116224845038004
0.36380820900115685
0.2407519650019413
0.31152927768513794
0.31445788423995824
0.4016480064688389
0.33323111914673215
0.3150280684020473
0.3812749715578012
0.367554549035449
0.3241518696739673
0.3273403338966545
0.29698565964544554
0.3184233622699485
0.4534287078508686
0.3214098303988347
0.37378242877993484
0.35984218963267484
0.38991851594048305
0.3958926434128944
0.3177011476307859
0.2796536369977829
0.3107543961331587
0.3896635212847942
0.3529277609067927
0.27258856370652695
0.25674434615305886
0.43595235145806593
0.3217795041660906
0.34486032020041396
0.2694877677977688
0.29587030129109115
0.3123101843661661
0.27652920098704786
0.42019274061358314
0.32722637885323536
0.4249811036694499
0.2808225821561704
0.2970369598456913
0.28961806338227003
0.37569145274090554
0.32262806640687663
0.3565352960316684
0.3027008285675329
0.2598727817312781
0.3581795956938181
0.26790961143785624
0.37286749371212974
0.3102876247372042
0.3373927076983464
0.2866225289249607
0.2959129263375837
0.30903423640901684
0.39035271527815274
0.2673796972148706
0.2621040951111276
0.36846332377001956
0.30015171407750485
0.3105038639215056
0.2551960469359104
0.28836828298741185
0.3463852666166348
0.4310634121775599
0.32579651330984316
0.3041428338094677
0.29188141504505444
0.3942406456429028
0.31128393630865797
0.3052922559333223
0.3136970907714832
0.38431272993054116
0.39917723729976445
0.2842825831289297
0.2774536441859111
0.41724199213201585
0.3810921827460312
0.3221232998290863
0.3704659673642504
0.3467411626272573
0.3672812714093728
0.30663270393919867
0.3570635375981656
0.3030718857485065
0.32667737205017705
0.35064335625837223
0.3263947555104359
0.35045242818041117
0.3683910443564024
0.37629342490402035
0.34186407097177324
0.34231443692451863
0.3474759264196111
0.41188080581251896
0.27620223291629714
0.26415311653464363
0.37462610923790596
0.2292756028501701
0.27233199543179365
0.3416361363749911
0.3747521220756458
0.3033685677608456
0.2955312313991176
0.3675172431289758
0.3262340498605158
0.24875258895495864
0.359931271562433
0.2747981819643237
0.43253170629342347
0.27401953872272744
0.2676128884560975
0.4544298931250949
0.34119119527905156
0.2388105536744793
0.37931184784300254
0.30375558239461437
0.36207246742615706
0.4741944801189734
0.2823950203903011
0.5110824872807357
0.3085276092348578
0.3375975481813984
0.24725041828870958
0.3155499664577206
0.30564439116469144
0.3285747621966055
0.30374160691649305
0.3038939513374123
0.2802306336202057
0.3301861246570574
0.3416297318590194
0.1892117269975878
0.32838174987176794
0.3443428087837765
0.3468321981861565
0.29535903081779014
0.27430245847165946
0.2750581005018128
0.30680882794795267
0.4309229334999173
0.3180736880356099
0.2780396351548016
0.24647240105740556
0.33577064822877795
0.28642627517669417
0.38553043825375916
0.3860031619876267
0.3196193729838079
0.35788387350297296
0.3406482281218781
0.39062592749613995
0.3945815745190443
0.46168386321543076
0.38805355641818995
0.3199175707484972
0.3690855268648666
0.36425896840784816
0.24438344586817784
0.35329395313122175
0.2499326686869878
0.2844929137095509
0.35606593460472286
0.353963521549243
0.32712291750489786
0.3278633442385348
0.29493419372872376
0.34228607399928057
0.2849730070298195
0.22147034432687168
0.3646554420710503
0.33018202040463884
0.305856848370138
0.2688230919064982
0.2999691637784724
0.22939818805209936
0.29631986127516663
0.3880515926058611
0.28802601894275676
0.38304342529480745
0.35423201429514245
0.3411289281337707
0.35545067013591525
0.29665974153228714
0.3525044394960908
0.2990537970158233
0.2902078589893476
0.3927416438300969
0.24310632901046406
0.31965263018157736
0.29066669042088705
0.15703601078309862
0.34767433102990875
0.3586530978750862
0.26150002137043316
0.2871818001823509
0.3433032677768092
0.3077181726291407
0.3211680908430065
0.3318471277701077
0.26819462432681496
0.36674839516417157
0.30758111293896606
0.3777821768468811
0.32638987361502875
0.35143072416856674
0.3145478284774622
0.26151536801753433
0.45607304601126
0.48220629085429106
0.23009295608003658
0.2338891660847811
0.3351717059003243
0.3112947879370605
0.28075123649236783
0.2560163720439369
0.33690135893696366
0.20274969470209878
0.3657710008391396
0.3021937656600125
0.2779095808358488
0.29334306771158786
0.31861069741758496
0.2977113044169957
0.36515625594194523
0.38957250471428306
0.33404866966268115
0.317611096849028
0.3609574289312087
0.5024726503443239
0.3542057132358866
0.344997957579988
0.33818922085625597
0.2943879739869497
0.36800426557849547
0.2467422621835056
0.2621968114681479
0.3299947032885294
0.23727455691665778
0.3322700105469834
0.4588513520523777
0.2741042743021992
0.2775384924849718
0.19443269402682553
0.34022950805024793
0.30379118480903927
0.3837521372702595
0.2924083586102251
0.25659840294883424
0.4174980234296169
0.33704947475064284
0.34381720134340654
0.3219766289844621
0.24460251503902472
0.2813488673282329
0.3063748742697141
0.32088094686240753
0.4486627507694758
0.30690699449023867
0.2526628559521806
0.30153236835096175
0.3809539690344494
0.4518592666777189
0.338186574309223
0.2516774473814845
0.27229198762984236
0.25843890423046845
0.3060839838534295
0.32001827990456533
0.2677588913713993
0.3626904259306734
0.27926600543192903
0.36187218855343767
0.43150880701156336
0.32288433433431996
0.39994828887769823
0.3321296393839616
0.33985067400145774
0.33588491468872594
0.29257888809511684
0.3107162843641874
0.2751470463992993
0.40677048007873023
0.2947399922419616
0.35899872658905707
0.2723861370705953
0.3136801868820368
0.241039855769641
0.30473780285115687
0.34331707242202647
0.3068514869546434
0.32648085388079573
0.3616331918484804
0.3589133653024062
0.30483379515342157
0.3305337708851641
0.26579109926706074
0.3432019773368804
0.367406169670434
0.36744139700621287
0.3705837647568397
0.3869761288031485
0.32998259417752335
0.2816758554432367
0.3955889259533032
0.3404047107778214
0.21057160077810605
0.30285569982069516
0.3217495277071792
0.3081686967433993
0.2760539936502227
0.42777574822473413
0.34728491492310537
0.32492585925326917
0.3473779997823403
0.259929066282792
0.24413362400501595
0.29792041243745504
0.31830932412037055
0.35591173917635194
0.33095050165144296
0.35110281623851225
0.34351876715166757
0.3575442308333534
0.3856792540098598
0.2960240708579068
0.27767328291679894
0.32743174833294597
0.333225048928039
0.29128317793527386
0.3327795767444363
0.27073345599732257
0.4062028132409646
0.3673874140963357
0.3182071654356941
0.2783115542698613
0.38208873292760026
0.2564516784880839
0.32629407731261284
0.3869225579371906
0.36961677734339504
0.28410741405557255
0.2857722953860532
0.3572457865958664
0.3802604772557901
0.3214475088177632
0.3517688064465385
0.38227821697343617
0.3699771213168958
0.3169117788209547
0.24688426869289976
0.2994755978817393
0.3763887931972316
0.3371725015547108
0.29836496546377
0.25679183406104644
0.3652691063690851
0.28577617394619204
0.27650136580522433
0.35990638291870447
0.3612776370461213
0.36474408145983217
0.2719516086679044
0.29016378971566636
0.3407229315578364
0.34900712186206456
0.2976032417776519
