0.4109905297970004
0.454840134697024
0.34217183655868383
0.31101610344884034
0.345781680042458
0.345296438624703
0.2921988605645629
0.29306894811082657
0.2776650049497099
0.2791797236959792
0.318304176068391
0.17865410382456126
0.3577008557038603
0.38767991253998707
0.3157400944372782
0.2797517136223299
0.29228682255364036
0.2684434951938084
0.20212462133245107
0.3623912503073869
0.3679735355825244
0.3585083041681921
0.3249009613848921
0.38741444120450125
0.31176219532662747
0.3389904902257105
0.29504625545395624
0.32762420130358316
0.325805249494408
0.2804075279131774
0.330929387378627
0.2911723559783155
0.28051348887335403
0.2946954616271638
0.2770029634474409
0.3044850908715175
0.2797467684157229
0.3585176225580285
0.3678366348892524
0.3416860418611571
0.30107351107001795
0.34987882777373597
0.3994313374756748
0.33787355075771536
0.2845293942738752
0.30439202251000563
0.4317268644553441
0.26597922044199407
0.31909495537630794
0.4205809067017668
0.39329520014392316
0.3645988018433102
0.2860996330341117
0.4083505762400554
0.3075291969422732
0.28983682923593723
0.3726975144300176
0.2964283313894796
0.2994016936110349
0.35757272782988075
0.4592474877579806
0.3023102208727012
0.2736801646285475
0.3324695373260472
0.3002451492364076
0.41576489055586957
0.4286134834604871
0.29711436684565745
0.2909098848687895
0.28971936220180117
0.37817972485327395
0.25697286884669135
0.3878097476947874
0.431312520446434
0.3263836187679933
0.3747255396160909
0.3706491416173988
0.31573556911736267
0.29625781021836434
0.28710016297908025
0.31781406324624223
0.2756561043390302
0.320057877543791
0.38728755665117875
0.274178806839
0.26919125288295837
0.28475432767633335
0.4073590464832088
0.37853826351998265
0.376114460031372
0.4028476614117733
0.3536277988665174
0.34782099895596436
0.27088182272932265
0.38839124598540803
0.3190703645632076
0.3329517097992441
0.41099853581116763
0.28592537003951213
0.2527868266102808
0.30231303277818994
0.4045360111803916
0.3625520790495687
0.2968312753116769
0.35261421765826473
0.37696451058358327
0.2416057373742436
0.28826294401123154
0.3439994169455161
0.3684759611262407
0.4093808937161315
0.26576781029355706
0.2832556041804217
0.413902814511149
0.28231859033921464
0.322537495195044
0.36025000678161245
0.26290618809004435
0.3142135873684142
0.34665382199211264
0.2806501211414833
0.3022935079449805
0.30306442014286017
0.3196996747595698
0.32778592275470486
0.3836735049380508
0.25468320424347235
0.2920314320940954
0.2934927894050388
0.38885210070589643
0.30599399786462417
0.33109913501130595
0.3739198036338723
0.32425012593270297
0.3113345108569839
0.37758590691823524
0.35237516901791305
0.27769512825153114
0.30865309457116796
0.2731864262398167
0.3769961562781849
0.25762439483582467
0.37258819364849194
0.3404460266582357
0.3273491943748607
0.3850468995018165
0.2956009116577169
0.3111696856384316
0.3310094136414022
0.3912644269697393
0.27862986593765515
0.2767723333645952
0.3361902703434973
0.26038906020153024
0.3657033076838082
0.35395147101862934
0.2995200573881805
0.36603980042287176
0.2939984752851304
0.3360123308224358
0.32158216723279903
0.2600633729423255
0.3482708969841213
0.28339252839263945
0.3303030041086784
0.2949014320318963
0.29624264191127203
0.2801282273819696
0.4177814353705706
0.345438013991188
0.32747830856000754
0.35444587617131895
0.3047049511200002
0.2952488190794935
0.23908977465656367
0.3462945687592942
0.32795399387267987
0.35673172799746034
0.24499519994908264
0.19420224988755952
0.3702629724831118
0.2603225650454655
0.30871034038253553
0.3252570865361246
0.263079742517504
0.32034586112066915
0.3658462011937086
0.25940040254325125
0.2995414688431433
0.3567840427368084
0.31582357046838433
0.28718712463324436
0.3317698110795993
0.2234774731879425
0.3623234320169783
0.38254915453579585
0.3118826948543754
0.25810940665838245
0.2782372047108236
0.32219031361068895
0.34564104565859616
0.33908775407666825
0.399698881077711
0.2573390955761493
0.3017749330694393
0.2723835520896171
0.272852287466972
0.27404505518590444
0.42389401900431317
0.2897288346780157
0.289662395888922
0.2654951861789558
0.31655649793873375
0.29256196275140156
0.3236347732539533
0.3402441956423707
0.42913139434017583
0.38575206666520995
0.32664812715877234
0.21179673046685163
0.29554238411316225
0.31073008479024794
0.32272331572121515
0.25190346961160776
0.2546525588222462
0.3578571379218522
0.33794140459778294
0.35355339059327373
0.3521550063599096
0.2300063698144844
0.32912050115537
0.32449757058957485
0.29666451448942316
0.37325035640457394
0.35510844555901766
0.3380845304024813
0.27136071057909816
0.45261584418671125
0.3517156959562296
0.3167328954056675
0.27787791831880637
0.37043227044682087
0.3416134846975559
0.3241700147689883
0.3264858488480868
0.2987397308463147
0.27492659747850057
0.31428715480147285
0.3497547145517239
0.36467089303777483
0.33828176660025977
0.3342045404545083
0.2644864314736259
0.28718201779811253
0.36346464376199106
0.311654124966156
0.31772275199928435
0.31081421979190815
0.38651470821580464
0.39077136368026855
0.36991697671810375
0.3303997695007163
0.30025923135238153
0.3432684321973745
0.3296711843403934
0.32678076572784276
0.3334904442150585
0.2822585839703759
0.27119322461981943
0.3506802140915146
0.34300978629193535
0.28979760989762077
0.3232682050914979
0.2916889448794427
0.32422388317512063
0.2763324411355377
0.32188868590012226
0.3919678440960323
0.3179238930952545
0.3562949909520192
0.30700334786594746
0.35014256840684266
0.30984124297706306
0.42528032462606885
0.30747783078237256
0.34750009153447486
0.33295415990812033
0.3581024394860032
0.3033029685310112
0.2901229917844924
0.28408405870504483
0.37826512677872565
0.30101701807669246
0.2782663740680725
0.3337882553597451
0.34614921306070406
0.4536950524923233
0.3533024655467207
0.277471433881279
0.25919165743586703
0.3426727191320659
0.30758148434572985
0.3442017676016992
0.3419140541523776
0.2941760629719169
0.3294715769117685
0.32504102038413873
0.2849116692428296
0.3612147948184795
0.38876847177779505
0.3398595928321835
0.3646214791097614
0.3801717862378795
0.36870823834175365
0.3891086737879255
0.34874005510104555
0.35835858335700427
0.25760929265815125
0.3068976491850383
0.38904955880420095
0.3439096158988278
0.32010394099490097
0.20456567098972112
0.38997278178094724
0.3700909636247495
0.27885800857349574
0.4399136075822552
0.33530320936895286
0.31606201086591573
0.2522865472081905
0.44893191507687075
0.312934334987562
0.3623036381411949
0.26344205035719465
0.32558329127644153
0.331625352433527
0.32026951484718463
0.33548282956468173
0.35118919327717096
0.3215161401364893
0.3410995208040433
0.4430672891835266
0.32446511939440764
0.2990872033406991
0.3609489233519474
0.28749339160437654
0.3642841258693421
0.3627109830935651
0.2888825377373718
0.33363783203112374
0.3065706988966917
0.2864352651101404
0.3197814569475022
0.4197222611343746
0.3056493196919096
0.34910373075090256
0.428214018865642
0.2588869320287498
0.2961141478105519
0.3252547725412162
0.28989556702663855
0.3167808176370389
0.25852120300754333
0.2754087210214269
0.28853543869757103
0.19082037167399807
0.26975027939549046
0.2765612853220901
0.2835358378301294
0.325762330797814
0.22673012276713414
0.2780547874585973
0.29961175345639446
0.34022943735962047
0.4121794662921514
0.2745758312756762
0.42975683241548684
0.267028259132533
0.41354791024155657
0.3186919710465435
0.2703295173649084
0.3299177119050471
0.33094475549096236
0.3821863820622286
0.33949037373107643
0.28187936683883474
0.3750755108727498
0.32669104073448274
0.3957611012500607
0.33773981867033875
0.33754706568323756
0.29062289316807405
0.3556615350340783
0.27873482674853883
0.319669915111108
0.2961446895283875
0.33045373348482243
0.2686682986286538
0.3023551969774858
0.3175610481322987
0.33037552795298647
0.30028045928144204
0.3206595014370254
0.36147812507748683
0.33586038516481787
0.37180382010731855
0.31866768034381454
0.2911504509681636
0.3222887536981644
0.2745272629641684
0.20024766598749577
0.2748094174442092
0.30559424294005366
0.2765498402215031
0.3132516569552943
0.38259086502997663
0.2980763294770693
0.35906954471221975
0.30482188837206325
0.2923472294664914
0.37515636687757414
0.3206898275248206
0.27672303885797045
0.31790968735656716
0.3743251614026582
0.3531458493022053
0.33948373891562816
0.3537360111462662
0.35599439382660353
0.3648535786326688
0.3149371497138686
0.2927277916707363
0.3506249874108341
0.3093288983329214
0.38100997627565325
0.2226579245669223
0.360208011643649
0.4012299247165719
0.30432443747269133
0.32195271255349317
0.2753188165868069
0.31077902827952864
0.3438676825035802
0.390429670468675
0.20653557327500108
0.3725194268454854
0.2583542139304302
0.3775226429461158
0.35163545138801156
0.3284096608688075
0.27221125958415776
0.246837038371412
0.38332455304492796
0.3382443571779686
0.28826210062816243
0.38403931984306483
0.33840462812610783
0.34649003141374396
0.37463024400726225
0.27835737971890007
0.3539867730284212
0.2626426442440739
0.3257640241715609
0.376603511344089
0.3175149657343143
0.4155968155332567
0.37217160248792047
0.3893401828431881
0.2944870699402685
0.37050287130214127
0.42116441954598877
0.2801189407829641
0.3359674866870727
0.25379768999878327
0.3646532125444683
0.35275109059063603
0.2986020222934631
0.34843551716349097
0.38536807890938
0.3438185602369095
0.2799122841115962
0.3705963379947594
0.2343855557873082
0.31853149714382284
0.22618884626545396
0.3140417464087744
0.2608556075230036
0.3021843564893675
0.34235810616032614
0.3708186345769754
0.38781140651092966
0.4204189458714099
0.3243550117863481
0.2447738722959829
0.32171076804261556
0.3071479767482522
0.2601426111011176
0.4305211044121384
0.39579309788675177
0.3670867416090123
0.390109575281114
0.33561620432612793
0.31078260326669427
0.336275682992146
0.27293630559445997
0.39983152350450313
0.3174491721643673
0.3805681489568756
0.27130085058273984
0.37731584831878273
0.3028281445406986
0.3382035261912196
0.3250457605953123
0.32852115471316384
0.33753575031709976
0.33283601312209543
0.24367335791873462
0.30733814174666824
0.3017849268563102
0.3050482180020094
0.4384912660874913
0.3582148181717003
0.3561139231854066
0.36025972300447845
0.2941776427237928
0.3940390032708356
0.2808649567126642
0.2594021089605637
0.39213822507928103
0.37055853599351257
0.3191099220065337
0.35570329637943215
0.3271228465824636
0.3673329485319116
0.40260011200666246
0.31249379963583196
0.2769478105862415
0.4131893488136928
0.3030667282024887
0.32954288732510795
0.3530651273181182
0.32692493933440514
0.30606636555999617
0.33625139997654163
0.22000539242308287
0.27613342517070244
0.4134724859919252
0.2764327864221947
0.2854504643521968
0.21605771158725334
0.2869689093811491
0.27162299902722054
0.34712292175605586
0.3652656418826514
0.39987981129800276
0.3579666084553596
0.31102320830335467
0.3749979007411507
0.44761922793854647
0.306561948748785
0.3374925969721948
0.1859821622575803
0.36576254535648806
0.36747009855091395
0.34441197299758675
0.357391045785411
0.3338116530711891
0.32233779945026003
0.38232773584749863
0.3265490676012831
0.2842773124578058
0.2696214687074054
0.31515200437464436
0.25381258677093477
0.2927602335042165
0.2664032400808464
0.33879679799801343
0.3809082273517582
0.3881168577114216
0.4634612171354472
0.33057261681362865
0.38686867007321213
0.3644705227785037
0.26888526738461926
0.34474014520976687
0.3307587826641547
0.34641436112186585
0.34329686314502944
0.28617231592988257
0.3791336362491651
0.2631461807238493
0.30220155284878936
0.3037790755915822
0.30169148068003476
0.2778398325549304
0.32309925883940543
0.3268838907766182
0.29806537169812247
0.3710352599825038
0.2680574943937961
0.31065587771316183
0.37678427212803856
0.3015285124062149
0.24313951184567884
0.3412507168145301
0.26954466501072827
0.30725711668604094
0.3235997454404799
0.34782608889179245
0.4393354037878278
0.31724558922771556
0.38674425234964716
0.2771177142599286
0.3152488899256932
0.26070325587916265
0.37291934769188856
0.3682284971647379
0.3106828391954126
0.31328637711415847
0.32765138288535245
0.2875774805372656
0.3843329253933004
0.3334601650324443
0.5119553350185809
0.3057579075335768
0.3280025687602316
0.3359234387837178
0.3921656815126434
0.2174688036031616
0.27550492698546386
0.3185552883092708
0.30402183394839116
0.28704153142682226
0.31703919886660903
0.3503432604565223
0.35037770700482107
0.29563332947781756
0.2806825871282764
0.3446018738839495
0.2956486071302666
0.29504511815665535
0.28057401991857683
0.3751231959046841
0.306537648704856
0.2559100730686332
0.41870089331198307
0.3145129349601666
0.30058248582366776
0.23833808042869076
0.3633983532935856
0.38487387675003554
0.33103951920417785
0.2391039586238109
0.35921632213515253
0.4510449250912447
0.26177697742284217
0.3853919056310033
0.29652627268298604
0.2183030891845221
0.29088306755721083
0.3424693647373904
0.3422454302493312
0.3654103361006555
0.21405175162644322
0.41643029543110544
0.2986967045548738
0.27548265448639303
0.3543409597886714
0.24334182691296458
0.2936072967711537
0.3326960300015197
0.34942337275966007
0.3384005731613709
0.25323977497519806
0.3574710648782684
0.40411151219333913
0.38150938816027424
0.32940747667978015
0.2889014862447348
0.394677069865848
0.27001937667459075
0.2575267410114683
0.27423192408253455
0.34133533787723963
0.3654089699783156
0.24321650031238243
0.32069252846257534
0.3701501378983183
0.31002507565473186
0.4107309245743869
0.3437338253334676
0.32627217898951993
0.195020093011411
0.2603898397297058
0.39594182637134673
0.3007193394848529
0.2739368598388444
0.3468825719028346
0.30158579437512667
0.3263538720568812
0.3204675012653096
0.2986029939113346
0.39770777196605006
0.3207004442171992
0.3186810155530496
0.3138919219367311
0.25733069099671474
0.2813255476553758
0.29087427882118
0.2746409919780073
0.2674925214083064
0.38630024379429745
0.3103152046776079
0.3439885596322648
0.24106912301288327
0.27477391930240497
0.3032530695934352
0.26759263255766996
0.3031049310334933
0.3620875567740607
0.3698435669748792
0.3742014828315051
0.3504510219880811
0.4147277267285835
0.24701690084455452
0.40782801826891507
0.23095335184524673
0.20976708193125562
0.2636207762634329
0.3741888024956049
0.3270976950058422
0.3062669355435888
0.3087235825132295
0.2846385504063747
0.33058252704636726
0.38582370031495455
0.31459228214904633
0.2991262064588256
0.3378046075704756
0.34722787703162616
0.3662386614714167
0.2896775246344716
0.3867806629904856
0.284706630436715
0.15740476955867894
0.35640833772982083
0.33290122459773563
0.31274206283144
0.4185037304916007
0.32786859323224665
0.24498794838771057
0.3482615857242625
0.2872276809080987
0.30783031823055224
0.384624102708656
0.2891057614555105
0.3380027275221984
0.3029741076061762
0.22742589982773292
0.286265198537806
0.31240033150571556
0.36614994288206665
0.26540793965460546
0.24879337926782502
0.29762142726221635
0.2985666136227013
0.4044770366179336
0.33426577983726113
0.2811433195344786
0.35277675292512284
0.352614602612473
0.2618506185255787
0.17217541089863136
0.34769374992392377
0.3554620114746478
0.3129116572402611
0.34719018326288054
0.3630882799025438
0.33446093685238115
0.3263019797467204
0.522416630147084
0.37743232917896385
0.35660878575838545
0.20302738194198297
0.36478490752959836
0.3327455314621373
0.2688008756850989
0.3095475060063447
0.2522467459809703
0.2930105619485052
0.2765750153090037
0.4023921024839906
0.30487437648288895
0.2807755376598327
0.29277655751022275
0.3302907877763018
0.27697891558769167
0.3521509439007114
0.22688392753647596
0.335533985594477
0.29715830048184194
0.30508173203857236
0.31123719298366853
0.28985914648441835
0.2374125963217654
0.3640865421134911
0.32971287770989305
0.3387889943316171
0.2775156636822817
0.3039205743279638
0.3007273438962801
0.3097595189760429
0.24793196174134274
0.21608467363228126
0.3168103359158852
0.3324517072020241
0.3042623704448684
0.22123838159230672
0.23892107464083678
0.31320832521871117
0.27460114907267286
0.20641000955266947
0.3692197672700243
0.33204365928581114
0.27309333117045204
0.3635483237796048
0.2387535704252603
0.3112528837649521
0.22211758688416586
0.3910548868299641
0.23019735159261925
0.29994045152647
0.34951906343145817
0.3463809794369891
0.29563849667363884
0.3017853104748899
0.3234128444398553
0.3230582194369806
0.3627676590165197
0.30500491163747034
0.3010590461390501
0.2702735542755735
0.2553478784161728
0.3089907560990379
0.25621649929938756
0.314176944343066
0.30995267423641437
0.32507893915312797
0.3323835034259204
0.3628954132998991
0.31376984803347396
0.26084823159001014
0.32005896617281526
0.26404429480380986
0.324575053418981
0.2787775991173946
0.431566911132533
0.3235405381205806
0.32084707273870644
0.3950063673385741
0.2750314114216039
0.3355889588387526
0.3655782141479633
0.43628068119319247
0.29853519283197955
0.291766973907668
0.394078918012012
0.29674990372303606
0.3333244315255553
0.2798974884951545
0.3590089299610735
0.32183273637992726
0.3451046042520463
0.42600911031324273
0.286666556947065
0.3149425448239472
0.3533417620121739
0.4237065748500147
0.3254935976890456
0.29815000555300525
0.284595518401514
0.4034822996630199
0.2514824524482469
0.29099575265898187
0.31427689980697693
0.4623676859081067
0.42738018860561067
0.28705883893483797
0.3221176021734171
0.35725823955943575
0.2737920199388414
0.2537757966064551
0.347817617532773
0.26020848938855395
0.33022538161791315
0.428880026965553
0.30213850614053844
0.4069223433658872
0.28994871846748105
0.33835973701758043
0.3789280358511642
0.2379008391083822
0.29031957443408346
0.23059241154332116
0.30540004538705073
0.3891461647092433
0.34992006562714145
0.33434158468015884
0.2777557798669914
0.3266906503571381
0.3044136364643318
0.2559816175411258
0.3872002020374108
0.3116121647540615
0.3068658114028199
0.27954951566943376
0.3377223572525155
0.2725058971734441
0.3957554255170349
0.35594231920221925
0.35323535889678104
0.2999393359757481
0.31264920587637357
0.2928607971706313
0.3041777233573832
0.3758650898596063
0.40747209124814737
0.32985455676582115
0.3816289326796744
0.40381044440809655
0.43296182622570145
0.3479610839432392
0.47946987195159513
0.36082236201414625
0.30098335127346765
0.3443404500287992
0.3413727466143086
0.34171457089637197
0.2690830317694333
0.28540747886855583
0.38636648089202624
0.3471415770252295
0.2814194177681062
0.28620556822537724
0.3817641107350486
0.28286668132547577
0.33231253634149155
0.36744199708070413
0.3846089513601974
0.35171044242870114
0.2883462491063177
0.2941522279503584
0.21743011012448427
0.28819413193420124
0.3059269430069853
0.30651068958120864
0.32315419122210093
0.38265790240614517
0.2728838727684552
0.3386721441044709
0.3029438101415461
0.22015834983022362
0.3721782202643287
0.25795734612061616
0.29200190904613815
0.29726214487528585
0.3821276336450628
0.3302170530429452
0.2853281079302745
0.3250715602820999
0.3407287915959012
0.27781595479260723
0.2631025433560498
0.3656863827597863
0.3185320511024378
0.31527895732199906
0.3223711032079608
0.31539419909957567
0.38012830362405015
0.21229417587663763
0.35942480999332144
0.34547166717283984
0.2756701569937879
0.30762119838166735
0.3242252113585944
0.27680753844787587
0.36998644523393076
0.24049135255032128
0.2650951671696487
0.3732889138403009
0.2871173579169184
0.2728068367351881
0.3038753493502812
0.3065234691174871
0.291329641181044
0.3495165465669262
0.3035378364399579
0.2618492084992301
0.3717583358174416
0.31463246984768517
0.39109373584209345
0.3838671689060057
0.266892863407505
0.29930933040587127
0.30760835062649783
0.42009200786205153
0.39582545305229855
0.4181264105944001
0.2978153807413925
0.3069285919361537
0.3437315626525236
0.40373317434096834
0.4014451915905757
0.2976386418218116
0.3073015991169511
0.4004340606134416
0.37724602589748335
0.27474257116641004
0.2769367563832139
0.37605051711164306
0.2742628900519231
0.3273485667722202
0.37843731099907635
0.3555392464000481
0.30605610160573793
0.33944751104548887
0.2960496801689118
0.31085191970179293
0.27667576735025373
0.31350369969328007
0.3416863238131704
0.36254712810114953
0.3191195540664754
0.38281698126326846
0.35466069538537315
0.372680246220495
0.24462359708376946
0.29099030326812425
0.387174628602191
0.26881839353176396
0.3592402136805852
0.259998682598107
0.25027829211588654
0.5182166806354475
0.38481344398534334
0.3060737639105722
0.2453254842881108
0.3883767799432946
0.328091189084632
0.3360244264936495
0.2571348620350794
0.29547949579424254
0.28554768389759844
0.31867824025976493
0.2722031479791815
0.37948264446537594
0.48293822348763243
0.276194700001925
0.3995887769846509
0.27239472648705965
0.3901190464579286
0.35317697286107635
0.36864149444675165
0.3553744850499991
0.26872713794918335
0.37522476638706603
0.3171491678570024
0.29698637384391297
0.3003541954382524
0.5024089104952064
0.3291488482716518
0.3591739989253229
0.2955164558727902
0.3824549317551903
0.26809916801911865
0.3056582965700059
0.2974901209918662
0.287789298207714
0.3308197201679399
0.32822090466291454
0.315340706702472
0.31255451586005484
0.3619809710050591
0.3384566946536889
0.360486638450775
0.30576254271510195
0.34424972608576027
0.28557997769699345
0.35185831546416885
0.31486898795163665
0.27542881679432013
0.28939784771767013
0.33761048075945127
0.2530885012584395
0.3206232669740292
0.37507094542295594
0.3050718443143755
0.36780571462987743
0.37141683151204574
0.37828768999078627
0.26260459400494013
0.2686044095698153
0.3711153889494704
0.40208324916220956
0.36308321691803197
0.36274127075243295
0.3042792410719511
0.343092398955562
0.4565215288268899
0.37599018960303643
0.283546782092747
0.3337268497469376
0.32434218778097373
0.31562803051946375
0.24009414914002808
0.28634273459930704
0.38484820401242464
0.30038634191167585
0.3633246271184741
0.29239937587672776
0.3936392545538149
0.30083817336046964
0.34671621004364883
0.3998946791438651
0.4071491883599497
0.1262743365243219
0.2801344344129713
0.3862499342517976
0.33224756466249983
0.2622526363726288
0.29710708666257873
0.30694291697773607
0.1901224007561191
0.32164881875705065
0.2724304448771403
0.3915957876164832
0.2636943666724851
0.39972361525601563
0.2621744236029469
0.30540260326885066
0.39743896267766143
0.3161642741153376
0.3449373895449545
0.3093404267292233
0.33951256992914547
0.27300023602228296
0.3077410480367143
0.43150183714872675
0.24167151161926928
0.24721292838536216
0.28854627695042184
0.3779101070494149
0.3264255236105736
0.40335577785138166
0.3313580401916903
0.46341519893779465
0.30479344123528634
0.4194900543581954
0.31031343560580676
0.30763847251780463
0.2564746177721768
0.28287482828044946
0.38590738778714817
0.2196668775984209
0.36645841151521513
0.30243580879330695
0.3747539874375632
0.38481316415387573
0.3476183693892927
0.34632546448508644
0.2681655597763419
0.2688736449441854
0.3101815943675615
0.3346486719610893
0.2602456107342107
0.33861405924817123
0.31420824273242215
0.33582038876467124
0.29719761988571525
0.5078611133990895
0.37802066896751085
0.4127591252274102
0.37320179224709443
0.2876945975998701
0.290477857053598
0.3800476505959851
0.2959657863457673
0.36973941959525297
0.3777187725363055
0.29255288818443353
0.4060739186272867
0.26758339539998477
0.35044401964760985
0.3078907000912339
0.320085285992253
0.35279534706122406
0.3672607310710565
0.3781387542280684
0.3379721025495245
0.36662282887961184
0.3420064021354722
0.32117069335792164
0.3533818507639107
0.31655771293313734
0.39819635747831267
0.3300682044552479
0.31704119561963556
0.3512077832782517
0.2815027893258773
0.29392751831074315
0.2590048709584353
0.26812239148856515
0.24789228450714615
0.39272045190842625
0.31798582816294974
0.31737024341903886
0.4098899074959618
0.3358771128964996
0.28465994378450155
0.2723850918006256
0.34537127802168766
0.35096250120237105
0.32243351347201804
0.4556593176860266
0.3290825060254375
0.33904339595042843
0.3209205358308493
0.3728594950323805
0.3169320242493841
0.3036450660306271
0.3384334014671825
0.27998175148500515
0.3512668820684389
0.2826305036464606
0.500233950042765
0.30611783869313486
0.2925003835311167
0.2816154835396263
0.30545861925633966
0.27242725833636705
0.3085307171800978
0.22836403930311705
0.4315287077588449
0.3321212788061245
0.38931853224322605
0.33094598516086443
0.30243716345609184
0.34648131351454686
0.3325528064797738
0.3624383974442694
0.32703123658724603
0.297805816455449
0.2912921768458788
0.2816503825024457
0.3166336195593807
0.3052518408411918
0.3232594193900221
0.3371097246377947
0.30607922850041636
0.37007138940958023
0.29054608986127467
0.37187348851976537
0.31573522916388025
0.3656803282260301
0.30486699569450837
0.35079034656855584
0.3417461959112764
0.28998321206915334
0.39930501345267955
0.3601100155258166
0.3965294330863014
0.27229110641828896
0.3190208767327677
0.3639983562123632
0.3697540942986341
0.43604055842697653
0.29762554697427857
0.3207974795710464
0.3381808297736497
0.328925225495597
0.3123295264776289
0.3814787964780694
0.3136520587769789
0.44375485298754525
0.330937974195288
0.43307184882123884
0.3265688850382292
0.3767416404068939
0.32859190458639365
0.32109779946227734
0.3516415839085269
0.384120841391914
0.346553676960405
0.44911557086475073
0.40611614553299247
0.4131765843461097
0.3795338259728315
0.27879247202287455
0.2489709842953322
0.2608495307086698
0.3371972409874236
0.23107110493275246
0.3592436275663415
0.28708365444188955
0.2947147993021939
0.4740093166606317
0.2972984572410575
0.26037844609331734
0.3322388557625806
0.39261605252798853
0.38064443480252197
0.37307443318646555
0.35338164462367005
0.3205090800100573
0.31592288671194674
0.29671113464334675
0.24391681090767658
0.3700783339616091
0.304579134247371
0.31773862938150255
0.3508216959646165
0.2700344821240308
0.4233453988340219
0.3839565480411028
0.39823253991333557
0.38197569398094516
0.32215655761121015
0.28532298095719555
0.26762885233782624
0.20200325904412025
0.3164074767628836
0.39079008623308614
0.37670500672520824
0.2893483989145679
0.29512809399150386
0.24741450312680507
0.260677244892439
0.3359952268898636
