0.34475058894749266
0.30451889240597385
0.2973917288158859
0.2933994124892169
0.37043286026932637
0.304236492119595
0.26170809542174245
0.2861198562020433
0.3073927745245885
0.3317185597123828
0.3807422582940365
0.30448365022966684
0.2987219505518977
0.40627962571419396
0.26634911714308285
0.34949530313591515
0.2642907598057154
0.2516255867066033
0.2697380498585264
0.31744350434285645
0.3201838051476534
0.2930756781899559
0.3444835241921616
0.15562045098035351
0.361763711866323
0.4298951570957532
0.2869020918648678
0.2727317742458511
0.2672543134482175
0.5087579320333704
0.3054860105187281
0.3761598444356174
0.2729071763403356
0.36677887636166184
0.26165423526915466
0.2663651827007192
0.33680294181096143
0.2924766617385399
0.29390856236415497
0.2770758378861444
0.30039324706703974
0.349367179513099
0.332688383115795
0.4025179678460515
0.2899108011131911
0.2665116311268194
0.34681294005498026
0.3380783669988776
0.37654396752602237
0.20216821316970765
0.3700326697727379
0.2919683418014676
0.2745093009236203
0.3745256363121006
0.28415100060340687
0.25035681950712096
0.27849394398829114
0.345266861540628
0.3098799309151479
0.29565576934151927
0.23577829764850472
0.28588112786286385
0.27579117648648455
0.3235818006737545
0.25315654288797496
0.38894586461323544
0.27680980647843667
0.28630294464138045
0.336114345385834
0.26888100989869534
0.3293421345054309
0.3340132899136166
0.3293981470359085
0.2773543190821152
0.3510564432060201
0.45321714484952125
0.2947264543748845
0.325709546737357
0.27330434436351697
0.3342615960939465
0.2956446137705071
0.3425201710532617
0.2926817882469788
0.3753795706078621
0.28891181061079024
0.35300473073799865
0.3745404765387262
0.3493075473272338
0.26669176279506995
0.27380243064833454
0.20132517393072466
0.33141641197394234
0.39271011368179154
0.3915519845962903
0.3026405177838339
0.35235625721654706
0.22734982636632706
0.2966488509565182
0.4087246547106201
0.3734599444383162
0.3202696752440296
0.3616905379494127
0.25707829894832335
0.45776107657652076
0.2993289676798837
0.3113225298405505
0.2853913561321027
0.3863247079170126
0.4385661991875238
0.27639602375688216
0.2981297635716192
0.2737733246293024
0.38264242206214666
0.3344809141040572
0.20020256026356312
0.2864204319656106
0.34556332695244696
0.3025518304924641
0.3776074274103552
0.3666918652926046
0.2523146144309316
0.38662567091512307
0.27753254137046174
0.3054914935235461
0.3547610159642731
0.2982315531966789
0.30220466246251815
0.3223599367543633
0.42791446420002993
0.31163858926199206
0.3213710480343648
0.38301364219326306
0.28041344527893886
0.351598224300085
0.29838807627030745
0.3631716501006543
0.3888235621245647
0.3028583752047039
0.33058621536331717
0.4018818439251906
0.30312865564742275
0.3523726227126799
0.3655123265003908
0.2557420983617342
0.25911171853870174
0.2683908950489085
0.4182929743839133
0.3040739084491769
0.3796100879463246
0.44296836757895175
0.2687971696482285
0.34090139064109753
0.3182878235726639
0.32631916498627644
0.29001845470193766
0.34989031905843393
0.30231416355683427
0.33733387485432326
0.3021694503401121
0.25238501793806734
0.3307717930974444
0.27618364950330254
0.28583448141650364
0.2611301840361306
0.2946970310505326
0.3415521170693299
0.27312794350654
0.29404049788281406
0.32166815248349057
0.2900401976543855
0.3516381888183572
0.20904951906367117
0.32935459061407696
0.2868375373721015
0.2566462181440292
0.32558167567767615
0.2927390731348693
0.3152743899600441
0.34500780845152135
0.3048047719827357
0.30167278985935014
0.3256383088781676
0.3238533838815668
0.34391186015981506
0.20079027081594536
0.2740073543722094
0.21125501844612335
0.21602527244679265
0.36839084341942196
0.3162751284126799
0.2585576966843249
0.30294532874883656
0.3110208561291664
0.3330462630236287
0.33703116429654933
0.3103779463657195
0.32321538002265343
0.3612331038562812
0.35508240214775655
0.34575171116099696
0.3588440474814159
0.31837365677525536
0.3121280189444305
0.3431238123420433
0.29013448183601487
0.27193370737981093
0.337199547865269
0.29287236318379245
0.38317743031286944
0.30945593893417245
0.3475545722932546
0.2719071859964188
0.2705718977197736
0.2878912193109015
0.2261040353773883
0.30638109145349873
0.3771873519943963
0.33174353909147813
0.3549038545926683
0.43555558132326583
0.28680605414299065
0.2862428697483566
0.28720787135343073
0.385318943624295
0.27488487922444305
0.31945093584798906
0.3177342751118948
0.24904116140914626
0.2900192597589325
0.34926460672550486
0.32285506804353087
0.33658932166161354
0.30454463020676537
0.2893515326531096
0.3011907374484746
0.36409414790214517
0.3794084585239392
0.44985920745462576
0.26118325266735326
0.40187607957418536
0.2171162505667813
0.34525612179915716
0.27457734086898805
0.3847960980772904
0.36316296055398345
0.28283849635333475
0.28029122340789087
0.3113688707787033
0.29880106219987634
0.2197040905360219
0.2736026456773588
0.3396060679186435
0.4044137474022579
0.3051710226061143
0.3098004703137544
0.30500016763190146
0.37558215868085965
0.2961777325462434
0.42672899449499596
0.329948419425969
0.30865981613849897
0.26701356988283637
0.30632530036021355
0.3130567372882673
0.3796213440673917
0.42946277003223066
0.35570112810826776
0.3055336820057429
0.2648617329268654
0.26989948331418445
0.34956677030560895
0.2518078812781565
0.37727189071392253
0.40753009990957345
0.3466493736544778
0.26049198827598025
0.33962930891712134
0.3880285520253174
0.27916841350598265
0.5066334779412999
0.2977946729196394
0.29464838427085804
0.5217232676661638
0.2944056934806567
0.31708484816306076
0.3262265240662705
0.41342986013411775
0.32930316758544315
0.38081300548755137
0.35958117191750644
0.29426583943021434
0.26687759495139335
0.29861804264904024
0.2593731768018858
0.3286533915754682
0.3616315589852458
0.2889127225645935
0.30322524371582077
0.3486238901463159
0.33736724111901417
0.3520742989211029
0.3562726690048483
0.33277180757938724
0.335312433727437
0.36020032094462445
0.37214064938285296
0.367102518867358
0.2662139085769558
0.3015626682757823
0.37188432109915676
0.4469883064141838
0.31016127382794617
0.25230093793279457
0.34281423766745606
0.2865037365616603
0.2954662920333512
0.24583623452667958
0.34920820165727984
0.38771378379719207
0.3585838364909232
0.3072131309753328
0.32471547435560116
0.30863274532320933
0.31420992724347085
0.3033943756239365
0.29321977048180603
0.2620866005919933
0.31726028302466436
0.2943405270848473
0.32935861679268286
0.31834648283922273
0.30386182344021195
0.3489156722578901
0.21748043183631013
0.28424564627602705
0.3496198433545382
0.36495230424345315
0.4455544713900798
0.29797577563066197
0.2551898920394248
0.30595520458468406
0.36175498757511415
0.3027752515647534
0.3236375456840339
0.37519324339953913
0.3731976100393171
0.32760834204672595
0.3607704728846096
0.31919331207936685
0.30358708709974075
0.3461165832888163
0.39173916448748464
0.30798878788222084
0.3288209507153938
0.36842360142935315
0.3687146205092137
0.30925315977806345
0.3294993332593441
0.3457215116877266
0.30424303841368916
0.3949733812161312
0.3985661024228921
0.3877364315817481
0.21510626709708638
0.44820498967230477
0.4141848555741199
0.32599488779031377
0.31250085348969087
0.3311953207181838
0.3573600293594135
0.3195603699988635
0.3814874011897334
0.3999623237282528
0.25940212672954416
0.3168231936034811
0.39084624064434886
0.3215612229070096
0.21574984151818954
0.2573566157569057
0.28584787157503233
0.31335499675666645
0.37168000176586863
0.2925656559816723
0.23973135886381525
0.3217915819947926
0.35161152257232203
0.30484747541854534
0.337328300352075
0.3519167858226396
0.27535270152843183
0.35001270888769814
0.3619909840189009
0.23516787790910396
0.30320057601616934
0.3432132464364401
0.32383238590323304
0.3318030905512887
0.18686534907872157
0.26748259113348677
0.32563695620026184
0.272453545086725
0.3309038652341381
0.24562093300315505
0.3843587333273832
0.35053310027356466
0.37669238723132914
0.27954874617522296
0.3828424831664238
0.3453652304433162
0.27229148422938687
0.27383624690675357
0.32286591201986276
0.3349121958037309
0.3988049896363442
0.2857769448859468
0.32794806915809305
0.30043258606612
0.2553950971903985
0.38684812632317567
0.29054392029073234
0.36931989423667777
0.2703114162367069
0.30848710815967567
0.27207534191696275
0.3399023686580982
0.23753706399818203
0.3390521343288207
0.3250658646548403
0.22858206163343397
0.33178273424695687
0.22123791221657552
0.30225665282399455
0.4033705875853859
0.431611093915839
0.3165662666542851
0.3330426140782835
0.3348228482476973
0.3218500054774468
0.2575260025365422
0.28021092020872634
0.24119336903891256
0.5027737358204313
0.29651373835612344
0.29483369697696576
0.32695751504592163
0.2769350479800731
0.3834051207671283
0.3211720414314723
0.24182277910077868
0.40041190955434147
0.37405602846218505
0.2679899768977428
0.32399640867617785
0.3310499412328723
0.3657451384848601
0.27884006091698504
0.3580040239478128
0.35921860894195906
0.27128318692678555
0.3178274903344533
0.3321260991203551
0.273594907292614
0.37103310461507455
0.18984928951255903
0.3071101246551575
0.3468767314788684
0.2835003842599421
0.3534851787426175
0.2911316649305627
0.2668494312593205
0.27119851598921013
0.3576192435963045
0.29605763635587734
0.3375110603618152
0.31490667826585644
0.34033849980642034
0.29363224281290673
0.3706187345797085
0.3181185059983397
0.30877958389545684
0.35321521917135734
0.46272540693808534
0.276003828978964
0.3363770341278969
0.34046231397044613
0.33179126181996244
0.35263176722308737
0.2766384536615361
0.3254586434554546
0.3517078545269232
0.3043515952317681
0.34045765534071426
0.35245913683099184
0.4071220861377091
0.2847795361242052
0.29879548534997896
0.3092669699244137
0.3925913691550126
0.31456591834096626
0.38487766499091886
0.3279461858401262
0.2665404836963499
0.23861641976861053
0.3653854470565787
0.34644479942627454
0.3072736220027629
0.35783260732232985
0.38519180817246296
0.3145734482181751
0.32077938324059624
0.31612913166711465
0.40117214298908743
0.372461620791664
0.22883549480448562
0.31191267520349697
0.39877520294722074
0.2969649134435934
0.4279705759355847
0.3693817146376893
0.24635564730297502
0.3112572045005409
0.31720850895499053
0.2946879136343759
0.263487816532821
0.4144428297660046
0.27948877610340417
0.32895682794829134
0.31450623956881607
0.251721555761711
0.37397925283547895
0.31364188310870356
0.2785543019244912
0.38493586973313726
0.24282543119584404
0.30478905748024965
0.4369023740806238
0.37047802569759114
0.30072809487211716
0.32051008606919806
0.30630271594593245
0.29331319934781985
0.2710679842590068
0.32971984350618116
0.2566520804861522
0.3586342979945116
0.28371617080330813
0.33136497647713226
0.3169007406340747
0.3240178632612113
0.3199707052282048
0.3229386775025054
0.3153554678465062
0.28274746973638826
0.2848989353361179
0.38623565874128063
0.279692234058073
0.2785524966766278
0.3064192457729449
0.3007475951599667
0.33066419029418864
0.33850871854600917
0.36202540112583886
0.29597343782148483
0.33545640056290643
0.2553014377699386
0.30177086414971044
0.3256577225482116
0.36641431526835166
0.33666335187522844
0.34688536329063585
0.2677872656812736
0.2613306889865336
0.3736426797439537
0.27727215692706114
0.3210749724543273
0.35279100797300106
0.4066151433603618
0.27810242345205083
0.2512084939022829
0.2974321271695537
0.30402797179325497
0.3069400729409294
0.3445530105455337
0.38299357650878685
0.27684048585929955
0.2605739977030281
0.32884938005424497
0.2914672449532364
0.28874362488706895
0.37529341213501094
0.3107140117405561
0.26746134964299617
0.45632997236601175
0.29014416796380593
0.30051415856843344
0.34317229324954185
0.30675054942377283
0.3318208292358345
0.26418452874612147
0.2752329342715729
0.3740743870496676
0.35061000071157816
0.3386032098708497
0.33554929500926745
0.3955212873076883
0.306240347830946
0.3891168785115168
0.3803582887450359
0.310831205714036
0.25602536769010253
0.32605998358355365
0.28401840533480843
0.2431499636581929
0.3645832551930903
0.1841380987629767
0.3038435802663379
0.3277264750445756
0.3774033533036446
0.35780853454698686
0.2937165801892263
0.30912374266369363
0.33794194217746687
0.43906634015967555
0.330666939338914
0.2859621704443899
0.27941035822244487
0.4096789288397664
0.33656640086571943
0.3638090713714209
0.3007213433591867
0.3251559026358832
0.3459165116717482
0.23264027710839486
0.2969185609980752
0.3279162689976686
0.278656341633922
0.47462164968363546
0.35132978436312734
0.3334247969984048
0.31755528042999787
0.41162752511125306
0.29166933674191875
0.29152857659992965
0.2766326382974012
0.222719406871544
0.21813062658710977
0.34369493492757575
0.37506785011418164
0.31564812398343467
0.2617402119294661
0.41882677957056
0.31666631814128093
0.38327538038156816
0.30276795650643995
0.4029591304807849
0.3578566837034567
0.31189994753736205
0.38421435535653337
0.3178255663263814
0.27157711866275214
0.3015406042751447
0.2949375950402265
0.3594344904151969
0.2708354572194763
0.29114087090524143
0.2983247376528078
0.23603158811757877
0.3108207818087953
0.3201839232958809
0.32950179842839306
0.4314458686061752
0.123376531534696
0.3175633524757494
0.3541046238234113
0.3757776409094512
0.47876339960984293
0.2964816284166697
0.3819492041086187
0.29448442891546295
0.276332366597465
0.22071904275196777
0.38370667028612915
0.39706150291363446
0.411451450250612
0.3251090603130479
0.3756537741019388
0.25664155492921864
0.3284074175140288
0.2744228882671587
0.34782997956397677
0.3538902831172278
0.35156297762669986
0.32821164030654926
0.4015904174396875
0.36906804844377955
0.34450699689581465
0.2645844755059902
0.35206701362963644
0.2977700406124487
0.36414782432044124
0.34828004031604626
0.34360487710502724
0.35441842469758084
0.24338014674681777
0.31946512772862246
0.3567602503199949
0.19304450492552538
0.35914523145454763
0.33549940123353894
0.2852373283082299
0.5184545878271669
0.3168150907083409
0.28355479693357694
0.3244390635205445
0.2732005814498857
0.29835159843756115
0.4243580051823618
0.28112382387058255
0.3690573050795766
0.36934146107807214
0.3265226011564859
0.3034801752970933
0.3334001329983056
0.37944079920190327
0.3164485400090689
0.2919634440701398
0.4259255939094749
0.3236838755776911
0.300286133815314
0.1709434819518989
0.33713440172648984
0.2917859583793143
0.35255223072651626
0.25874223586497785
0.2596776603296004
0.3365009007309678
0.3208629593764664
0.32858359869394144
0.32483188705342325
0.33654364658756086
0.2658775491271349
0.45335097389971374
0.35385457546439997
0.4152313142956289
0.4315925599296615
0.40971798129573744
0.19712141012243273
0.28877982258114987
0.336577986829089
0.322394051928827
0.41947029505512723
0.29007347953507007
0.39237715960205916
0.3106218048212291
0.42572040225560187
0.3999703483079972
0.2940506073080952
0.2838435929534168
0.2771144556794022
0.4191885766089614
0.32105626015149297
0.37305961895296247
0.4158387606523925
0.3448137737013693
0.3876294537573583
0.36330266270311484
0.3497595249632951
0.37744429254769984
0.2789977701783891
0.2953919459850993
0.32568323414459444
0.3116114759214621
0.3892954092878856
0.3871752566076506
0.3039531527279219
0.3645637742169763
0.37003198951040167
0.32310523647259726
0.257649859848998
0.31071026311545574
0.36169958824296805
0.27041143975718424
0.299131854901524
0.37019607635106977
0.2985454434719641
0.27115759714455007
0.3301525130099175
0.2429526197828891
0.3009076435089436
0.36681126466426467
0.31954333805651164
0.30991839675102
0.3319000166473045
0.27614494223683256
0.27854923659722547
0.38189347512264976
0.2647529653436555
0.17866980398441765
0.31828596688082295
0.28143316965699566
0.3647132774668168
0.3880637592851455
0.304218851706626
0.37221609298808617
0.3928921825416796
0.23859788594563602
0.3296800105210591
0.38971324736943747
0.35586042739975515
0.3311381770810272
0.26069163617043306
0.3101350000760279
0.2740548407543427
0.2561575396046773
0.3454229587654271
0.3110835261864088
0.37409307897440874
0.32107700952206214
0.38576529560099476
0.34645414050316775
0.3494637099331787
0.41396209789981453
0.3370355546411187
0.2747663466758844
0.36392795364191205
0.36097818690885314
0.3000584598802513
0.24579751549625484
0.33543429745615433
0.25970768202695177
0.3245298684074635
0.4321486044919624
0.3223118306562369
0.3077329656474884
0.32711972773504744
0.31634602225213887
0.2882389180451426
0.34000359732149676
0.3909483419656431
0.31280035333363976
0.25859955330615053
0.3962996675642494
0.2372562098766121
0.29098136473254044
0.36357871513089196
0.3429713427032286
0.2999596655441981
0.33439138662488205
0.40553772617891076
0.3967882188072698
0.2264108039325463
0.3096185483664134
0.33724045100484606
0.2746371192283222
0.3790665660814945
0.25171648095827337
0.4435733500059469
0.3362538762760715
0.30499040710588343
0.35228308015193843
0.32109763770417177
0.34413234642446255
0.33531511274449444
0.3209461751515485
0.31305502002739216
0.32834632240582967
0.3269070229300937
0.3252373096868428
0.39662145785477365
0.3640569654430103
0.3850028140072694
0.3152014432247874
0.30916008318884025
0.39242823124402326
0.301051530926516
0.24892301587991905
0.32400645751673085
0.33985875195197873
0.3348484305956226
0.3126651188194348
0.36493384337686796
0.3721214101270616
0.32570079380430567
0.3383887053206939
0.29992396724710557
0.36939895897812397
0.37707626126020893
0.3049435231886769
0.34790788847487786
0.3265259619918738
0.2712143680281481
0.3156263551258727
0.3306600891629757
0.3882310843792362
0.32313323130293414
0.4043513162835361
0.298635881239738
0.34822498194107576
0.3188419991128867
0.3409086732103654
0.36186173204350347
0.3706649847128199
0.27600116641761197
0.2670403261340993
0.3613794678759908
0.37879511321568476
0.3013483144279287
0.27048389856215105
0.27125301586971196
0.3656377094916329
0.35907332131617214
0.37707996089444373
0.2863342091769463
0.3703053265824075
0.2887182766715979
0.37968657834538666
0.28612124907423675
0.3934658175403083
0.3033887070161614
0.30642958908517137
0.36223406060784025
0.3597726303934358
0.3977115437931034
0.3043936501796455
0.40595579132861426
0.28412707595547954
0.27572523790829806
0.38282586744215896
0.26684505169808503
0.3216567576791145
0.25950486426577385
0.37977800786412247
0.2856617527004047
0.36285602187160926
0.35520564905480007
0.2951121138035768
0.303729224794638
0.31768861033624807
0.258459053829307
0.313188299064009
0.41894325016885386
0.43023645524087023
0.3128630593299984
0.3142554547083504
0.2547147558978523
0.3544168237975374
0.35110981586412976
0.3204598497746461
0.3191627636562518
0.34436048494023885
0.2899978740996567
0.36753637962024416
0.29353857689696683
0.2924744613904947
0.2995635115246442
0.34072982244426114
0.35946642440973847
0.28093735179825335
0.29269643715163624
0.3493709111338751
0.3186178971535545
0.3283602346582847
0.38770965019941933
0.3095364514513777
0.3211730273043606
0.3324897658664476
0.40071673244781925
0.358372373656435
0.3204051769790809
0.39925213883171035
0.27400437136154726
0.4031053789312256
0.2893613618677776
0.32596806583800325
0.2881137283612127
0.37612334230972716
0.31868348602629
0.36850383601334247
0.26270358506490826
0.28759517139717167
0.27471949934330797
0.42170850699480605
0.3429569128987505
0.3679091879040903
0.273724635826506
0.37688810508229714
0.2895129115553773
0.2799431258729798
0.30516678086461907
0.2837932675746915
0.20836869572054456
0.3099323730957291
0.276806065136304
0.3718190137786514
0.33307650621260904
0.36107120018367683
0.3618270641518741
0.2966952082204876
0.32664693770621206
0.20447283003651878
0.4626174245647389
0.39679273868518744
0.2124664545269394
0.31712102537812276
0.3425320480313488
0.34805970511700746
0.2877541483815832
0.34322287866333756
0.3459363898203502
0.2999435421445603
0.35103145868283453
0.2883201999266884
0.3042125492372536
0.33265385668267006
0.33624356825273843
0.37245377012729475
0.3681499307110102
0.32992436841816947
0.22919399812998495
0.34160460207583493
0.3506190219518472
0.26904375710995715
0.3129703483388079
0.2654489593777576
0.3173663632443682
0.22109362345976752
0.28364304057065354
0.4176237238044965
0.29865595955281893
0.31664861436401565
0.357922481128279
0.36453953202140804
0.24559575170316414
0.3410674696258661
0.32436592566126476
0.23827993085940705
0.27806314966413803
0.31667975668132653
0.24788793721122973
0.24604087874249003
0.34744675073192477
0.4808508498529201
0.3585786933122495
0.3062404602993831
0.35441142028049716
0.4065174227682694
0.2618949353565249
0.33575538395697063
0.3651390062573755
0.3025341308443111
0.3329534380641562
0.29555839897892644
0.35656724023066766
0.34355748455871343
0.39428555662590414
0.22435978430537282
0.4104963872182655
0.3097044982809047
0.3714110153375418
0.25893512341990593
0.2840246858272582
0.27340246350446695
0.2589690373119171
0.33551542064608997
0.2853362660894605
0.369674567565803
0.33941362145810094
0.2956598528500251
0.3025176758011483
0.3259626606124778
0.29998805135196205
0.35848940585138134
0.3453344439655299
0.312085930476197
0.3361226564637779
0.23063842893712483
0.3178489549100501
0.4238541394878363
0.29069877324770804
0.28756501913748467
0.2904267434462103
0.3145587462731888
0.27330785598292
0.2918364483767545
0.3253627625682724
0.31359712452221894
0.335744151979676
0.40868745717595256
0.37544618363634913
0.3685920481952506
0.3775983504557512
0.211995263218404
0.3143343663664223
0.29565539668586566
0.34340223013605226
0.2250865943492066
0.38980903157160623
0.271611049700757
0.23991869144605132
0.3842610226142605
0.323803670153793
0.2893247992498708
0.33539255864130435
0.34587694786743495
0.2933250536235112
0.2914114232030009
0.3801253313979346
0.38955497958491214
0.35360683063686144
0.3120935931348008
0.284548452516955
0.32802955491463226
0.31520345113988646
0.3082587137846833
0.3929515470104411
0.29689598480632795
0.418083330158439
0.3295389905710735
0.4312422583324019
0.3175008148164604
0.2698539322971751
0.27697218076581204
0.42066755754302465
0.3220685367180659
0.3235925330840835
0.3872382939646145
0.36823332293720396
0.38190962862624556
0.2588438727309882
0.34702660841282634
0.36447175560595263
0.3906637551483188
0.3285009351272593
0.38063646539399126
0.2596450787939545
0.32900213724990524
0.32048378786407034
0.3122690376863457
0.2481428728788145
0.31631558691551587
0.3159355746367205
0.2954443269998527
0.26850321991673737
0.38246304231897393
0.351553432417598
0.2770852285486874
0.2850450277830359
0.3876529419853922
0.3352569582212554
0.30269648454748155
0.33622822444413364
0.28081869538506077
0.2833942237021204
0.27974780831045754
0.30670386808244116
0.3775705561155436
0.33645682092704193
0.3820380930274357
0.39434731556254227
0.25355397537822805
0.36951500492505207
0.33174540072465897
0.2679074698302194
0.2845243783396304
0.3814099557118542
0.34155814182871735
0.27122684182398676
0.3197826404536832
0.3564922391748373
0.4990903059500491
0.255826232232269
0.2816189779866682
0.3231359705653152
0.30524055286939766
0.3415984409449916
0.3444538459542334
0.4537674614186571
0.23276514072955198
0.41334435582377244
0.3787336024520217
0.37274957814848536
0.3613976126694422
0.3578974869501471
0.2785871032932459
0.37765512216363917
0.3401380289314181
0.28794805739704343
0.3818552086654089
0.24400751089227668
0.296147235648351
0.3270140818329973
0.2735027723414594
0.3672888119849533
0.353824322387965
0.3318869246910018
0.29166573409429913
0.29858479572114616
0.38343791314703973
0.3813961771838874
0.27083826689296814
0.31806992296161746
0.3424116982483109
0.24163585220747283
0.38845670601459015
0.3267572369376855
0.33153738362970203
0.30647195404196426
0.25146570454782113
0.37430902659874943
0.34894206331055005
0.2750635802065984
0.41577627970574205
0.4297672205730461
0.3536057037725163
0.2564681616536564
0.2785591140250662
0.2825872236913966
0.42437204940140555
0.29674137412130813
0.3054162389586923
0.4505952863430971
0.30418735194450136
0.352949720785654
0.2876798796681814
0.280008480296013
0.32864055019468685
0.3201088091230127
0.3752961879749076
0.3472581839581678
0.3090455402224209
0.2752177738133084
0.35733930882598336
0.3668339020792399
0.2810948632810373
0.2821210766418974
0.41479459499193305
0.3007339951278851
0.3143959915346251
0.33123360466772883
0.38862078688698765
0.27654184766486334
0.2751639029889288
0.35212984228791466
0.30885541809280537
0.2560031443640532
0.25959569471448135
0.3849033493215125
0.3879008315910009
0.4127005266492823
0.3211652834941482
0.43266610411329637
0.3780418174894644
0.31325901326310507
0.23941394903810778
0.30367367574105275
0.26939401346101594
0.3746024297925854
0.36130727393721296
0.3445338069822136
0.293935202915546
0.3744640484801402
0.39413287515667195
0.30710312474822643
0.30224522403852805
0.2611694224753608
0.36644105646909236
0.32891427897337483
0.3105545127022129
0.2883746896439196
0.2680594087173487
0.3863366943235636
0.3125872671265207
0.3158933354089037
0.39902029023726365
0.24460623396530393
0.38576279061798785
0.3426271383244557
0.2895742249698926
0.30635029584354256
0.4015980218510255
0.28035333770575716
0.20415220176496096
0.2592340562924548
0.3400167156674881
0.2991684120052525
0.3017312112386165
0.306355998456285
0.2545564011037261
0.38518483306003265
0.3848012403458863
0.36405146352529366
0.29730979783171646
0.36876967067223904
0.36333442343363276
0.37651897583391164
0.29870713424954737
0.193146048863666
0.25996926626204087
0.27772493275384696
0.26425298983568146
0.30328871828017334
0.2718822843734641
0.378648719845317
0.29431837394127514
0.3576428334157221
0.3409105563636294
0.33727004913085845
0.2694005316649626
0.25941905087058753
0.3306598404755347
0.24389964767763225
0.34308239552196906
0.3557224297993674
0.2751508697001383
0.2885458169561837
0.36616806155110576
0.3984959216058376
0.4610496654576646
0.2999399373441269
0.3380767415161894
0.32244061999176654
0.422154317969216
0.31334504639440947
0.3878651290769473
0.2890172576186328
0.3659984844871901
0.26726659126422997
0.3421802944263522
0.3197160173209871
0.39515291452036494
0.27804164174845436
0.28768200718802783
0.31460735233208814
0.23867065934571619
0.36500813689950523
0.3398250413870641
0.35526518108186705
0.2902222816113535
