0.33050213504444437
0.30734729542258815
0.26318458940472805
0.29512852068376394
0.2825007839474844
0.3291536563911192
0.217068813609634
0.30341033408334483
0.30032483500679813
0.3321163424356067
0.3845556625259526
0.36383319602721514
0.31646038587584474
0.3784889105165878
0.31248124110108183
0.3437765958316079
0.29645708792894754
0.36597190766187393
0.3023761694175247
0.3234021770997725
0.302964902645667
0.32641038258019633
0.3101542969960616
0.3114040514576412
0.3138123301156844
0.33674701740571805
0.32198510049168666
0.3252028067173147
0.27247781672732124
0.3120707104638263
0.3480766599300389
0.3232762954401534
0.3062153945959452
0.40856457336536706
0.3220488450660926
0.3528353603353769
0.36908266169701814
0.2616936920093945
0.344579387146016
0.45759949001058114
0.35462696374303243
0.271700944702007
0.37669989204850685
0.30663326302312477
0.368006901940813
0.2554469523658208
0.31403035277492547
0.3434029299243923
0.3737874969556502
0.2668213913093532
0.2941600485253636
0.5073854284745682
0.36854299501842674
0.3039877538986174
0.3094190490397338
0.32413070459556104
0.38766963108048585
0.32358940208782083
0.28924366602908674
0.29621042720416335
0.2927544151363687
0.3089142436200821
0.3713437569042236
0.36323288908278933
0.2810042885637132
0.41831667940535716
0.3494156519983032
0.34571094100093186
0.31997786443994913
0.34381870131514375
0.3639919330696345
0.3675406882289126
0.3301238275529203
0.2766574099414962
0.3362631954132622
0.29403203193174504
0.32489210219897335
0.30227719487541643
0.32924902820704427
0.3889069820702246
0.33970093548964303
0.2793296215160003
0.43174792528471556
0.24470103614505329
0.28745432568320567
0.2693226016076074
0.3725260719574563
0.27976972691581825
0.34383839214808204
0.43641317620157843
0.4530460632757885
0.306813346635979
0.3719027724361921
0.3028643376360451
0.31255520126631725
0.3277896651387251
0.3396551725081483
0.3170987374929585
0.35815493567963314
0.3034212803119137
0.26133307785577886
0.4072255676363779
0.3549135904232674
0.3257868033738734
0.2975206800299663
0.3858361604540486
0.46221296029634756
0.26941041777656743
0.1787334393992988
0.3420556880178081
0.36426798376084063
0.26810073473980073
0.24555502442495106
0.30965112439460546
0.32774992105519457
0.25905022961217555
0.2528019395640322
0.28015703115169405
0.29969751623160745
0.40159274212299423
0.4103737193542149
0.35624865210462037
0.2954489810380751
0.26668850924469467
0.42963502780945917
0.30794646581948926
0.2767922374330997
0.30926878173382544
0.2887213661569092
0.2686589305119802
0.3245127902697012
0.3340740028899165
0.37541456554543795
0.3006272686349477
0.32925068438766497
0.316598669985882
0.36051858741347215
0.3129646264594348
0.4560538742035813
0.3610781141526909
0.3045773344903253
0.2985845505941887
0.2767673666045541
0.2353917741474146
0.30030199963231574
0.338182762296033
0.34813298580198526
0.27635642820703643
0.36913041587081397
0.28915591418692954
0.19973801157292473
0.21959794053630766
0.4312998400122539
0.29314879531451143
0.3286076239764319
0.29933804527888225
0.3359075009015774
0.29972724000517215
0.22825569367248436
0.2885053142322391
0.37697343123173055
0.37119632992739776
0.28369643529837724
0.3608006952699805
0.3492930761894938
0.20836143057601417
0.2712279733878199
0.32593879193613007
0.3678027944566139
0.36381923435889596
0.3264648128681907
0.33032746257043216
0.25668180178299843
0.23834380296648405
0.3310698304731225
0.3287502893696261
0.2997499922220441
0.33914604873045323
0.3253082220249558
0.28584218981109366
0.44946602231721206
0.33516422853281996
0.3548737669944253
0.3303159298705287
0.36128316567957625
0.29009298301980346
0.2721235654700651
0.39601348695538136
0.18341679509288072
0.36089292115506505
0.37998413823685295
0.3694524669506616
0.31914154102391634
0.3201501993897453
0.4240214819284653
0.31898363934251256
0.3700681752536262
0.31709769176809466
0.3113558004936053
0.3417661677855797
0.4126787033704539
0.3198038163579592
0.27814702984308637
0.35888452364333767
0.2989612008386104
0.35857685952698043
0.3617702961848825
0.35786761087893537
0.30318851588918233
0.28323011589010333
0.33682746300164224
0.3765983546921798
0.23502579951033262
0.3486336849637786
0.3943645009706209
0.30606963406630455
0.27832546952146536
0.3170290286039651
0.4068719415682065
0.27722924983389774
0.2873415466535692
0.36058145167966865
0.31850184217948474
0.3130568126409919
0.3431069253488246
0.29784431696159797
0.3651000080781008
0.3735428684317817
0.20668360208325168
0.40044563684932977
0.3414761915429375
0.2480780354043496
0.3130264457794978
0.2882849781431816
0.30545513780938316
0.3576559565112241
0.3697149864252573
0.35718531879333476
0.2672387905425204
0.29089419986933696
0.29869587563189653
0.33171065798608934
0.286257050768197
0.2838357590406338
0.19606173299942514
0.2343604702082151
0.39308416024892867
0.335413578607837
0.29787003331780293
0.388805287792095
0.3988593502674102
0.323301340352222
0.35447044658911253
0.35277120357493563
0.38070308404718084
0.3255063551397664
0.3805310140100691
0.38739136370062915
0.20111963925655665
0.35166156241446056
0.38683927045519334
0.3114881021366536
0.3225662852329889
0.34687153774618545
0.36896337969158255
0.38452522891116875
0.2517247438582176
0.41353630577471046
0.2838494511146919
0.30595799742688146
0.29547230015345516
0.35114325090360476
0.26437981440925423
0.3981192660441514
0.32943606381371576
0.22545522100897272
0.27263641003246986
0.35511897484613014
0.34034366731733856
0.3057533477692483
0.31327406472628333
0.28766030872055404
0.29392856808491935
0.3354155404599807
0.42132948662769515
0.26652498138337805
0.30458505349525855
0.3248562667954067
0.31659655856744534
0.37427113964072356
0.2799030526900114
0.2526686615738926
0.37733493645701727
0.3019625880050506
0.35826825450623556
0.29215562029939884
0.24568069515805566
0.37058110773560843
0.2889760941352651
0.3344282626499292
0.30637763462864653
0.3224684098940973
0.3361708315464361
0.2746080050645818
0.2776066643613549
0.39228601201315794
0.27162935753776857
0.33788139773687415
0.3454651019985415
0.2727274683435665
0.3872976002777457
0.31758747062108245
0.44318687156383196
0.3371703069526561
0.26872653305067745
0.2901683932220799
0.3825384605129801
0.4387554040093903
0.2940685359865125
0.3241379142402512
0.26661614836156716
0.3478586364361836
0.26895113563157896
0.3150287650811595
0.332184349819729
0.2653048619108118
0.27822116531845476
0.3857523918073932
0.2369090749612324
0.43202528760200426
0.3346196212052284
0.34258397970335525
0.28371749141733993
0.3300035798669641
0.2997494801055561
0.29452171368159236
0.3355850240468331
0.27060404093882057
0.28515810083961485
0.31111912350281024
0.3917075072851492
0.302127791625144
0.326431522781069
0.2790931283610458
0.34305249786230063
0.3645840105720964
0.2510006964527902
0.22122388008965221
0.302462504970847
0.3286382008211315
0.4030214490027407
0.30627966845618376
0.2856078346637182
0.35383725026387264
0.3431110891331316
0.3576134849772875
0.34053661911012856
0.30854131440918414
0.32922987342074067
0.37600918514159354
0.345522250649518
0.3464462904316527
0.32592933894734283
0.28930061510856714
0.3167533476215929
0.38731397993822475
0.28845826728175317
0.3625643354794415
0.27141220863135335
0.28068577807359424
0.3154719927030134
0.2715825669212612
0.26624905175983216
0.37464941772354843
0.28971811689005617
0.278273400848476
0.4275163952416097
0.26873033068571245
0.3253965306918603
0.29454620838115353
0.3774328657245544
0.33471796944581367
0.29218194575986367
0.2877788944066226
0.3220526618379927
0.2713803046162794
0.31189004859386493
0.347142361859778
0.30838134707116505
0.351050607179224
0.3381635214995421
0.3391999342175038
0.28069577771135906
0.2622963793866393
0.32055651249793293
0.26029349786640626
0.3253348816779545
0.4126091436844806
0.3394448380699863
0.31695702639930806
0.32787738207568307
0.33141377029689884
0.3115420771226409
0.3508874125272117
0.26751367756811345
0.31686894091222556
0.3420979520048274
0.36527432447138447
0.2875176231287086
0.3873657845661866
0.3697802099686504
0.2613535963168141
0.3450407368117182
0.30503023474641205
0.42395656517147945
0.3585452746831795
0.31139362914352925
0.31042080643313413
0.28756114421741563
0.26453355147113117
0.296820495090588
0.29783718642303725
0.32190546153574806
0.3270473588518171
0.2929465811178784
0.3654697898544297
0.31897745673749456
0.3431023338093853
0.28483913487625684
0.38433807745481735
0.3683463950334645
0.2845914408525036
0.38474626063492595
0.3845612633768596
0.4983144231568614
0.23792238452638861
0.27501284661479225
0.3574645312336915
0.2615000812923446
0.3748780004566659
0.3536069106342355
0.3304235173899773
0.2037342247733718
0.36440429418838655
0.3117074541573535
0.37769594750753566
0.27264023551788663
0.3584606088368023
0.3760620629422356
0.294934823535057
0.32768865031119143
0.3253879353685854
0.4010128235802954
0.30979561506948655
0.3359179680831368
0.4185805856897438
0.3034279832473857
0.2518270200324541
0.23669277589803558
0.3236162931637792
0.40966316283438897
0.38299668287862315
0.33764726875860845
0.2706994858088581
0.3815432578625482
0.28544301609135414
0.4310355160127459
0.30398048876352673
0.39062052426916566
0.3803507669147048
0.3517589983464425
0.3206374745730676
0.3252265182458394
0.3721908136017085
0.35740598591547457
0.2747103980777233
0.288536340246602
0.29881269911897085
0.38152261261628123
0.365248206310287
0.39149027027078825
0.2874115776857582
0.3876596345647043
0.3413400846445177
0.27073682038750424
0.3308713437649445
0.3815910385489267
0.3742003244863412
0.3617652292595391
0.32891774251473754
0.39045286977336435
0.3364239657445749
0.41524226392558866
0.3287630483669239
0.26027805694650097
0.36135548122073796
0.34986293304272764
0.3315142689457428
0.3034456567446747
0.32889657713329884
0.3747360962367075
0.28878090149979924
0.28677090192318505
0.3718907929833628
0.2877705350331903
0.36709576312976144
0.29367173366464894
0.27763681751203245
0.38774378693837575
0.34894941738842195
0.25882013139962007
0.30295606205119424
0.3024721970070929
0.35631190930585127
0.3235887963050675
0.2583936328103307
0.3208986090762897
0.3393751602853606
0.27464734951830155
0.2888860702443407
0.301540880617727
0.4803571752112447
0.28238736373994133
0.2348916819464946
0.39877668424082274
0.338249782343417
0.3325553363376368
0.39151370430317417
0.36457360827335017
0.3192504583502475
0.25921256129905224
0.40825293581785604
0.26717737454800333
0.37166234877325943
0.3142757265004311
0.35880733697044354
0.5027191493690477
0.3415567601369764
0.36081139454574196
0.42353358211254666
0.3254944067366317
0.2953419897040952
0.324979882610595
0.38414643299279494
0.28365040374158507
0.21096928278667035
0.3393367927221444
0.3084216114496274
0.27551817344346513
0.21698914875171035
0.32254179320560555
0.2899297708389204
0.39716632015830194
0.353199563271851
0.31240332433792184
0.27574708613637394
0.3093730898104231
0.3063527405837236
0.2699934320949246
0.3593995558909734
0.2739309617983551
0.3207406592347633
0.33699377287938714
0.3042421397493295
0.2696899697267935
0.37676748187296155
0.2741639476950532
0.4787367891360353
0.276405272666704
0.2785023481765741
0.2563034291100777
0.42760977614395485
0.46047773947319054
0.2941130461877048
0.32209286711160834
0.32107447609141015
0.2674981586146241
0.29006747927651927
0.33247499869091374
0.4040446775985524
0.25936800579716174
0.3895388904801126
0.3775311612671188
0.4061238629895314
0.3404659313885811
0.24065531692712147
0.27344841588980434
0.26648698795671033
0.296687246814781
0.20033390230867182
0.397978425333819
0.25802472151379485
0.3725981303692262
0.3439738284686449
0.3088321019691627
0.3628581123056223
0.258827294902493
0.39518280215651475
0.34937964462713755
0.2149074377297159
0.3488731167729298
0.34236822090076663
0.3766753248599942
0.3738179732107189
0.2818441814246756
0.351500983198728
0.32219423807875114
0.28560788891003536
0.3194517750504553
0.33484811088902294
0.12243102738730172
0.374763230353842
0.3346249224226558
0.21497987194816257
0.3207526741239645
0.30167093380956383
0.3192865899640299
0.2894979371648951
0.31637324626162605
0.2639048252189863
0.3230587175938539
0.429365946428312
0.3235854348135554
0.29703841679389437
0.3408245768461893
0.1896279191985427
0.36886606847054815
0.5062674510151929
0.3069484059129261
0.24769109635574413
0.3520779812127785
0.29773719970658485
0.33406243541746894
0.30434934174792677
0.3369820974316432
0.2760137797444465
0.31802020412465504
0.2730257035448485
0.28125348456607985
0.36140582158314294
0.32865094391301863
0.41571597309846614
0.3172319646724371
0.27680474427010787
0.3771518058660864
0.3232927410945419
0.2918901245956903
0.3823878573303931
0.3096475303767723
0.35584423329690185
0.32761995063301974
0.3875371167726181
0.3672588111221851
0.3102758452617628
0.2684874333420966
0.35862887919864156
0.4625648039789852
0.44486942588064626
0.222198287217336
0.30480931594665295
0.37918844997507933
0.30212651801003515
0.36462810423901965
0.22064547496603742
0.15508103412905216
0.3665097128720668
0.224611015647195
0.2886620987248767
0.32914529184577046
0.2914866227297712
0.30055344032336456
0.27612104898310275
0.34644635465199597
0.28575716112299976
0.40229112151330765
0.30108192513703186
0.3031922786208966
0.24948849385125332
0.361265303525622
0.36649562398020014
0.2906319321456784
0.36820581899150456
0.3677695177939539
0.3520309484404871
0.30929993317761995
0.34496603731965886
0.3366530073328268
0.2732809349288989
0.29989588963289726
0.31616451269636003
0.3575631688062673
0.3050241679286546
0.3242496554542152
0.3884267621236994
0.42514158054915246
0.2756468551773712
0.33133603255005467
0.30366637540782593
0.3538643890309749
0.29190384984102413
0.3039016187194373
0.4533794262206729
0.31656217947308884
0.2508517064346199
0.3297186024381595
0.24123558893052938
0.27403372125480757
0.36125310024135865
0.40545090829987507
0.43178681352143805
0.3094815563960792
0.44670787793053635
0.2605156435665296
0.254781651757059
0.2704798699346755
0.30876617222241065
0.35276748261355373
0.25150631850949506
0.28168641502941316
0.3501284505657624
0.35613245538032695
0.37908346930896325
0.39400558195723073
0.3767897487170139
0.29716721811812075
0.28358291045985123
0.3362350420965344
0.2748145415391914
0.2975731517542771
0.28595677946050413
0.3530892232932424
0.3025442806391624
0.35154178230691113
0.336082595460846
0.2568028895180936
0.3145592892858062
0.31806568029733234
0.3815487544609498
0.38481788891961977
0.42509834823331605
0.4380476395907931
0.347740092968116
0.3858291197267279
0.2932666939068342
0.3600602119655472
0.4172114501763327
0.29039283026520374
0.3466518047625674
0.31092422296771677
0.3536801485850253
0.36651549075901074
0.3072437003783043
0.3477697203164591
0.2728896894653013
0.23863301987198193
0.36938111387924194
0.2980428298353526
0.3465412165692835
0.24130052327432863
0.2933635407050169
0.2808120333660278
0.39244342721366027
0.3376279005676126
0.2782028429108948
0.25606353538721943
0.36520474668967456
0.2764315040016091
0.267554722642201
0.2939849027099233
0.3367130597367537
0.4086858791359723
0.35176638284667205
0.2869008437641994
0.3407896307613294
0.40580624887740974
0.27641251408087925
0.30373317814371287
0.29777857810666436
0.26954475753224566
0.2947091994767744
0.3183414563691086
0.3181346582518215
0.3571987348700119
0.3295384021716975
0.29315859389776494
0.2983827941709473
0.3196230375764748
0.3283052910091783
0.3128056815442335
0.3140031243945916
0.32790480775954245
0.28626547933805613
0.25821686194566046
0.25923021411761143
0.3080954204708256
0.3981677337450611
0.2583812499160942
0.3617554112165672
0.37458981171787115
0.2982415587706178
0.3086630589983987
0.3537541771314514
0.31189914189843954
0.3315762493464497
0.31392473059392434
0.2691376914309383
0.32844919281748464
0.29989100838579996
0.25725287596693225
0.3349393008907557
0.2737472052521843
0.31804169181026165
0.2882234635382215
0.31120300382204624
0.34510082033618095
0.2661203670989796
0.28318307674955834
0.3634925459660018
0.3323955148877006
0.3315124083956651
0.27452419979262666
0.31792496854684527
0.2592670692376325
0.30258880834594254
0.30121673198204507
0.2848974021667343
0.30476987492966917
0.33183415127247096
0.2754825158129068
0.2385576024026684
0.33271344099858724
0.28717703860155924
0.3214537867540074
0.2981671052528345
0.2710196994205993
0.32087584451060946
0.18626074913891083
0.28256869575237537
0.2641296096924191
0.3104301736693684
0.3996930085476077
0.2655157200128728
0.36785740413288354
0.3795492703342924
0.3764600412375385
0.38580939798181585
0.31712870290455275
0.38284000310813715
0.36959268324368827
0.2664490744778524
0.27667925118335807
0.3863545129688785
0.28557763037328626
0.293031166053764
0.2588803580002543
0.32832401037399067
0.29211025919469846
0.3886133378828746
0.20320138188275005
0.3632777295577495
0.29648006598814275
0.34428550396216995
0.2896021592854788
0.3040351306781161
0.3826903053443165
0.25451257521986087
0.3429251064013499
0.2684512878630926
0.34357567779061093
0.3239584798539362
0.27086508300107776
0.2746354086853397
0.28008882540981683
0.24751902546458374
0.3202216457836201
0.3014391161806871
0.33718242677543175
0.37348503848663583
0.41916683436120455
0.4137228502994015
0.32958938615010613
0.326312402954446
0.3546565564197556
0.3427958325105262
0.3820163776478993
0.34568422265955584
0.24849608180839397
0.42042679308846814
0.3492909169289397
0.38277688150779393
0.3308686004039734
0.37430977078896843
0.431114191808167
0.4000520894550804
0.316059045032736
0.3172298250396881
0.3443963005450951
0.3956273937779825
0.33643049643910006
0.4480272927965508
0.30284158559980556
0.3489298153426484
0.20139404291183546
0.32264973972714256
0.22369454972838954
0.31728659784220187
0.334952335346145
0.31314240981773206
0.36464750200331814
0.2460293515929075
0.33977888306648574
0.383144436596274
0.3513679088219078
0.2732073885831768
0.2978386722881252
0.24214685611961254
0.3371298961610747
0.19282594844056508
0.2898050282581545
0.3513881467313727
0.3203531216543569
0.2671424538502066
0.3149927598060403
0.2662182056646647
0.3163931723010472
0.37316904786701327
0.3279091927379309
0.2790360114067417
0.33138308962466867
0.3091258956313291
0.3698136047193374
0.4066561952906869
0.29406675839525437
0.3278559841784963
0.3281206692510585
0.30590231418541347
0.330649194213631
0.39858228745732294
0.25136853906243517
0.3503061843067608
0.24434946849966907
0.31686997513823906
0.3528802989776618
0.27327786102021806
0.27601757419457784
0.37742350018012294
0.27754923167726975
0.39646504909308494
0.2958402642676232
0.3359180286157765
0.25710106311650477
0.4216526949691798
0.2927903478610974
0.3032895025183879
0.3791524146409921
0.3460675543162911
0.32028895149042325
0.387460849635542
0.23939327102616736
0.29242184395931387
0.3294884921067203
0.3103883710653398
0.30247924123109987
0.3429495212897658
0.384748277456935
0.3015117375736026
0.36417486735346677
0.36174096144114976
0.299514913930688
0.33235667644597255
0.34890797867025014
0.32130860745752315
0.21106703653052003
0.3461542098276484
0.39607089974532805
0.34509876798003786
0.37887053767315443
0.3157338736319341
0.37242619696542945
0.33331529759300105
0.32592055101829
0.28395626646073957
0.30468787431742583
0.3440288553850595
0.4137447865863529
0.2965040492900888
0.3057036584514548
0.41791939575446585
0.23052960542340287
0.37116542393004115
0.2609908153878749
0.3062129697945432
0.32143680864149504
0.3108275053513285
0.386310597766266
0.242748342102039
0.2953946777623092
0.2762288469615972
0.39641034673126263
0.32653295388318315
0.2513052684274106
0.2783768844866561
0.22801248011303105
0.25876435653394925
0.33530429258632155
0.3445061001533758
0.403465194436078
0.27582236841544616
0.2841773981349515
0.32291969717489427
0.38833888455027193
0.26579129229944587
0.3152486076424652
0.2758012596759694
0.42924756716325385
0.3788283355678357
0.3246584991956856
0.29144827019818603
0.3536842878130417
0.5183723734829635
0.27325571205454896
0.24288614662893737
0.28351608011701573
0.34601845669750414
0.41439176547901047
0.39375783741819387
0.30664612948716463
0.33112032344375836
0.2749720703466668
0.25599458032713596
0.2657025652304397
0.27709057746109894
0.3597675574954682
0.31454646494061483
0.24458703931542258
0.3717936545022214
0.34013210231194774
0.3528529396525814
0.31315158196275206
0.3635012034781835
0.34466368382504775
0.29802520378228003
0.34628757926694753
0.26062073859025303
0.2708203888639198
0.35749281321623666
0.28658255449069
0.2793469475006591
0.3168534263641171
0.3475630911312587
0.33869551104363854
0.2949104645570018
0.35444436575039945
0.276799001719808
0.2438565922586936
0.2985220190394751
0.2728640529375811
0.27910869485524603
0.2638208304961645
0.4427847436335445
0.35860829380318443
0.3742042652150224
0.29571299715374355
0.32863209979532476
0.34251261861135
0.2991677436758923
0.37486870760786806
0.3447485753960671
0.2782211285796444
0.3148925268083598
0.3015399459079456
0.2703966337612221
0.2959540461418814
0.2594248902000307
0.36800123793722705
0.3915613551508981
0.3704696764886108
0.3490279540421962
0.2598701719114802
0.3267927748286966
0.2910414467248944
0.39265437961451494
0.38757873609070714
0.38067245436081526
0.21532746410076184
0.33080384676417557
0.4022389378347015
0.30955119895106875
0.34291422937346666
0.35813978238265215
0.2858627685470336
0.26016667339209354
0.3070833796368532
0.3205222141074078
0.3050634215843771
0.3557072565948293
0.32084977177000096
0.4037247859742565
0.30004464031671574
0.4013404643518535
0.4111482369000803
0.25809513162568
0.3049116155065296
0.4132108067425375
0.23933155865944297
0.2982324452924096
0.40503993597373267
0.2951390403258788
0.2834186652786896
0.2910719898946103
0.33380813528614534
0.3002932188875522
0.3159427551820136
0.3779509404205266
0.2860679888191486
0.44991690308137805
0.35821419180741443
0.3020403487487206
0.28558513381999956
0.3552248460130703
0.34783323788749226
0.33671928678705604
0.2861870407805579
0.2907696619554354
0.23267121986945033
0.36551174407854825
0.43537368482501554
0.3327874401359174
0.37850671472047265
0.339707578634374
0.35191407619821935
0.2912582570219638
0.2770255738577579
0.34522693468862714
0.3451535823508423
0.28527669177710874
0.4005024533577711
0.3164436052643483
0.3030821455930917
0.2591134407158327
0.3157197136581437
0.3844833207070211
0.3253087031413649
0.31941084803198083
0.3017502267377523
0.3019277608445769
0.3116901480570924
0.24368477526268958
0.38609176194911227
0.24295801202694178
0.2912390835385857
0.30791705502328576
0.4108915336333849
0.2914247868902246
0.39131405904636796
0.47487665372597204
0.3524354834109673
0.42603434795912465
0.3056426223100575
0.3136491662203406
0.25555413962812334
0.3139098989275812
0.31418925616616883
0.28038581544926594
0.2734328305380122
0.27966856959041597
0.2964511521809568
0.273975640443605
0.31206079288407834
0.34535541409686016
0.3034754813496358
0.27090390560347993
0.2961432303854248
0.38228849377934415
0.2797104938201609
0.3235531796462375
0.2660646774981675
0.38103742119800793
0.19252695241007553
0.31122692814345004
0.3751782948558516
0.4156993801208306
0.26093697185385395
0.31796096752608366
0.33164124805565237
0.29144595300946735
0.388583823301887
0.33499467820636974
0.4297789668755498
0.30451881418073623
0.2516354702678864
0.28313494511489307
0.3275513625666288
0.38436834347918775
0.3175402354852562
0.36622487725730996
0.3520258821221573
0.32003290445313415
0.374327387445671
0.2925152493789304
0.3109527294884937
0.36881022344450853
0.3286970661759082
0.2737545243007853
0.30238678338079117
0.37490007448662815
0.2749474775612056
0.23784781694586823
0.2860356830671406
0.29250371740763503
0.2716748829482449
0.22016892212883127
0.3731927141331244
0.35083181238903915
0.29320480219958966
0.26381845549273497
0.2555127108599169
0.2176972266153028
0.3838032006541993
0.3772902197163094
0.3035968012030088
0.2591406711199214
0.3815801900385506
0.3936021664053082
0.30823019885532293
0.33587274816439394
0.38926662539174844
0.1705665344692413
0.4531138671949031
0.34225450918226596
0.34020117197117844
0.334958280185895
0.30033035867548663
0.29540472039859406
0.3068667590354714
0.3826147487959549
0.35698813171808785
0.3673847413295534
0.3326915445644781
0.25497084750439025
0.386691436937804
0.3147858455609077
0.3615516658727194
0.28363411568910624
0.4185026231214002
0.32068047519271686
0.3946548224300442
0.5214879848122078
0.3246960196352748
0.3651605859888278
0.3823046879913645
0.3500501571425518
0.22877275947594516
0.2243578513713414
0.36952798367086376
0.295347025245146
0.2518494775176181
0.3640145774727064
0.3796332254813743
0.3097401969053768
0.3639150568826958
0.3495732482537319
0.32024820966559875
0.3196492913222702
0.3371324118165341
0.3020639810627878
0.3060916898405799
0.3489958965917436
0.2716957023141217
0.3398964141108992
0.3517884709363215
0.30216744808194385
0.2928672662002835
0.35176246276919904
0.37054605217257325
0.32074451084967776
0.3260340019476799
0.3770129024298695
0.319779757863162
0.398765139174156
0.3332953030142176
0.316291028718901
0.26928334806834925
0.3041516535989317
0.3844988408089701
0.2994645009216731
0.3356143325238016
0.2983509939006907
0.38692461130791733
0.32645246221487456
0.27395201397458335
0.34083965918780795
0.3505896576612058
0.2669656227563762
0.3834617769935578
0.22699781556048385
0.290017108208187
0.30381446481420055
0.36905582470737797
0.28500228624378493
0.35226470127308124
0.3590577658384422
0.2876869660534372
0.25375780671603027
0.3737905591598072
0.3439426931436604
0.33130342858877193
0.21087008658016557
0.30896385854353864
0.41839335481049644
0.2560597181509028
0.31863661760965933
0.2584797883264575
0.2944504331432914
0.29410738638668604
0.32275922091598264
0.315432135421112
0.3664267479604293
0.2762446462434795
0.3339738394629077
0.33546719805853664
0.30468659000329973
0.310344960423185
0.3351943866810541
0.3903880845569823
0.3628666448198958
0.37709013619811005
0.25617708055299226
0.3612819309694594
0.3233716056773032
0.2940814139172467
0.40064790821912777
0.32853548515591935
0.2555333156755403
0.28990672351316216
0.27856652521992864
0.24489379352460333
0.25500884304571875
