0.26379444130834273
0.26893778858577977
0.3066095941231483
0.2583072931230579
0.31902682889279316
0.29904334143341343
0.3473843096154538
0.39050108191076727
0.2996043395920509
0.2972289951533168
0.3531619442279864
0.3855298135436997
0.3034852651989522
0.3113748002267915
0.25905149292316876
0.2662926060905334
0.32679219088741507
0.4480474598165359
0.2900119690963448
0.30712501486498583
0.39351156560912
0.32516003125630655
0.21800124168692078
0.25943795429645883
0.2908692006972269
0.2493792930598389
0.3740793442594636
0.3327743784266754
0.2921533806492002
0.2903843096181124
0.3285663343623978
0.34626656265073735
0.3094199731257603
0.2786281347574915
0.26892869781178586
0.33712728568802214
0.3999684989230512
0.3107362713238258
0.3493635592388508
0.3425842494653142
0.4112969994927094
0.3893929021812679
0.32989146911806283
0.34224387635122644
0.2992008522559146
0.30459157787819297
0.5226500093752103
0.2912131761892451
0.38849433569452696
0.2974040741290598
0.3784495171339186
0.2912556181164973
0.31627062820123086
0.2480910862874517
0.32584538312169004
0.38291214995463885
0.2878357481883327
0.29676366335227866
0.30272759915437597
0.36242272611204895
0.2886765053993172
0.2649003144828393
0.31971297692285616
0.32759691825402276
0.3009381826145471
0.5021443367765845
0.31711078024724904
0.3114273857154853
0.3259830027494513
0.4097034311822266
0.32091164262971233
0.35504451971134937
0.3685444407362026
0.2689107269249376
0.37081272566342655
0.33518279509298515
0.3481817937169471
0.4017649415193604
0.2229892853982521
0.35981026102413594
0.36582360511749545
0.2652918854104712
0.3404288932348698
0.2734414346039188
0.2605872981989204
0.3023249152896719
0.281034411712271
0.37070248190705307
0.3362797141834276
0.39263199797389
0.27227334658300145
0.3167767844134743
0.2859942759043535
0.4397549235486003
0.2836709488215432
0.3542350830283645
0.32113965149853835
0.393697327886914
0.36370349372714017
0.3681068620839399
0.38685162763048925
0.3298990025160886
0.33103577181926097
0.33104791165568154
0.31409852734956184
0.33713671831566916
0.35566800057449294
0.33044726577620587
0.3065874210629889
0.3458117792831902
0.33894218879945087
0.29039486783469987
0.37143895107512126
0.34452468674438197
0.2795529961802675
0.355046268227524
0.5084239793439425
0.38424233865654156
0.3431157240481439
0.2739278583660477
0.33875700626649324
0.2758163112718664
0.32423796966358065
0.336269122180207
0.31746422987584877
0.3853686551823323
0.3564672921640974
0.3662161300393576
0.3048627887409117
0.2952515611468694
0.33566534417359367
0.3773231407234078
0.3385127292135101
0.40163012981932067
0.41836603182739235
0.3893638002742847
0.3232871749964917
0.35867719677145604
0.3506910758270399
0.3385179567382566
0.43060308265547476
0.2724467604415435
0.4006020045287684
0.3277631812061737
0.30708085546920055
0.3149524333693987
0.3651860825357325
0.3849389857002211
0.2754939440512515
0.3285249672330199
0.38103245891819426
0.2553529058005312
0.38131952626277327
0.3594762530447925
0.4025222902247929
0.4095721513183049
0.3515688165601676
0.2782710184644002
0.4171754153453438
0.3759870159657851
0.269009134580991
0.3002243975835265
0.29671662351646494
0.3837984819008769
0.2902847474120882
0.2614557915660729
0.23145857435052605
0.313573403551382
0.3524726007099164
0.29854185657683774
0.30059262730828123
0.3110510713190744
0.3825038950207602
0.3662496466982286
0.3645535046796308
0.2886517425809361
0.3897845328024046
0.30505290375072114
0.2991225824559328
0.34307389170848407
0.32124295830878635
0.2640659715285952
0.3335444893848367
0.3876571004193636
0.3051917738462303
0.31866690174534196
0.38575605023647386
0.2031382654635985
0.287798409792288
0.31245286900772296
0.25789317864284994
0.281429889039722
0.3269375004488565
0.3271547485447787
0.29529207381849587
0.31862093262995345
0.3708326873208094
0.35248352961709883
0.32644987407338516
0.24947813099188232
0.28724918487348944
0.31668166933555375
0.3720846661216872
0.24764211960179822
0.34151161543987824
0.4054476528975017
0.312376812519246
0.3754272356164404
0.20712354585288353
0.46343489102754126
0.2853121645624717
0.4204237924039894
0.27961677456273265
0.20255893289552873
0.3139336641702312
0.2768644224043741
0.32833458605352117
0.36674683559912824
0.34502437533227126
0.25539536673983704
0.3155022155270885
0.4298499126378285
0.29369006465500624
0.2801154924164804
0.3960440330870926
0.3798485534122518
0.2825760092857175
0.36479972078317396
0.38738082800161855
0.28663047873602415
0.26437963105204043
0.3101966167143349
0.31183842746918544
0.257146861027391
0.4038756446640394
0.37264676567026905
0.2579802861315984
0.40045383685947417
0.27889422003151654
0.2819945636150302
0.3855812156657952
0.28141252708135706
0.33847204857053204
0.33909819013196574
0.34849936942456067
0.30242939910119065
0.4005190889145633
0.3368197828886566
0.32227530186360903
0.28998042409514646
0.29838456772391
0.2603176365787155
0.3968966217966643
0.30037190065341896
0.304428234629012
0.33235940998405616
0.3072106520401481
0.27333711413486744
0.28591848688298205
0.37542735140774053
0.35360750130690927
0.22740616793579532
0.2759785765609489
0.3101300117888754
0.3932943970983505
0.3568153903312355
0.3685552285760607
0.26511898948517515
0.4000643560175401
0.3749277317438401
0.31716212219175793
0.1734020654660757
0.26393687806400035
0.29274266089724016
0.35228389335290766
0.38883549909211923
0.27476720445664243
0.22114959283387017
0.3402075492573606
0.2971294267643972
0.30834452812809937
0.44392950593801084
0.2418854048894275
0.3443165214589692
0.3908811592648854
0.3856879436667016
0.2545989000844962
0.3666909074065206
0.3283712853921239
0.296974100019199
0.31719196620133694
0.36802773866368094
0.15898565364436884
0.39539097491476477
0.27833900578497306
0.38791945361493
0.35125148300313097
0.29435574232393513
0.3879496388859552
0.37548696438588686
0.2684571345032594
0.3476696430838942
0.220811746275413
0.38564151144732933
0.3212190627717361
0.2934914242839497
0.33017343263710897
0.2973141840337581
0.3864305184994167
0.33896027167036336
0.29571220611976645
0.3792040823125046
0.4435406478545945
0.3063508554428671
0.3269220962368973
0.30623758193633344
0.24600654614766382
0.37892658192506434
0.2557899332117754
0.3875383387865825
0.32076520128934466
0.335022558462675
0.37217721273580184
0.3768988463801725
0.2757886387349911
0.3018557121733358
0.3167348506656814
0.30991246191188565
0.3122359305640154
0.28793431056738544
0.2796975130024068
0.3521426236949397
0.278622008816245
0.43381615555843767
0.36727344401789985
0.3035764570750206
0.35250008117657217
0.27770810490561254
0.30753187730219594
0.38171177867155365
0.33164360639171375
0.3636735766037632
0.35815885585994367
0.35039726345977257
0.3198846897890746
0.36400432025432966
0.37569073794011293
0.3364951718962809
0.3212822337009825
0.32300621050951417
0.31733392700254104
0.26954483449097383
0.3335970903754975
0.3136585142019635
0.36763535402902997
0.34850453696392597
0.3027749163260232
0.3563107940714516
0.3226273715203428
0.3478946490753596
0.25348585648592153
0.26383243012286567
0.3649335004673033
0.3673897084813936
0.17912211785023138
0.3086455960166276
0.43277114204132416
0.26082548761551483
0.4056591409369024
0.33319693826822655
0.2615745879687492
0.30530670647251673
0.2281940312016128
0.3025637896978636
0.27421983124832294
0.3705183696245144
0.2734609058457182
0.3406731436116464
0.3329717338840959
0.3233854258536997
0.2987928280803491
0.24549832076644187
0.4039362621244734
0.3078287816133981
0.22124816631357905
0.27338387279832715
0.40634546860790494
0.33868046167192595
0.28363642758060587
0.3115731700602869
0.3887228497668744
0.2584776009060872
0.2853391772555257
0.3487683723334625
0.35741707482307794
0.3271151454834607
0.28907799499718534
0.2932652294520227
0.3155607080632324
0.23983037179207678
0.3381883069695087
0.2866832117361535
0.36485175927055563
0.29692814825094527
0.3841894321630804
0.2979074519666488
0.3370031614371044
0.3160325536999049
0.2510972589510193
0.35849670595111394
0.33289019087946353
0.3106795108280971
0.24960457177973464
0.3959830247099818
0.37204865192775166
0.3082968366332887
0.31605145329765005
0.2752570369568947
0.2985508063102532
0.4636477262702721
0.20667546957948552
0.27816251078038723
0.32421872319731054
0.33996380028986484
0.40293114587668
0.42127739539773823
0.33159034338679283
0.2634694924713372
0.4388893955122262
0.27187808200685293
0.3450549791037388
0.31728799630322563
0.3308704830143182
0.3236610624465223
0.29759824610034613
0.3775966459314753
0.3025747712705521
0.36170668320390553
0.3468111298894482
0.30002231601603835
0.4243522610765443
0.2901966857194132
0.3909784631188381
0.2897829847096698
0.31839832057287853
0.34867190004610127
0.42156737666751
0.3757969565352985
0.34499967953053323
0.29621560892142546
0.36620700802574696
0.3828601431547948
0.32092104851080244
0.3685654921260706
0.3287437444323624
0.2856261265744692
0.34343796077686994
0.2807088553142572
0.4205558377136228
0.2935479147395946
0.34420473126898316
0.2727194617610945
0.3216907090576135
0.34452889847886264
0.34264270500511435
0.3018863902697178
0.34717810432745433
0.2745045205533732
0.37676721453532597
0.3668378374244139
0.3386773050538042
0.32772081347569404
0.3370504680493558
0.366757446986668
0.31606461125729757
0.3747088937374627
0.21656912975172857
0.316791818922449
0.27066930803567735
0.2775095003081761
0.3427898396010811
0.30381348612372516
0.3488681774661458
0.3119355963369942
0.413472671427719
0.2854076792147458
0.3270355897516449
0.23178491974847495
0.27804291776150347
0.3087176041175551
0.28616442926595903
0.3063505029497107
0.30964046600764256
0.3481243874303721
0.31721244446895275
0.27798229081217773
0.3074082779663053
0.23577255632763497
0.29561628296282577
0.31779756882267474
0.4012793778799446
0.3332003599828218
0.4556733064582872
0.3247691049896329
0.2980630774390471
0.28710091643436286
0.2831920893354847
0.2749876856077007
0.22914661013186202
0.3572024545107612
0.4739671236318119
0.24485462145289885
0.23946419150068873
0.3335352006568311
0.30234669201510395
0.3249623417145521
0.289630739973474
0.3713766847576682
0.3543905108028757
0.1924865527232706
0.25897199591060943
0.26921505054339256
0.36519100852859454
0.310562010293106
0.43412018105898564
0.3115683410359133
0.397108277203482
0.3614928498288121
0.38070590135839566
0.28404689300239583
0.29182214277209445
0.3604728956734831
0.2811224537795997
0.37766062635920633
0.23108369283210228
0.2977267994270122
0.29773194793580715
0.24973984025203957
0.31536186276796624
0.30734997110266765
0.26981863408036805
0.28180086581483604
0.383894053353104
0.29477992148399135
0.30709347022898625
0.35136110957463723
0.33420832183141647
0.4104682914636955
0.3391253605287475
0.3856883695025972
0.32820748843576075
0.3476663237307097
0.3469759191189995
0.29174193567963536
0.3344009539544505
0.2918192861922586
0.28873338728036835
0.34589459334001704
0.39129656300954924
0.2902234370141746
0.39039289377014125
0.3513431862439141
0.338381337103655
0.3226597708014414
0.31955231749590485
0.254642195715002
0.28777858766885145
0.3192940590750816
0.2953199438784118
0.3250918228635705
0.28141577495676173
0.3029878636562119
0.29301818688049225
0.26651621293332983
0.39745942960997593
0.29866266319735923
0.26050493060516206
0.2886582451383566
0.32582970535905187
0.2783453084117374
0.31812240039906897
0.31102300906861474
0.35795266006090093
0.3788412662736457
0.3641200105059968
0.32630099501263193
0.3235669504392562
0.4036221798299715
0.2672219615696918
0.3319750878928987
0.29284646038322953
0.40601123691142244
0.36444181023111005
0.2770492233773862
0.38862884550978016
0.375458805128173
0.3019195327563773
0.42461330797050406
0.26189289615833555
0.3258611057264755
0.45655919192838346
0.35921876527989355
0.406299293287173
0.41187209977819617
0.2612044536978378
0.3040562948595256
0.37358086592777423
0.331580040613321
0.35465223563008264
0.2702491877926406
0.30101031342250834
0.4317479654105889
0.2612521334982579
0.3783363577265612
0.22368700312441622
0.3597544934624683
0.30333054367430473
0.2753882944613516
0.27651357683145034
0.3127200828413288
0.29750357324997473
0.2717684525973127
0.26277698336204663
0.3063227298852603
0.45383705308828554
0.3938040238483919
0.30203653140431896
0.3397477433695543
0.35428221331683574
0.40792130253788605
0.35389941179436174
0.32650807163782786
0.3879595262569069
0.31179557310015005
0.39801365050171644
0.30856226509907714
0.3751359555540173
0.31904993077942606
0.3220741268921027
0.3083053908257657
0.26592509933554714
0.2887520408332638
0.32045289391663795
0.34226890952371114
0.38749906373609994
0.3853368900526781
0.30368363694340555
0.3475156478992
0.3508209627661859
0.3257904594554142
0.23893112880279824
0.3296542521523256
0.20249700047553282
0.3658613182386958
0.334326492525024
0.33511922829088586
0.4156873030299145
0.2967709990603068
0.2925851392029357
0.45181725566399655
0.4304029621827236
0.37701420576924644
0.3439206507310332
0.3459982891341241
0.30692260748643363
0.3924162479728445
0.3711864662356111
0.36344304086178186
0.30787081872792205
0.2778886934020655
0.43231680320483384
0.3926750041459699
0.37941663582310925
0.2997359512090416
0.3459225048610415
0.3052024168826766
0.38715072936788314
0.29579082210691093
0.28966228250404996
0.32599434430138635
0.27759457945111876
0.37276152142339264
0.27738489624428586
0.3331523783979079
0.29189295493007733
0.31472350779996977
0.37424895556053245
0.3777088235594222
0.35818574171561324
0.3012442381014393
0.2876904294597816
0.3106781874665377
0.3003180066588839
0.33102955758752867
0.3391788254240125
0.2593155887882539
0.35304845858728506
0.24506981646054235
0.34048935883618514
0.3616741688390385
0.2754545231651739
0.31552334908812807
0.3778457470467616
0.3244201028360594
0.3565481852669043
0.31759459695160847
0.3859247853232311
0.297676322536625
0.3456971804382708
0.40471342545714056
0.28195625321190093
0.31912281804990633
0.3401279565965884
0.46049774133784027
0.2600260300440168
0.28029846487041066
0.29064809700517424
0.33204804829594387
0.3086550670821005
0.3107984367326825
0.3312769054098749
0.3745344560195329
0.3221055365273031
0.39470734696498666
0.421132051330999
0.29180615552667655
0.34339337465085495
0.34428661351595874
0.3069707469248391
0.3639591217075463
0.30798191589606166
0.3100030155693748
0.2992565665620082
0.3606474247026155
0.3516224188351008
0.3389324071966602
0.32867791700267524
0.3541824642786439
0.2132553418542469
0.32107269280587997
0.3163531621561714
0.2856846277924913
0.2553872238658581
0.3386772212516198
0.3113766439781352
0.34815759030078913
0.415467842552891
0.3313832755124192
0.3651077297437609
0.3653014554862135
0.4207269486535032
0.382683940588911
0.3052304544396105
0.35490042782848363
0.25973967924751934
0.41405752940731655
0.33904063165195675
0.43083546061683764
0.3303626915997555
0.4080247768611882
0.23107915355809247
0.37811001937969696
0.4032712800666962
0.3062278275812279
0.31752578879339677
0.3233185411517255
0.32948297796506504
0.21955875386102286
0.3401869903794725
0.33069503090645314
0.3590995476150405
0.336455982830834
0.40067581997211427
0.31339700081484945
0.3827275621232184
0.3119395213036691
0.26972161002575157
0.38457692186587183
0.35018564439835775
0.19175300181363178
0.3710032380837991
0.3536779311246572
0.3742666553709729
0.3270910013574262
0.37551322851832175
0.29322736247606507
0.29937855561678606
0.27610156787476176
0.2983504639857856
0.3779334677068669
0.3247868119871043
0.3912224908249177
0.314288320484681
0.4114945271036596
0.29439268309685057
0.3570018284306245
0.2771144012673804
0.3748444279925231
0.3744940269437957
0.38646155961806233
0.37220453641773876
0.2907260939618122
0.3718500577588642
0.2826912496033372
0.25613059627681783
0.2735110590281424
0.28622455647355904
0.3386168753658634
0.33232488945730215
0.313643084442264
0.2602591783098346
0.23907829854395984
0.4644008397481197
0.31460718771030477
0.32292120751085474
0.3042481443745306
0.26070201915440255
0.36323011426500146
0.2809632887468124
0.30422585497273646
0.3028578474313728
0.261909176125234
0.3992218255092061
0.3240580429298509
0.25377517111425735
0.3471703612724719
0.3596314270901557
0.27065002012303346
0.30287585090419833
0.3611458879827523
0.2792200716673305
0.33680069821807745
0.343372593329894
0.3738036315097571
0.32761938231305276
0.31972433100103576
0.3339157209119086
0.35213892274454583
0.3010286031791638
0.3056904794784755
0.2444045194494085
0.3434250087363679
0.38318534864059295
0.18793444652764754
0.28747348755781865
0.27890263964445744
0.3268686354742775
0.2880663341764003
0.26007662576621754
0.35397978940701447
0.27720875283217516
0.2826286652353276
0.3418151324804894
0.291781415615812
0.3057747534470856
0.30533768383264553
0.3787519971758507
0.27616242515557865
0.2686765361997616
0.2927443323778237
0.39812591443979484
0.194958692010347
0.2697513256423478
0.37900008256432066
0.36916243484362044
0.33168851789984705
0.2685375587563959
0.25732835116786734
0.30457405172051555
0.4013287419920745
0.31861194474011445
0.37245736590674544
0.3662410596219358
0.26394888003013517
0.2987041696460813
0.2887475443189472
0.3246079197543084
0.24604002156702864
0.29663662314985645
0.3664786479709863
0.35714910240693315
0.34009159207611733
0.363135466652431
0.34248205585013447
0.31923922310956715
0.22434910057489185
0.5180097422554043
0.2707887525736014
0.3526394104975438
0.2763420031112795
0.3643099390573268
0.3175891750158426
0.315496101426374
0.30669062944774755
0.3386839367455336
0.4517948025801777
0.308356474841776
0.31548396683674756
0.35976459482000156
0.27114543049619105
0.3123695744630545
0.32741998943679096
0.3131422960203121
0.3038262001809463
0.2878834563952733
0.3074173515556287
0.2713575930824277
0.40832808669096987
0.30707057322928805
0.31389507785019594
0.3769922212522824
0.3948592749850693
0.35707585919851736
0.3709617232306381
0.30117355295966564
0.3216387943255915
0.3579675284018567
0.29711771344006976
0.41559945377658014
0.2869038786722096
0.2794123482994065
0.2677065322619955
0.2877320748345909
0.2606983058783657
0.34507102340653495
0.26148949835908736
0.2809180202374952
0.30111254838445684
0.29343328810067537
0.27324775320188116
0.3180057151725252
0.29464725107793105
0.3121072608991094
0.296052668144174
0.3294087265611978
0.31223538804276585
0.26345355344147336
0.2522511510406848
0.24794653366281535
0.29366547146599004
0.33091544529260153
0.3208725580779943
0.33539456748953567
0.2876763227791371
0.362174901965642
0.32767771677326885
0.24466152118396192
0.48412830271577445
0.23911873032442604
0.33485380972316553
0.2964985631146613
0.4195434603513026
0.3032510948005762
0.2935260516508024
0.3397731570242443
0.29621067291990394
0.3814051000941194
0.2852170660160312
0.39847047164669747
0.43931571039564193
0.4529000527892915
0.31706809653128015
0.3139759283094327
0.290162841677319
0.3456885155698864
0.3657113854505494
0.37860073363372876
0.29359029612445076
0.39279279239157977
0.27550056752961405
0.4797735387098915
0.28164746178958316
0.2206244002986322
0.3815796982805135
0.40603774064176446
0.25832735866138956
0.2812464519234149
0.25696953405724016
0.2648629841012822
0.3462063953409798
0.3382135917417925
0.40848627734009063
0.3656194477455823
0.3434585550003924
0.3348897620466772
0.2680814084159236
0.3508123013270946
0.2948214155266322
0.34799020446583273
0.2772853289038256
0.3410069912510492
0.345720388887235
0.29885086327412863
0.35342915496377464
0.39004142105671047
0.41316081772101493
0.27278923060331356
0.3262257908089386
0.42893995716001154
0.30780572261932093
0.3008132949290734
0.32249651184520833
0.2789988047369835
0.34817834947091425
0.26251812453010714
0.27362644624625543
0.3326110913897749
0.3571211282160858
0.4312594274319187
0.32624809954328443
0.3152736624190837
0.4291540898032237
0.29656914181963845
0.2921194025909583
0.32499060197060914
0.3786965429825526
0.353937470668224
0.30521231037810764
0.35084831491926244
0.3248638093181682
0.30091752051174536
0.32461682891451743
0.36091205823608996
0.38282851210736646
0.27745722809286205
0.38609250020951924
0.27520595561333494
0.38108968829257306
0.3891929946158364
0.2849992576595832
0.2612986712053191
0.29844290824558173
0.44985832527660385
0.3945459513127108
0.3815790363121281
0.37358171097524595
0.3486241972367306
0.5016124865814551
0.44039842896443854
0.3479825324209945
0.29834956857891703
0.2890526965771218
0.24306007852773787
0.3592244630039153
0.35841499967866003
0.3803471451191765
0.42578456077049803
0.24186847743693735
0.5147507614463517
0.2744237451093504
0.4035352572515426
0.24397114399185696
0.3397442948106238
0.32885204593933354
0.4091405049159078
0.3575835232244243
0.37499177109554754
0.30452787375221746
0.33862780686375055
0.4153608756396358
0.3432898508010995
0.35365605955130297
0.3413779241405148
0.32292044987096763
0.29104070277794136
0.2784030516127759
0.25839751231899916
0.34568775689243164
0.24253414889084227
0.3633116294597787
0.37059974995699424
0.45675596041761096
0.2923131130840697
0.3089591707585272
0.2681791470432284
0.3871447211019149
0.3652497323784829
0.359373419800946
0.28734157758895307
0.3359423981233129
0.2918469924955116
0.33690391672730857
0.30295324576550203
0.3195315645032566
0.39472490285308887
0.26576677404662336
0.3510525763139668
0.2830748221333204
0.3561964556819283
0.30606152787139906
0.2707670478910352
0.38643723284945075
0.36955229229593484
0.3402775951587116
0.26973737610524856
0.37796761639577015
0.19692079394441472
0.3330077487318698
0.31556274911621696
0.37059833532423514
0.37847950457250745
0.26153550473323806
0.32116035723963104
0.2726415141433449
0.3387707768492706
0.3479725118330831
0.3484407468487893
0.3197781034400039
0.2733837470976272
0.4127517247652508
0.2896696319999294
0.36447628544740845
0.2965780492403903
0.3314089053823694
0.38131753699087056
0.38334947162323707
0.29290256995470293
0.32850097494956915
0.342284089264262
0.3321087094947274
0.3087683221831672
0.3360922458079012
0.36291187765703126
0.33132287858549525
0.3303204808549064
0.35274399529039924
0.35475713781414575
0.3608773420106837
0.3741226890025725
0.37495255898724367
0.31951818583558683
0.28158746509497584
0.35838309130508555
0.34317234302340477
0.31954176488795366
0.2476782930164928
0.33074771379262635
0.32150479126863746
0.30522905562013836
0.328914498467414
0.30688160332079023
0.3868602627349819
0.3219340462307477
0.3639024841796969
0.2761068491804582
0.3050192368052682
0.3888110031580233
0.2742619921674903
0.29344962978055483
0.3839472905755942
0.33247216672441765
0.3075902655810432
0.34745876114338053
0.2820906151215568
0.27343323792571167
0.43154985767600107
0.25322689120748315
0.29024844553959905
0.315587488773758
0.4192792001414404
0.307108960500756
0.3017024657125021
0.43650470310506384
0.28857083178354215
0.3206220858654285
0.2785808075810562
0.32830133413321283
0.38011625583743336
0.42502124039985506
0.35364994817997075
0.23955342296985502
0.2834902184787305
0.20999142410251612
0.3173584448221587
0.2611382754960529
0.2720095276160672
0.38908224929880103
0.27355416541958544
0.3281209785805024
0.24359578899538153
0.3177315387243195
0.30587289808596585
0.3011807242282751
0.3834736348051398
0.31747691998751193
0.29766967432446945
0.30490839567502886
0.3348889046476559
0.2939985935319176
0.32705248074342413
0.36212775326561153
0.2866242011450491
0.41922294495689827
0.3180893660530414
0.4024443452817867
0.2874535637184289
0.3722022903436416
0.27796062980462194
0.3085249757810565
0.3717339651576463
0.21890536846129147
0.35310158738107356
0.29911609704260717
0.21507875908435187
0.3346916663548988
0.29945695918029386
0.2568510691267378
0.32716918872052897
0.3533151955945192
0.390025947292936
0.31645536979300354
0.22847860008366774
0.351760479150562
0.3504786857301495
0.2821063417764265
0.3639599936668326
0.32102817813713663
0.3927856509243203
0.32877733364522393
0.3172896863148942
0.28424978161615716
0.2745792861336647
0.2775670425684408
0.36760148429726297
0.3226354306428647
0.42753765035207814
0.3303529266526078
0.29593396773833514
0.2998981729283156
0.34819443908408687
0.36852111903789175
0.25311885472940787
0.21393711592217282
0.3910747142369594
0.28158294048231797
0.24615476099466765
0.373128435835495
0.329952228838072
0.332808252937651
0.30557613587078347
0.3362348119500275
0.36687654529676483
0.36866239907365167
0.3624621040330307
0.4294173935899079
0.3035931574081467
0.3397710840961706
0.3096311913328801
0.35739297202611525
0.27620341754677996
0.2087765330541256
0.34971246003060236
0.3305621731454417
0.269741242550545
0.2746780148557568
0.2044791587957507
0.32095352041379527
0.2791672358524694
0.4142379277846565
0.2920636250207148
0.2798533541624088
0.28516209784577784
0.41421316860274937
0.23981529081270656
0.3519319935890453
0.29714213886502416
0.1273152289611635
0.27614168061943767
0.35655086330794855
0.3722398665364825
0.31585242468794744
0.3513207689885801
0.3464150778058748
0.334413044109186
0.3646388940801525
0.3063018320177685
0.28371959108472183
0.3239475366924475
0.33650898861882833
0.3140486838205505
0.2684666628608906
0.253745875171598
0.28532412454783146
0.28498204145532596
0.30716087879158344
0.31585541302375075
0.31366935750079933
0.3207080693326223
0.34054617765572076
0.32264104701422325
0.2347133869830012
0.2644012787468944
0.31343499244155054
0.3298302981076046
0.30433606785148254
0.3960699831280132
0.28155375646379577
0.3231486634794009
0.30843440068938116
0.3307553179259488
0.2868379776189808
0.3214255798046465
0.3923426370166084
0.3531254566382043
0.35031386805891784
0.2674518055950243
0.33421114963171816
0.3069376054299154
0.31881264936836745
0.26266274557546665
0.2231943439105183
0.32555883376565187
0.30752605426574325
0.32522188714022077
0.3384814416715742
0.3277690596102657
0.3735712252325321
0.28076298664759974
0.21914135401455279
0.3072773431733407
0.31150672998721146
0.2432664286865128
0.2701394884383568
0.3433604633986889
0.37022742774824663
0.3217670399411411
0.32443420670680867
0.3379598506317673
0.27533880304579944
0.29160891402285843
0.3807340113130907
0.32547227481988816
0.34458582351240086
0.36110700427553727
0.287660267396719
0.31594729816218303
0.37179482539685466
0.3018765650714562
