0.413498797366049
0.2985612945572853
0.3444102479092074
0.39509766296361676
0.2610784123722517
0.25079742130856175
0.3735880470716933
0.366063228042687
0.38542476264886205
0.2554974076718929
0.3509230804162042
0.272601599743773
0.3695610321351546
0.3538549011142926
0.3439038493819296
0.3123555574282947
0.3788424681032077
0.3134698989414216
0.3789271704341416
0.26145614662248834
0.30924886926892936
0.33955429009492094
0.25948832767390595
0.44329997405338273
0.31712408104902196
0.3105755305364727
0.26959502764353716
0.3830480742995697
0.28397305291594227
0.3473487928765607
0.3956046296100822
0.33504486117395316
0.27555600541914127
0.27870124045894634
0.3215812677159735
0.35385791547750567
0.23188822149490543
0.32834387414420063
0.3500967121640086
0.29490606337002767
0.3491535539008299
0.25811489172039787
0.3816357050386873
0.37318987948789456
0.3873402258856105
0.3013524299877959
0.4070777944703124
0.3442411096585397
0.301945894360532
0.37256458933426384
0.37986090560538355
0.32213667898618614
0.2711255210909306
0.3394985031422074
0.4143033780607078
0.2899390087690088
0.2656285663818374
0.2803124732051671
0.33695892662949123
0.29585918586572574
0.26743148973903613
0.40735012590782155
0.3441207811458402
0.3768518564338317
0.31077853600103444
0.31815367034143727
0.3193601370564122
0.27397884559045854
0.33107446154682474
0.3126798109638229
0.26558120749636505
0.3990676317107879
0.3357152539170852
0.3164769317526233
0.2801157078516681
0.27522149821163233
0.3675715837370121
0.30404967594618426
0.32907507001233005
0.3041474518537234
0.2803621498732064
0.24379735224827917
0.30216226133224133
0.3197610905661297
0.2725627650793041
0.3017987551413437
0.3458313696090567
0.2798881923758332
0.3690236039380406
0.2750514754218197
0.2659103072590221
0.316949364244229
0.30236913835432444
0.34698579632297405
0.3506618217900059
0.2541864318311386
0.374208183477875
0.30719513064411785
0.3440431281732096
0.4297053384758381
0.2914830767581439
0.3658660154437944
0.2762733061267596
0.3410798780784169
0.3312994765006019
0.347558213942517
0.4083851973399373
0.35438718451883283
0.3241535054764737
0.3305352679793869
0.32272341052504566
0.315263632938453
0.33010070931724905
0.3412045250144654
0.3410018221625419
0.33680972925263974
0.27516725658371877
0.368557189505909
0.32433366973258143
0.3230932161312202
0.3705548879570673
0.36762083718402644
0.33391344810705537
0.2833031319130135
0.4473662938734384
0.30566808719524036
0.33280654586960684
0.2751557985177749
0.30326875772976575
0.3183046003091552
0.25464892743311296
0.3606195079197684
0.4169935501594196
0.3291394940006771
0.2886299741709802
0.33886285435782487
0.4025807849255433
0.2753353320392417
0.23928045968091488
0.36373856524647397
0.4191573526823997
0.3577525719633087
0.31077923712666455
0.285334319056898
0.32114750943080655
0.2831915471328203
0.38168977350294764
0.34541862632787285
0.29578027338728563
0.29336915568996424
0.38114909705654276
0.3727658954576437
0.2862852257680767
0.3318880652990468
0.300668432343134
0.38582238763676474
0.29164343891855943
0.2563977345849465
0.29020190623688913
0.3030481904209474
0.23285933060149858
0.3840416988578954
0.263692177584279
0.3001432008910981
0.29188175408207206
0.409163910817423
0.33089764593935844
0.2751374015361768
0.2733658149296429
0.36033187086848384
0.249888538652908
0.31255450952908276
0.39804860529617475
0.32885629694980595
0.3520883832058644
0.27715286924041765
0.3237566744803757
0.2832301266212647
0.3253035325528107
0.33390121288488217
0.32309451092298624
0.30151634225554486
0.32803276189587494
0.2764959937895613
0.2785129229211218
0.2984026821939287
0.28531076442080566
0.30802792723707706
0.4783313351139408
0.34865292646562607
0.29108641325776313
0.22628978022700227
0.29219260782774914
0.32736164518322686
0.3417173816521592
0.2830798896709389
0.34513168360860363
0.2656281210860706
0.38111656525467386
0.31957616769471203
0.3989952289157639
0.3284160650651692
0.3831809987038031
0.3077891333129997
0.3162233656767495
0.45290996232463493
0.33510731588794285
0.33655115781927425
0.417904172349608
0.3272953848013926
0.2824516962826967
0.4311864761575696
0.30891502610585236
0.3433128988625528
0.341624858237546
0.268512979398951
0.3183728339174315
0.2753339939467261
0.41306283961108725
0.34345327111531426
0.2682325112509025
0.34827501293411434
0.3032967329419495
0.38065792750377836
0.24343384671521723
0.39277882486915305
0.37330404944248957
0.303341952534129
0.36858016630563084
0.38532995301086603
0.3350895700130192
0.23629640457456005
0.3037838577140024
0.3387559734545638
0.30312117667761107
0.2927949083170044
0.35771298107386146
0.3852786557637386
0.2963289630280692
0.35275054100270437
0.30235219240484107
0.3460182525220872
0.2625556506991611
0.3475840685722971
0.3804301228592767
0.33503153507816313
0.2878178649769794
0.2731472084978292
0.32019491269336925
0.37808384591498784
0.24271124435516214
0.4050015046727087
0.29522330522437007
0.3473871015029133
0.28483432831672856
0.32298354844364474
0.30225703625887684
0.3742083464381448
0.3897370439446343
0.292704771969275
0.26613534161139596
0.27939913476979394
0.4616209486330911
0.36698311925271404
0.30833981517140757
0.32166309854089886
0.20790753915160196
0.29615310347402196
0.2906638568948956
0.27255651842895984
0.30113532082624095
0.28845923711513083
0.30908255218708636
0.32692966308007004
0.43098438361429514
0.2681956216806593
0.3873312520977922
0.2550296551093
0.40076801515950694
0.3786418937279914
0.28697825402900445
0.3086136972596952
0.2383780922234886
0.35320484876048974
0.3028587795540627
0.26924193502711974
0.44240656279760304
0.39264303154150393
0.2986645268201095
0.38998504401343353
0.35797185064267895
0.2719043029618314
0.2772366972596009
0.3015356803342054
0.27709043854033505
0.3174651026370122
0.27003747645677995
0.3568768047413144
0.31996966185641396
0.31479318321833366
0.2301873349542799
0.37178668351237637
0.3342176003181956
0.28966991205100573
0.33329238648723114
0.2876519977418953
0.2468957941514832
0.32511680730338843
0.32901231974198536
0.21697754024539653
0.29762455114087494
0.25570607678898516
0.28638512845906966
0.3100238741019757
0.2502691341366708
0.3741812856337986
0.3764065157041444
0.2941700891924795
0.3350052697403535
0.3179083731401283
0.36695911307799817
0.3284841976004402
0.3202475618136622
0.34833461742265776
0.3073984473618525
0.23635567588676212
0.3185974864217847
0.3814281605675503
0.3125974500221059
0.3357540981875168
0.23823775997590202
0.3285541359704181
0.4969260625929088
0.2856526453921758
0.34789564885488117
0.271090902106298
0.38148214302336114
0.27222306761138654
0.275566652354508
0.2585793076122708
0.307456808468394
0.33734383677204155
0.2751629864384365
0.34141247872543684
0.3137391136552726
0.34831891341578236
0.42024751347609574
0.29362923535331137
0.3063034733352658
0.38390284275049713
0.33050510094286073
0.3520505489206828
0.3718238582478194
0.35273041051978166
0.30830887437932186
0.3486090085614307
0.2761761030581809
0.2892212064212282
0.3039521419727591
0.3666967671088142
0.37355297094434436
0.3046683419838722
0.2673769330556525
0.3828961232030951
0.25044685420767476
0.4103876071977047
0.3161164435074758
0.35286913111992607
0.2510286856862352
0.41700380011776456
0.35745455649962515
0.16992591827270465
0.3275367002058573
0.39760533704491163
0.3255939241211827
0.3441815974292543
0.3582564983413049
0.24303968080969965
0.30341281791327773
0.3235408401977516
0.3427653436474219
0.26575557612910183
0.3383179682077423
0.29613472501450006
0.3646161768687225
0.30633714527380734
0.301586269373976
0.324359546474453
0.35608290101616796
0.3170899303215606
0.30626130168340887
0.42935376295215905
0.3068753309667638
0.2738558490167464
0.2698399252351509
0.2926519612253392
0.3189767700002972
0.3163498057652982
0.4019569874100947
0.321231763705238
0.2753070005917403
0.3398473868579093
0.38350789030707694
0.24347466356578826
0.36674575426739003
0.3111620222982546
0.28807819436439236
0.3321745917633616
0.32236697281414023
0.3145282348532938
0.3554849098259375
0.3030615412468193
0.2661368100162876
0.3629472634825279
0.3828010915146147
0.4592416776677259
0.2896734025664586
0.3454810492709061
0.3189059497541369
0.25993084031151653
0.3942015921515834
0.3860959409099577
0.3611978362199734
0.21933421752023513
0.26334217753734784
0.24062177949346075
0.36073496086732265
0.3215598881228352
0.29340516247217024
0.262498290885171
0.4026126944775271
0.5184811192472015
0.2662088729082065
0.2565914962042717
0.30078280552773684
0.2539846552949293
0.34876173590324994
0.3389373783280611
0.3374093333824383
0.3167986547345496
0.38256437582583347
0.2211857310153111
0.2938055168469572
0.3053223928308961
0.5027402502739874
0.37436527743568787
0.299415795489789
0.2609069876218058
0.2579476819150693
0.38681764954445164
0.24015040451813155
0.3471071343662763
0.2912795154942643
0.2640210614132706
0.3759663070548968
0.36495262471544254
0.24729507297970324
0.30260722661230943
0.3042903991446217
0.3148653671626302
0.3208173349614077
0.2737860218757355
0.3093305498577649
0.3156151986184358
0.3526898014613898
0.3670134801094547
0.3282908103235044
0.3880709037705857
0.3485939678527729
0.2679331072134391
0.33167386845906244
0.3796863444154611
0.31896673421430005
0.2910113680828057
0.290348799160357
0.2700847391903068
0.3718693433241655
0.3710727215134555
0.4618657495238224
0.2732471604173095
0.3279453786306879
0.31547709109407995
0.32023278756334345
0.2819925411489186
0.35088018703281565
0.30986984841049087
0.3198146331922872
0.3098019710526705
0.38645620117788454
0.3837854791315042
0.2661403727580497
0.28303712351959287
0.29699952236938104
0.2748684955055546
0.300653143242807
0.35127059974914215
0.2481437213421629
0.3356467042203255
0.33562179461709424
0.37204640658706595
0.34067625168229043
0.3313226163474161
0.3713507416769017
0.33471705005578545
0.38814801026710327
0.3213263832830901
0.32703615052630136
0.32895997333600735
0.2584864244653355
0.3733128615246344
0.32043827689015447
0.33701499085069897
0.2933708559045288
0.37297940106543165
0.3258287117148972
0.2994483540189673
0.37328527300168773
0.3054673685526627
0.2787123442954215
0.3923294940304673
0.30605659495728976
0.34451398108458964
0.4296244464203598
0.31536865806688097
0.18894687872191293
0.3620015896072386
0.3438207910008441
0.26624041712133156
0.3160527380670963
0.33862784029294096
0.3049721016368879
0.3995865041856004
0.2980548547134545
0.2881245558448266
0.2514198045922672
0.28663084821281126
0.29731898727663136
0.3560989338334618
0.2888920227028834
0.3249374487342872
0.29509345552713767
0.3531809333647485
0.34437332571949736
0.4073086311203813
0.31172792143412925
0.24097286330243203
0.36127890609535906
0.29761186861034983
0.36777297961753785
0.3100014763982449
0.45713724569416186
0.36133124703934516
0.34918180720302644
0.36958065210019925
0.32363578436504925
0.27702313608930423
0.3000223115580633
0.30888296550072136
0.3273649387447732
0.403715321812482
0.3993234912703784
0.35287553297858754
0.4056454435754999
0.37531124094845236
0.35291734618534903
0.306558803131045
0.31254887180873564
0.33767254988740375
0.3227529155928301
0.27892236232919965
0.25707767688523536
0.34242237902582007
0.3106725385675635
0.38609270389951234
0.3269861044335342
0.41281784147788847
0.33494921514080667
0.23724908260811498
0.36251002745881505
0.27030936380827514
0.29638533913754017
0.38049849038127215
0.32316761616740597
0.3893139210522292
0.33043787186762913
0.3010805704080482
0.34323044027011196
0.3083847484119529
0.15357751669467185
0.37752103251615976
0.32261207217477766
0.27716553010446665
0.2886804926306315
0.36439998553210257
0.3496288753344799
0.4295455556454469
0.3302137774265788
0.32477387499956173
0.5051989771825898
0.3579432205219702
0.29431730723446853
0.3059074423946191
0.33978963076506724
0.2648540724057154
0.21608733607288452
0.3574107814270704
0.2430586482638424
0.3676487955052245
0.30242025257202015
0.3591912955604258
0.36871970398293524
0.39676887225650304
0.29929741566068324
0.363263004767116
0.2844372130564713
0.34376302559187766
0.35689003436090083
0.2974322197096641
0.3843888402469128
0.333088511356283
0.3872782409295119
0.28448615546438377
0.25581220263558135
0.39753618810503294
0.3721149084982143
0.2969103177393316
0.3953808350225765
0.2968371460617193
0.27069254335312015
0.2777486657445214
0.3149126875463362
0.31898042545312444
0.3953845084791673
0.3269389293540746
0.41668555870932955
0.3142963221306273
0.2773084328894635
0.37392765378000475
0.294085596608834
0.36061934669510454
0.38841375278595525
0.32981012410058363
0.22157076827311117
0.39141138712650675
0.3080155264476749
0.25893680051316603
0.30120841257589875
0.29879019440749593
0.34424477225163064
0.2994536260843892
0.27588886456156647
0.2857862179319909
0.38384841432535244
0.35496689454232827
0.33065710746963156
0.2712898553376233
0.30396752428394597
0.3249019525055702
0.42408442761747334
0.298187958397465
0.3817601656712407
0.33161885684464615
0.23337501579167894
0.3099943692626682
0.32794101031418077
0.3601763076821268
0.35086736884344033
0.4266307494931417
0.32175661948644324
0.3291706588467368
0.3757928402792641
0.3275047333755778
0.2966534550955938
0.29667294371146924
0.366550909997733
0.33612657418822045
0.3300600031064183
0.3614236416964738
0.3721174961639365
0.2527401854422472
0.28838070254694914
0.4487491639431574
0.23437790554370885
0.3635650003468024
0.2837077813250625
0.25466424214362243
0.3482962618946676
0.42337397058637044
0.3161965183047437
0.29356962235222833
0.3441900671255681
0.2899130126100311
0.340525601520778
0.35046849692032084
0.33113705133069793
0.30929405929811227
0.22433139694994306
0.27050032586725964
0.36906631617430313
0.34577283430625877
0.2751918025931744
0.32007955900186374
0.3213107403910873
0.3470048290595711
0.3691715979203031
0.3126493665937573
0.29557943758910094
0.3113040113586149
0.30824722733863336
0.29068048276304753
0.3248559169424371
0.2649300048099743
0.2915960749148266
0.35792953325737203
0.2909897938241478
0.37726962111872403
0.3105119425791432
0.3402903357755387
0.3281502366079254
0.3132671040064964
0.3225184047695981
0.35647309890549905
0.25061409545966534
0.38111494542601043
0.39509427228931515
0.4108148677380483
0.3328653067814623
0.29045548335850324
0.3972132981802874
0.36290239239528627
0.3037523637191812
0.311236189402573
0.2577248965029977
0.3342969675116716
0.35016347755661337
0.3175389639882332
0.26793524093096655
0.26810653214293595
0.3396835627194024
0.2936431083371633
0.4228938776255485
0.25553867199354036
0.32829729631355914
0.36342458125145566
0.34161590171827777
0.35917493758272706
0.1922752793773486
0.3037316270771671
0.410543574751443
0.36389667169144424
0.44245995501050867
0.29219558476415897
0.33017417124772175
0.3919877691460694
0.4017684639909268
0.2970482565745339
0.29952687035825526
0.2682050897548351
0.35170015965707213
0.2577932397656076
0.25926810005262774
0.26028285648244665
0.25369010596512875
0.2828171726409289
0.2978610015730913
0.2811394887369739
0.2911113650585787
0.3965454828894158
0.31182200577722213
0.25847975934004697
0.386065983510249
0.31464008238735347
0.3261244835163365
0.2628426701056441
0.32747082667151955
0.2997531132204427
0.3226809601143483
0.35862535240783616
0.33918993614852166
0.4268856520133081
0.2135196333153459
0.34813169865828997
0.3251778593706999
0.37805828279008363
0.31208816259949373
0.282832390333896
0.3607184516796051
0.2503292271907951
0.38398901964970633
0.3783983195846589
0.4249786336342872
0.2884318654774867
0.36289409114316284
0.28639117846026785
0.34404845740371043
0.27431563062333303
0.32550949558870806
0.255386682916163
0.38140837628468494
0.3159580764711852
0.2102070745636285
0.35667397893985425
0.389380973718398
0.365615485041111
0.4013070296941081
0.29715742356532376
0.370794680722245
0.3217766137079912
0.28667228322290594
0.28680596641839795
0.3766989657534114
0.5209234492068758
0.22318587356066485
0.4526874755171783
0.34953975765234707
0.21430239435430476
0.29531429096889966
0.2866968191576579
0.34566083947249526
0.3470284818126734
0.3885867269945538
0.19092189331439635
0.287431812714175
0.3443636114005855
0.3002536569139076
0.2682503285744133
0.28149061692516986
0.2269608522174092
0.2426705828200492
0.33783222066160606
0.2851512474273411
0.3633388910268797
0.280633003783411
0.27853275322041066
0.3513046241153106
0.34592916787814315
0.33596724025785796
0.2738561684596343
0.38576140643187123
0.3275571976465119
0.3363430520362161
0.3277710134613824
0.27286992070092014
0.30130497049096744
0.2931586683508411
0.3576380767185238
0.2891041272400309
0.25782320396378744
0.3294598390909505
0.3152467582501876
0.30536971194153245
0.2943578315225684
0.36051441025780223
0.2509187096756227
0.3764251174303304
0.289476991058292
0.34230658168894174
0.2372992444322062
0.3629349391363189
0.3420814380336701
0.20972066014275906
0.27198760190530413
0.32690452975189793
0.36284930395036424
0.27802337589320714
0.3366014685459634
0.28906128108972323
0.2934040283052415
0.33344572860372407
0.2842147188152951
0.42334817122610274
0.31996599412696597
0.27924726602508976
0.33425761035891804
0.4010790739252235
0.34683393794568423
0.43100082649854804
0.2898139253563726
0.30108804800841815
0.3156811769590964
0.36738653257278786
0.28792507937379225
0.30281463655999474
0.35646760179129655
0.36800572261154313
0.19456603010015144
0.34260313945090065
0.2198170539772421
0.2863436982733059
0.2449631520820973
0.32812023929978434
0.3868470391376623
0.3387531150574164
0.3735265230240383
0.36306879636907624
0.3295265650742431
0.3524044357386435
0.3933057146524127
0.3345930661423728
0.2647494547740587
0.2958536218141108
0.3358856245199292
0.3846850747030763
0.29780163864110387
0.2651487960824503
0.2664044694005363
0.2761222761244989
0.3514383661364692
0.2970746731641201
0.2718563110928572
0.27659661026827703
0.28666815338324614
0.29708878586599985
0.2570087055317845
0.33501594276228364
0.27825406369680566
0.3062614332262219
0.3632599719828948
0.3200279012464858
0.27715429159576754
0.23832245129606078
0.3475834038035949
0.27250904371441415
0.30676155017569795
0.4179321320673511
0.34980362823284256
0.33656034285090763
0.2810701977142588
0.326111466803739
0.38650460517830365
0.3770946231817649
0.4303391072156554
0.31081630050239684
0.2777152787508253
0.31253001371207006
0.368598389979867
0.25922852595564577
0.38281559219042616
0.32881615393464175
0.32665437369881717
0.32561600562144694
0.310979378533567
0.28515291886598854
0.4354984655315779
0.3818077630339201
0.40372052103317707
0.269661601780914
0.3565765795354575
0.40598245294717933
0.2464617816087141
0.32468620277322946
0.39252065263880437
0.19972722949289637
0.304856752945282
0.3601217931536442
0.30791549433352267
0.29159098680314216
0.36052493962450566
0.2708487539886137
0.3702040404110696
0.33642604738132836
0.2720271344112994
0.3201599005210044
0.30975875077296783
0.3084345224122775
0.37764759868490194
0.47491263918173027
0.33215974808516635
0.2707807874573922
0.37919626632006664
0.27203449258839857
0.28280559180839243
0.3357267808526021
0.4230113373679989
0.28520747026761667
0.276616265386954
0.30092007858420117
0.39483765376668617
0.23957410040472807
0.21688906264484337
0.3138110980761231
0.3766112204145741
0.41870841465877057
0.2734378731751291
0.29255602181230206
0.2791225910938279
0.2819886017993797
0.25169355936154764
0.30347125465990377
0.39364421474560685
0.28504199026912247
0.3166725213767283
0.36936601727902035
0.2080656833760003
0.2859650048865322
0.2659100042418938
0.30351214215671274
0.4042791864375406
0.3864721599556131
0.3506153243247945
0.3245260833840987
0.18205185924880724
0.452023167814212
0.3621224021318569
0.26886378362823277
0.3050023049067035
0.4281918231267605
0.2761760295261718
0.28149441089305516
0.3681504478307101
0.29842821963350363
0.25816291352912096
0.29463697885477524
0.3029700397866113
0.3582862911100939
0.395945785291319
0.3450630841301297
0.3111826533039209
0.38692188882591433
0.30282554846424
0.3420558923933335
0.25907338054027196
0.38764733332693513
0.33966090951874195
0.2823984881608521
0.35175185985224705
0.30441466332874106
0.3536895934349211
0.24553209586871402
0.3146918007558817
0.3290921145899034
0.31252044664730483
0.2925066070100661
0.31935818559090123
0.2540944149027126
0.31312664601185347
0.369344776709489
0.29897244377851706
0.31839940022717605
0.2667903110986777
0.36676689800388856
0.33322189250829437
0.19973910381600937
0.36505029252551624
0.40951292974487047
0.35053156674204916
0.3819067033149205
0.4000080755362235
0.27577895165637306
0.22126849628985465
0.2357161264578387
0.4490763387497117
0.2651258855977297
0.3892956406853589
0.3565401391592465
0.2421212525417903
0.28354013825480434
0.305184636704787
0.31616841357071496
0.27396783635762223
0.31985991767007765
0.33848901441693596
0.3319499730354576
0.3510780476764765
0.47907730372709406
0.2939761371003084
0.26382720596812675
0.36876153562591746
0.33903951369529606
0.315577685149749
0.3141433823774746
0.2591010731705985
0.37558114554283223
0.33540365283932877
0.42016308509373673
0.28474775213111103
0.356811708850643
0.35381934471708604
0.26740561180078054
0.2852923538784291
0.3886627288991239
0.38775251082161993
0.30369687720608685
0.3772148306200499
0.29190620586744936
0.351934991484645
0.21418725813006415
0.3738680206279197
0.3179372741111367
0.29991868244513636
0.35180768475800583
0.3310772762188976
0.27211266252677746
0.3180718381780328
0.3323071225133468
0.33290731962042036
0.2848014756666731
0.3654722295397345
0.3423888705413623
0.3786160565034666
0.3724915288519829
0.28857698703582635
0.3200866444389909
0.3671125951357601
0.3580121958046353
0.31627497920588415
0.26652754437490367
0.25759217490244063
0.3185945881091801
0.3254285625228601
0.3456524341327019
0.27052850203020073
0.25492930944580283
0.3316600976316349
0.325864618804482
0.3001003213031128
0.32571224942544474
0.29068136006982426
0.2741501468430113
0.30310223462000646
0.2272531064381982
0.32824277133515384
0.3161257181406679
0.27230359604809873
0.29551309276137294
0.36482724862308913
0.283069497942745
0.27382183000995997
0.2545171457332945
0.3337687167311069
0.4382334401124044
0.3424621153404551
0.32602069878033896
0.3113534911872078
0.3709510694889703
0.3355609549777861
0.3639348393536724
0.32297600385716824
0.3227534397253037
0.34364045994901193
0.3533352589914699
0.31007786255217334
0.3306370983436178
0.2038214638391808
0.27416541093386
0.2947324295650809
0.3090321042646004
0.1844650919877762
0.34231334785522727
0.40683306433849264
0.3530916149497894
0.3649768495540938
0.26075345921589005
0.38375331860133877
0.3542744490165099
0.30460529002134956
0.24516183102178124
0.29211661068303063
0.30970954915718213
0.27521264106008286
0.2775951081599208
0.36461900890695836
0.33950426983799153
0.3667594999742829
0.2701031205580704
0.299614984462032
0.3220426162332342
0.3643096921779932
0.37605331751789894
0.20020107888980346
0.29102121299178674
0.3571982709086683
0.31205014013416205
0.30991296446183364
0.3348867449657781
0.3174554759681649
0.3137356983137318
0.36298567796089587
0.3865754729412449
0.3316890679393972
0.30861802705730756
0.38162529093929776
0.31623703016914717
0.3240162885782807
0.3754549280636535
0.3158622944687462
0.27111226116168835
0.39964478475447285
0.3300028614754179
0.4129340460864054
0.4139340228237999
0.25865938290376733
0.37672535072284385
0.3234790242033793
0.29198951697421555
0.2677070085589355
0.27109895683864427
0.37378660446754214
0.3765019184485772
0.2842457710889994
0.32479379722901147
0.2557524907106009
0.3009768540850347
0.21934652190116224
0.27852356110611476
0.3494166616968544
0.30144813798736964
0.2595808879697081
0.3739525959256836
0.28999411542981374
0.3202930518219731
0.31968128895540976
0.3232213995165136
0.33434717359610233
0.3870120645295524
0.2906158952007445
0.39164833478026484
0.20248746317187621
0.26827466037896236
0.284335556472053
0.2944380321380774
0.24351649005794102
0.31613673287063565
0.3444969032786589
0.3570677821436643
0.3016850617519025
0.2588860443250856
0.29429161790187397
0.34199127260627865
0.3055967482813509
0.30563000038695265
0.3760241308700474
0.38418128565084725
0.34404131394888726
0.3081652201156745
0.31841058394055377
0.29396298640210067
0.342475271780158
0.4346992781811766
0.273077682279897
0.2699643692791767
0.3580942577891003
0.3247344239841788
0.27942647572502144
0.2983279233405441
0.22761911614344138
0.34298944238897044
0.29099767502575
0.36059570077296943
0.3684955227715393
0.2475041693008305
0.2926239618474152
0.3600658000568916
0.31455098701031997
0.37649147553762347
0.3905220224671975
0.35353492538250475
0.33392163420043386
0.25771561172999463
0.29487523725877485
0.2778567496430973
0.2847244814848077
0.20167981948350217
0.2928040886877059
0.3588856063541338
0.3038721214082215
0.2584742298955289
0.29760583665515006
0.4377207016591575
0.41213843027994523
0.43200936866615364
0.2644445277785256
0.3011370448948523
0.4162877348629643
0.33415149746885914
0.3025103433059904
0.3384122889588246
0.38272646625394907
0.2856113196355618
0.2759134294103483
0.25084290249214275
0.4459173021140318
0.29785653011887375
0.34284901971182913
0.28767249222196417
0.33411264670399626
0.2790538428877292
0.3286448353539664
0.2580809076332182
0.2906678777136588
0.3121121170085637
0.3099571898120492
0.3162329452498874
0.327570734226504
0.39323656693953524
0.3322103064457898
0.2873399188885723
0.3278692030974014
0.30203869368747277
0.30094382485050497
0.3137549678506107
0.19853950418852753
0.32159026160321613
0.35534731741863074
0.3911798960693345
0.3352861926821794
0.2729608462389233
0.3166226919953138
0.32078643831988485
0.3658405115891806
0.34574012838222085
0.32014609362875845
0.3511044096778752
0.3742155320332704
0.3769129481645027
0.42060849330442585
0.3011969570700735
0.30770203071073493
0.2227050899928614
0.3815348930438019
0.36478803976388235
0.35201176191130007
0.3580291260998544
0.26541032197001524
0.2995600153924224
0.45638310212529565
0.1210070848949099
0.30070283856191
0.25957710083888386
0.41585504287203556
0.3072628341136743
0.30694787713685673
0.17855751512518578
0.2968413051692009
0.37597060866689713
0.27428775671844874
0.5057364115431052
0.23834952158361725
