0.2606925439490995
0.25824519217169356
0.3070087343093578
0.4004053001937276
0.3070140856207793
0.3906993522067328
0.32679192337090535
0.32802041483712324
0.3750145516667712
0.29753642755682025
0.3574332374815104
0.3433461781289284
0.3078216357588182
0.3568977280171238
0.3274980359212969
0.31002711323459675
0.3890207909491441
0.25772832686359504
0.3605631125778651
0.38092364392052214
0.29685545648951805
0.3679980779206039
0.27019224493902483
0.36312103592534745
0.27594224713690635
0.4102125178433117
0.29738827815556257
0.2678691779609947
0.31829451449685164
0.3628315199330376
0.29678476847915053
0.2748770511761196
0.34549850331084797
0.31751217272599946
0.24385353296710313
0.41197114903085413
0.32238344232416394
0.35840134192905687
0.4123565171997738
0.3468009925510372
0.4022732042507143
0.2768406903424995
0.3786264580270921
0.3017651361898906
0.3943942210607168
0.309188075275835
0.36589366354691455
0.28039142408791445
0.3344049666568313
0.308050305102514
0.3106389745193114
0.3361555146525719
0.3497092062103707
0.3427816029568238
0.3219714240337507
0.25775708963743843
0.3005999568364309
0.30725563415879376
0.29194929537545883
0.38029432453496315
0.30766358468060434
0.3755274092629528
0.2963101199775666
0.3835470801816937
0.37467813310227627
0.3149953911833194
0.3006604682924425
0.35155396182556564
0.2609566997619969
0.29092155844574025
0.35138420829183725
0.2793771679278987
0.259305031931938
0.34271901378199754
0.2145109193240483
0.2926782654608017
0.27402989006977146
0.317355694700026
0.32084911326449894
0.3311862458253312
0.3044166071007144
0.2728725863483658
0.5011605590520855
0.26903428179460215
0.3080580809764156
0.33975716969424785
0.33844213978964244
0.3302290644264883
0.32542343450303785
0.38981031859559206
0.3583887320578701
0.347324749063867
0.3924394436602338
0.34300373832576914
0.2958250708953931
0.2725066735711653
0.3857563178782657
0.29022652475903193
0.31314924470775013
0.3574581317180589
0.33002167701169993
0.2014967017068445
0.29136735777585293
0.33668381182840634
0.3959313654931525
0.35509002420979774
0.34971348025225996
0.3752549736758853
0.2835927710400217
0.23504617333029224
0.3136019067182361
0.34551065426598476
0.4478248677558121
0.29882595856138683
0.4153329239744352
0.393936337507629
0.2559937451516389
0.39074772267026436
0.311352864547864
0.31896997783011044
0.31932598377710864
0.22320923179142046
0.34827703244201447
0.3119556787280019
0.2973035478776671
0.2930659747831294
0.3785035158062798
0.3064408754818867
0.23930919132326978
0.27687891210677223
0.3238769992482886
0.33213168894923983
0.3846959463847143
0.3524431598919357
0.4337382827268168
0.3850068789148333
0.2930539418023906
0.2596912615531571
0.33789925098556756
0.36973251726189066
0.2678499163822469
0.26915549313938847
0.3043048790360265
0.32665854737845235
0.28120444705786096
0.24388702922495592
0.2226305969375212
0.2938040239529653
0.32560035448422386
0.3678175114895546
0.268354749626241
0.3120277019372084
0.3427021979534102
0.3827262629746265
0.3377587298966591
0.3841070005829664
0.3607199409949452
0.34904183648023485
0.2312995609941919
0.25975385696231945
0.25051609616257875
0.34812432053334985
0.27511078304875014
0.329735708112362
0.29856866071914256
0.311750141987249
0.3827349320092491
0.45594854517260747
0.4237997443149216
0.2381126421091744
0.4087146689782194
0.32378027450577945
0.3311373727100311
0.4052414965874728
0.2788800539405381
0.3787443156781723
0.36824847655346826
0.31913571752460973
0.3389473343728166
0.39025128385502167
0.30152832320387546
0.29232190238103306
0.30595232959680424
0.3446812737532024
0.32022211010822177
0.2742398521086961
0.3153010282251058
0.2970919653569446
0.3258256851384954
0.3557637526854379
0.3123341490986353
0.35737043124745216
0.22794540451823656
0.2873527794333095
0.34329704822984797
0.2783248697944368
0.3583061694668481
0.2998290991979668
0.31735682829160444
0.27296798747109696
0.261098157122524
0.3306448065727366
0.40345759048277774
0.30461968766638337
0.2533249445951419
0.32813218286608636
0.30493652481126565
0.29800039021363994
0.32904943518582186
0.2607654954602806
0.3838867942888197
0.27081873298931997
0.3182148277296649
0.38676448146878106
0.3396495334447747
0.3237116999197879
0.36149391413989973
0.2567180563799447
0.2680125922042809
0.27199708080405827
0.3212672988852155
0.37533238949507697
0.30259688980392924
0.24097553548875944
0.331147567294879
0.21281250906547128
0.3340895364659207
0.2868264861883112
0.26280681990596355
0.2778618514980448
0.3154290181683464
0.3351881556161922
0.3544749024714491
0.38650163582201735
0.36476565479708123
0.2287710733657226
0.32055550627716817
0.31276219881107065
0.3766673545708348
0.2749351886889999
0.3508705905630109
0.43047169040060673
0.29610379335072257
0.3923186834289112
0.28802786590883833
0.38521766952376396
0.34527992662134366
0.3611261003419284
0.34010427733107607
0.2831332491585549
0.33318778889937517
0.396313828934902
0.3020275990362236
0.27295659075305273
0.3537330096385984
0.2875689207184509
0.3869037237750433
0.33841604456938346
0.38798151198037323
0.3722022451916337
0.32736739941791526
0.34057103742130185
0.3073736914752497
0.2944455610141024
0.30041247522438885
0.34532892319087366
0.3154319925406438
0.38271195520902346
0.2983496725905501
0.30778571906359736
0.33071109000275095
0.326847164700184
0.4288753418732794
0.23114886313586727
0.2056504678853017
0.27292620559948877
0.3844223042002413
0.3809148821262888
0.40102172441304723
0.2486094820308014
0.3631355287809148
0.3782094236544935
0.34746543924953904
0.3224850769980407
0.3739921433197958
0.2804034749020572
0.40009106609310624
0.2609703344148806
0.21297387800352982
0.3042959653830389
0.3710556010097733
0.28722680709512544
0.4319953413689053
0.39992043289790286
0.30087359899773936
0.27794846463453565
0.3157985835408251
0.3704181750822348
0.3854516340502511
0.3643531760659826
0.32449786803811814
0.3313015818759536
0.2957932539224063
0.2323494204297599
0.33968916818071515
0.3829886661101771
0.3058036336007133
0.28199740587528216
0.27433188473326114
0.4202155083078139
0.3893571458340834
0.2665082430446277
0.3712865516473242
0.3647851023722202
0.43158663591124724
0.40309059869521074
0.39180986289967484
0.37369232263035357
0.3413915303336554
0.33240152177011
0.3117789989494651
0.2530704339258777
0.3661118170828086
0.27291184047383404
0.43219224344516527
0.24167410043483367
0.34416895106971046
0.35362557721006493
0.2804761042654378
0.2962767990465621
0.3520615583557958
0.3379337570697802
0.17899244229530026
0.26367733187831777
0.3533600995986215
0.31751607445314517
0.2996774301020427
0.25523514827157895
0.37771119201223974
0.2962377164050207
0.35107326597027055
0.2390413914398433
0.37633718624844503
0.32723884937947817
0.3466385301028474
0.3812302780079771
0.46387900700565066
0.3599846086873153
0.36414407255983555
0.32833778361406
0.3591124428170596
0.3088933239458078
0.3162315678198221
0.2605614063037697
0.2853410754186599
0.3581273430420375
0.316722261922258
0.28718866483630107
0.2857323498904464
0.37463614886897034
0.31724822700181526
0.32164014625162907
0.3780413601165182
0.42924927659704787
0.41534820480984225
0.3962289693572882
0.2914777722888319
0.38066949291178953
0.3497855181143996
0.3740726313002555
0.28916882886377504
0.3926583577923613
0.3996387172579661
0.3276233337234571
0.35322457169120286
0.36222085592925457
0.332629252370609
0.3801505071056222
0.3438104483658199
0.3799565253799544
0.17282773272105922
0.35996917471330675
0.33025049335822004
0.3856917388514995
0.3629619464787304
0.30659145102874846
0.3327444261672343
0.3079679429585837
0.3035304339066402
0.31809252353655837
0.2734662149406716
0.4203014651221698
0.24737528245388346
0.31907259437429775
0.30699352358547605
0.3041749915774163
0.32825193196890307
0.30258160541486523
0.36353756786444585
0.24572258303934627
0.3173113181161506
0.31053425505153814
0.3521786467537433
0.35778451461146776
0.3301921405254338
0.3287953317346078
0.2903707010888519
0.37139447781828433
0.35372304193233
0.354417563817452
0.19598588591486316
0.34761108088662945
0.3647759365218325
0.39569446401129127
0.3328261598478651
0.33134031430637656
0.3108493220243001
0.28263583937228554
0.3470168077792187
0.2983160325113831
0.2973793197500521
0.3232118424664574
0.2902138609940014
0.2860979425816185
0.2981893278402896
0.28073315695989143
0.353217366461552
0.2455813106566835
0.3224416862873649
0.33991628392992795
0.2749644846152502
0.322753165258964
0.3706047304517584
0.3203478443598272
0.2603061234128419
0.34814751546122474
0.38956807953772565
0.365540210088421
0.29107861413982733
0.4032222197411849
0.3591429553770021
0.2718557755255146
0.28107776331129686
0.30694223235838697
0.3872385389715936
0.5023485127021703
0.39033812129113593
0.27057638960409464
0.31948339718456
0.4188921774645579
0.4299714506799188
0.3558588987252057
0.32395134503835005
0.36153780889901244
0.37282092472332684
0.2848497741827352
0.3392915086191523
0.3007238298799985
0.3045995721168503
0.2998841198511418
0.2960846300196319
0.29410202684538983
0.3438088095097842
0.3701287457529191
0.35609409052407476
0.28537162094704366
0.4024463373877072
0.33320627060095503
0.3512631612022849
0.186721776334438
0.33896900622240805
0.2971085595562122
0.37055434944697574
0.32726795527501346
0.3191059714656232
0.15813252178916087
0.22471783708736398
0.2807963534916969
0.3885121682317194
0.33368346014191
0.2804261222303208
0.3409665003437961
0.2757205321630261
0.3294025605583146
0.3221665872836796
0.3334529279768963
0.3473428413274009
0.3568248790323051
0.30517978467305373
0.3456285435882344
0.2631924998186536
0.3381009006781737
0.3445245864239475
0.3665529224166108
0.29192143909759216
0.31313220098240435
0.3382336988893263
0.3362940454796858
0.31756548748554847
0.285029454103372
0.366264394408991
0.27756718599432884
0.33273662590221204
0.2900161165282398
0.3446453236235278
0.3502577262058142
0.30283591575262203
0.3851698895637834
0.2875994848832153
0.32176095684664613
0.28969490088929495
0.33462913084259727
0.3064485499041395
0.3017546340429154
0.4196788371420087
0.32684784422463103
0.22423985169726088
0.3661365448989068
0.3420645637169595
0.34044208610209487
0.3294187585504676
0.4255628043357054
0.33466417657681535
0.38297174673996565
0.3732501318611265
0.3824264870639296
0.32102568771151
0.3473178472207516
0.45040305234368067
0.20284605314684084
0.35936146985848266
0.26940409182342595
0.3771885126296302
0.24865454333384204
0.2694441037567592
0.3310774543240683
0.3357237009474166
0.37551964437706353
0.3275565440929946
0.30766982893808914
0.26979534538918776
0.42059002008042795
0.2636042947178676
0.3429817979499188
0.34252195680978875
0.3518474778877085
0.22733756017837886
0.27718478261092966
0.4208385802877172
0.3632235153916002
0.33657320017345665
0.3192591555134743
0.2900558536439108
0.36811249520996875
0.30722529019086803
0.2849485925141775
0.32817480822983514
0.3682659267172969
0.33860097257954236
0.32480384302987725
0.3137253881589712
0.3025578455370274
0.31573374711453883
0.3874424047319908
0.24731664965337213
0.2981028208001584
0.2735734019155964
0.3205882236226595
0.37212083327209833
0.3883480053381427
0.35650379995436915
0.4082261504649187
0.4635333123230409
0.31370236280917424
0.35333202195237634
0.37378757323415723
0.31103533649806087
0.3069309654600948
0.34996307487473416
0.33184821246161367
0.2868050811452169
0.370837162464848
0.2994532833687201
0.36254430573118296
0.25930982952133924
0.40495126300521117
0.3245720372174895
0.31484388384842654
0.3060516733388632
0.3292799522442941
0.3467384978760154
0.2768989324667692
0.29000627063970785
0.2660296744055983
0.21762562362961338
0.2636176132795993
0.41667314124195437
0.3012896520189801
0.3382385493939384
0.37048164100575415
0.35361534956643365
0.2895772718285454
0.3258739608027593
0.32364193622836057
0.36375393956995394
0.25993481039441546
0.38605731922807796
0.26723733189469223
0.38835523099456515
0.36596382507760256
0.44010454564139695
0.27529722675896
0.33087256481137567
0.4111950958946409
0.389462395981181
0.37726988576604953
0.36489218412959706
0.43899191009922156
0.3146092846774812
0.268451675909882
0.3636464136676556
0.40171340564530955
0.25420521033095733
0.30294677409168214
0.3104613112939865
0.3526280464240259
0.38505986472825743
0.26886303913858
0.2784802640578088
0.36562453295059244
0.3381011864164466
0.310208844260818
0.25519945902252356
0.3780765358087028
0.2748567927232014
0.4042876873024398
0.3071273128832027
0.3792082971372169
0.3210787106613802
0.38734119699494957
0.3051093792768989
0.3563133058029155
0.32232771256674164
0.30978952314716973
0.30525597022520917
0.39172167352564924
0.32845780617814735
0.25750756162606486
0.291232033396154
0.350139834919751
0.2639053653690785
0.419390148566993
0.3056705147255877
0.4058242526569336
0.2914696773350945
0.31121573345595616
0.4739624407002136
0.390077323003629
0.3604579740562196
0.31362414704975555
0.3442370347161888
0.3822784744483226
0.3048200421135425
0.2925814116209208
0.23939008583363322
0.2448978201083669
0.2767115193484742
0.3479984206753461
0.2789832676648539
0.25660408292064696
0.3815410039659154
0.33373834802733876
0.3056356861539759
0.31048020282371974
0.3218355712558731
0.40103039419746445
0.27533864479808484
0.32516710242142227
0.2845704739274112
0.30045556928373396
0.274747492866247
0.3647996791494439
0.4536886565080975
0.27774883827831237
0.34793212721063604
0.3179274829667742
0.30332275174803186
0.32475626547975867
0.2733294864870939
0.38325975768956877
0.2933512169004624
0.3345459895002469
0.3112004770981125
0.3460799042880501
0.2856948334438166
0.43626608309084447
0.2780314555215758
0.290231442100392
0.22124605869973213
0.3576472216403644
0.43775766063952665
0.328259516995944
0.2604210320484403
0.35221417320466286
0.3204539273454981
0.2068691622936737
0.2756050459360268
0.30515185923046945
0.34174977070202345
0.2695405514013149
0.2701611153270982
0.34869146171532583
0.25327889797388187
0.37339310621133576
0.37657633310222816
0.33802163863068596
0.34226849063751513
0.3296916943224004
0.3592743715445019
0.2538730791407163
0.41338268562043806
0.3165624443980766
0.3786415960134855
0.35384665860767567
0.3160685057763311
0.3614736062171351
0.3189117938885862
0.32142181211363136
0.25818541917240295
0.2668240069032246
0.25607336263298586
0.3470705368227985
0.26818257568952225
0.2773371819208993
0.33881225430930006
0.3209170858694611
0.29038199978317625
0.2874039804938279
0.316965555276866
0.29000914724405874
0.3049161429094168
0.3445573304210258
0.40951784073648484
0.3470646460129737
0.41387435878138595
0.37765286618939264
0.29260550056377144
0.2451682637900161
0.2808969518363445
0.2729557396220292
0.2769915650063297
0.24441741316866972
0.32664194298182636
0.37226573973859184
0.4494809189286433
0.31758620461199316
0.4313223156164149
0.37320118105183336
0.32096644693128584
0.3169641667594027
0.26118530880480195
0.2772056927940825
0.35887306487810455
0.3566798281933244
0.2880657539065162
0.2544549092388856
0.34289103554434397
0.34773909173365203
0.3362926484287427
0.3396350455034016
0.3087623093674576
0.2960011201718335
0.31859650254925426
0.3094975649979416
0.21907578229044855
0.40768035361952654
0.20775466237545037
0.41123202479872395
0.32560707479270246
0.31216576511920097
0.26273130106040093
0.36752946917981455
0.41264543684261795
0.44373844327563783
0.28218684821763285
0.39995371730470947
0.27944006935484866
0.2804789944978177
0.2865651768238642
0.30650452696869307
0.3868722998567914
0.2525185873209087
0.30123769108570475
0.3531495084822573
0.2913512422392559
0.3363080912481481
0.31138863566929564
0.24395766906901445
0.35346805306235574
0.32543928232507074
0.3147725680641126
0.3367543208643158
0.37286999657670183
0.27309693486989794
0.36674483263535146
0.12665075869699907
0.3714711161369786
0.23043952771372186
0.31157468432093116
0.20197489960921772
0.2785543360192575
0.4552504579094287
0.25758628393500577
0.3193482565956542
0.2727058071021009
0.38682934285472187
0.27440354714739656
0.2699780891985949
0.2806335164371944
0.42428474434880525
0.29732763259545025
0.2586561159706204
0.22044007053662534
0.32267570337015966
0.346920510675208
0.3332108929125343
0.370459301499505
0.26360071289682857
0.2914067701041521
0.34823667134770725
0.2951582539855704
0.321320733103521
0.3703554266549091
0.30424299457238135
0.3530153756178017
0.33873704995546655
0.28695572943046393
0.3250904065957226
0.3895593422470178
0.36894362158222377
0.22041031941955624
0.456578189524608
0.2945704674309985
0.3112579687644813
0.24941296442794708
0.2750682609711129
0.4062148611994604
0.2739786453973919
0.35806409606256817
0.3745929351227796
0.2831918603711308
0.24912807059419106
0.24559090631611213
0.3131395095681953
0.30397107404381063
0.2685504086991627
0.3324378267947906
0.33397265968372697
0.3751544684038628
0.39685617233744275
0.3578732238792111
0.3059652351714298
0.33842822901676745
0.2858471566844744
0.36325257932119326
0.29526173434093
0.3020392191870344
0.2915267098778085
0.2678522615467365
0.2623701493602976
0.26470627660146095
0.2772508339609582
0.5079207786231221
0.33520148948795736
0.352673692775761
0.3441199126972155
0.33838522561201556
0.20385468778557517
0.3034105179206974
0.3273133480696008
0.37350601964563
0.35588989088350825
0.3473577178361762
0.29577763959356235
0.3305075675489604
0.2624952042393236
0.2928755167385392
0.3127188538399348
0.2884731935279528
0.21637423343485152
0.37825111760840757
0.3506679419377296
0.2841213654976506
0.3139193919521344
0.3248021983201764
0.40776005977559066
0.3855180003603397
0.33862702692110613
0.3650866060540996
0.29900804252885155
0.3642640444809695
0.34412284450184005
0.32456001532357726
0.27337504573848376
0.27873206843135434
0.3781770916955608
0.25828413458970173
0.41422791120500985
0.30814011073933345
0.3709506159883205
0.3039951115069934
0.314081380732402
0.3656516996460046
0.2803548967668867
0.30525422299409716
0.32729025472571627
0.32617956545331406
0.32261810094684495
0.3205341330856995
0.2204600336220476
0.33612949255160435
0.30248283826052363
0.28155032487816944
0.30221716125394676
0.3919939329604141
0.36521482176726483
0.3390323863351481
0.29984737428107217
0.44338079568018096
0.3460237988870528
0.30603712180617537
0.37567250849928363
0.33238405155388506
0.2715507888177663
0.29301239508225585
0.38804525346844826
0.21796240317448692
0.2837686488969497
0.29504859571930814
0.28771868708038306
0.2707155616271542
0.26306889430632996
0.3083311492037416
0.4214044896878865
0.30657264169443466
0.2393207274634413
0.24749458641269861
0.28856475988552976
0.32681904736307366
0.3399091580056716
0.3828266681901505
0.4514924377947368
0.2886718020155311
0.37679780128076173
0.3330616762991766
0.32397120357988934
0.3162998954089625
0.2986663988487572
0.34517687076738257
0.3509097983426123
0.2939281337866525
0.3357913134937176
0.4333642255480684
0.3202702940044132
0.35029266655674673
0.2989116151981903
0.32502598966850077
0.26862908541099156
0.3306150295198618
0.29649813315208207
0.34827798005225485
0.2770059172451234
0.31630594910371734
0.31720373840208455
0.3810142643982153
0.3594714659357917
0.4529443183476791
0.29913599822032033
0.39320935461182865
0.382961503406324
0.3621574270829639
0.3259570436231121
0.2900775835769453
0.3542525165823998
0.3261669413996958
0.29133757315984304
0.3074220312937366
0.26079767919173463
0.3286228778994501
0.29736710817989165
0.311353379887922
0.27920603660078597
0.38473457794369514
0.3310366214523376
0.3635437373764321
0.24321682479716097
0.2927128599880491
0.27591819501293835
0.29944954957819886
0.3523716185806393
0.3542545681188928
0.3167500917400427
0.3382857036036603
0.33968813752447685
0.35069953398197484
0.24100383284208127
0.3751883930611367
0.3311145946601892
0.33651269673252265
0.30729861330903857
0.3244747801506921
0.35608433147148344
0.3171825742940625
0.26434329741750523
0.33494407800206005
0.3665160350797391
0.3184109046625748
0.2612661773497598
0.38047990796816555
0.32223195378701786
0.28811154552972856
0.28517640460218147
0.22683570832933272
0.29691263443670435
0.31949592502822244
0.3689362714570888
0.28164213577903535
0.3612097259449386
0.25653516769052587
0.27583369107479927
0.386236995422746
0.2803668327396708
0.23038780536064235
0.40237747138901653
0.28176344795039654
0.3722401106996795
0.2726088472886123
0.28157568209665096
0.25882757245579724
0.4084754135516018
0.2932104938022991
0.30504576304387454
0.4036766164382413
0.4315797966489694
0.3676192368812058
0.2933547596071343
0.39704774493680534
0.4137605322109165
0.33960651127992963
0.39785451885615425
0.35091002662547716
0.3267970923286754
0.2769939961057617
0.26917183547117746
0.2883695240976863
0.3464717488724905
0.26036188193884174
0.3315433123831681
0.2930333545230324
0.27667793534049806
0.28229403842780887
0.25960760062743843
0.2659844805759249
0.40537130248554964
0.2619792666110052
0.33666048878814175
0.4265502804232825
0.23888637446182842
0.2943290689514296
0.3631950808700183
0.2849344484390495
0.3207979248258038
0.3009475139176639
0.3164218212400137
0.38535459364651153
0.35330096803523003
0.30535034987716025
0.3114355852119775
0.27713847612200915
0.2951233688758776
0.38145241398948726
0.3037247703391634
0.3281375771395272
0.35112554973917437
0.1912988015143122
0.27598527414234825
0.3061884250770036
0.35180981152638235
0.3358092924745406
0.28309208556443655
0.38190795808576794
0.30226733760309005
0.3103736575319886
0.37768489761086405
0.32309659521970174
0.3765242323036736
0.28468437727904133
0.2782495134980337
0.41904853157952476
0.2771524166938561
0.2753343232227511
0.37758064551778053
0.3713545130978011
0.34075333617148906
0.2911135643556458
0.3079612842441485
0.31115373625526555
0.33404436786427116
0.3443927124774802
0.3666092529403881
0.3191860417644094
0.28857206578805283
0.38733360159996855
0.2175109185204275
0.3306416933402411
0.3454181353310553
0.287515991248557
0.39600806968525926
0.380014551958409
0.3325498250864236
0.3418665384291644
0.35323742034838423
0.372215641598332
0.30254023787049444
0.4279991405463658
0.34211116078921
0.2956266031858094
0.32974770513006907
0.3264077984777533
0.4796039460599556
0.29592350132911927
0.2657035466682722
0.2688131064589692
0.29653120848547565
0.3236342821188261
0.3670147955897707
0.3916696896000113
0.3310388874646533
0.3004311812930139
0.24289594349181964
0.3069328812580443
0.2810989624490876
0.32332781053740073
0.3999734160221792
0.29460720424067716
0.327950800369668
0.27971755343225035
0.35674714128286805
0.3660170021973006
0.2857347701065014
0.3128310154837957
0.3385787825594814
0.314368450388216
0.29708474444706495
0.31583799348555597
0.38891774624300535
0.3232972963197747
0.2812835532064128
0.30334893552996256
0.3039215776559358
0.31527228809407193
0.28924712176427314
0.34313665421234774
0.24783701138443273
0.3718929046076269
0.27846656776931505
0.2925188531611367
0.35074556333291573
0.3790518505264628
0.33399047645538554
0.34124369995805015
0.3377135609055262
0.3879305977929678
0.32065038382223243
0.26134238836668616
0.37744443559446755
0.30098896672322517
0.29559158786372414
0.35939291801796563
0.354660201422667
0.27489437059073385
0.28746362305076206
0.33612036934499345
0.4243178436465688
0.34579949729387355
0.4834653352279431
0.4004917433509662
0.31473010073741964
0.3061292201379521
0.39087794571740114
0.3300393056220823
0.2880006760651234
0.29779284233276115
0.27450694305634726
0.19458191795046495
0.29769954033612317
0.31346053698952236
0.3511928905985648
0.35422445715276524
0.3647373363913352
0.27122628447783736
0.3222334120017322
0.2643462845618783
0.25212666154378116
0.3641646449198018
0.37333023992944314
0.2921808612643183
0.3149987242692876
0.35687294290785043
0.4157366662949188
0.326880871992417
0.31744807402613767
0.3202407274116079
0.3154120469240975
0.2895119900235722
0.3034262728491385
0.29708635857683563
0.39451719055885304
0.39282201619723045
0.3979199515477526
0.3864070304693751
0.3004658103902595
0.2529131556452372
0.36820365557090307
0.30606744883886183
0.3757356415043871
0.3269925481836799
0.38661953503724894
0.30818981853461497
0.287584672482727
0.5226009291346344
0.26453414824368254
0.2988092890591111
0.36342731877002704
0.32316237568813433
0.3064326810172585
0.29323927259950827
0.2980506716385821
0.2864284328090629
0.37101047010674515
0.4631031822116432
0.2794480030529373
0.36301190085676655
0.33259366865011397
0.34232344390720804
0.3940590832338363
0.2871894953973546
0.3033256809394913
0.3163456117118052
0.41353263709025323
0.2833401728253865
0.331459414295601
0.3475885260347583
0.27703018653473077
0.34496298039216533
0.302773090390716
0.3581975797775142
0.3783185624882343
0.3083532179285422
0.2697559981905422
0.29680363108326885
0.3844562337957802
0.27200812308154626
0.31816110911980094
0.1915667773732479
0.32528340201585565
0.3097508209536695
0.3111501390812683
0.5180174233700576
0.29921169436577644
0.34834323189851185
0.41825460332251363
0.2822710243240892
0.2984842576449062
0.27783226268597006
0.284575293156032
0.3603985856209824
0.3711966269929254
0.31503777801919697
0.30644165214585095
0.5136116456226716
0.3380219918259348
0.32065986527516877
0.30215999015900097
0.30462464555713764
0.4049960660870311
0.34201024318308937
0.4075881188226226
0.30593286803920355
0.2579753642523534
0.3169842498175409
0.2861497205797828
0.30674822153314607
0.4001161014444619
0.3748745948955227
0.31884003771003344
0.327379663788903
0.3148610594979547
0.2864819670369655
0.21005328157596323
0.3387297373084752
0.37022143370539523
0.43007433694025754
0.32549622304864445
0.3152265430542878
0.3156672251933477
0.29165633097118615
0.3009762341098454
0.33867160485149617
0.37220702818091295
0.33411925383098734
0.3661269531868718
0.45987937349963326
0.2424243247980512
0.3363173733293928
0.39260647347111854
0.3289870921745705
0.42891804617678675
0.25456300860866976
0.3310887434803672
0.3677103832021846
0.29029070881995767
0.39503422083382184
0.30914191542272984
0.2946857587194135
0.278029547315005
0.3207587793119898
0.43946167778201106
0.27131162092805106
0.28927787022470997
0.2653523630883214
0.3988295480239636
0.2383501641576187
0.3023701716586491
0.26122754424353195
0.2731688038139543
0.31314272428729584
0.33050431584830525
