0.36349186485242385
0.4378387056011443
0.3652895454152177
0.3361111567496807
0.20044408952363063
0.43134332427488986
0.28877776338241473
0.38681128301057227
0.4015320290430789
0.3584906004167167
0.23665324491659323
0.272252032888251
0.33701376440653863
0.2725917901795044
0.2797417348241585
0.30925528734748814
0.21459894848161104
0.2642540484924223
0.33437000320789745
0.31832764457948204
0.28437534030854095
0.3424487770441905
0.30213157556262155
0.39011716547227937
0.377812562508594
0.3298720146196565
0.29107058523306567
0.3689848052210238
0.3010488252263143
0.3746984941999904
0.3289052786740552
0.4490130758132359
0.44295138307902615
0.45296561737661006
0.2756061981661465
0.3166485525537257
0.29898358269318576
0.32452783360756154
0.37342236671073165
0.299335598120776
0.304191103265185
0.24337622211994953
0.25821123800796925
0.30833388356627234
0.3344188333087319
0.305684781119961
0.31118712445961627
0.277440783664277
0.33383824921233396
0.3684891201117455
0.3198807659234201
0.30907995894774215
0.35955570815317
0.2552531816291875
0.3437966353684594
0.32009842947776374
0.3291858049093396
0.3219603143089752
0.3436908134497815
0.3538628511850643
0.3058491334471392
0.40565115597191437
0.3764449533067449
0.32741200365920936
0.32760210856377214
0.3072492418643869
0.2710143260698086
0.30256938164838854
0.29744824949903415
0.27697488586525476
0.37450001509872105
0.3353834370347825
0.26641183616321906
0.35737695076870934
0.2758579796621269
0.29546449680411513
0.25436251298773693
0.24401961711839854
0.23707051310549462
0.41641503531040935
0.3680655479306828
0.30998040488505063
0.4077341527639282
0.3436073819845616
0.3238309759160309
0.5028972946398691
0.3767147891004565
0.27099861051966806
0.2553885339156599
0.28921855971725885
0.282349593673478
0.37729396649250674
0.25795007120593155
0.32251069454236164
0.3020831761651966
0.2739686798239921
0.29962776465970625
0.34148855151095986
0.2610230892742589
0.3362249049869276
0.27097015426601717
0.2439984134480319
0.40382725281306636
0.3021922058044556
0.3169535562818122
0.3771769298962721
0.34101672334228955
0.27120976953653136
0.3145673020063978
0.3277342248147427
0.3631987858231112
0.29117007499615805
0.28802223598526666
0.30155134739159195
0.3174478263269121
0.3168780477384439
0.2231057194247235
0.30874823740749024
0.3042683272308675
0.3375342398722413
0.30595159403868066
0.2522504761044952
0.3303274229671528
0.2601127130683466
0.3661647307033824
0.3856077124565558
0.33075459915668043
0.2978234720126905
0.31367074327480154
0.38413354466702604
0.31198232368431317
0.329576755772976
0.2860757221810529
0.2925109382328607
0.37390156133382746
0.3504960011401533
0.2786897369151893
0.2739188655851309
0.1787315566695631
0.3870398840545029
0.4799083763761536
0.31918803026036946
0.3485570356174196
0.3053593720765722
0.28531543241585827
0.33472875075110253
0.30716988123441896
0.2742417471339554
0.45609239895689246
0.3764344695345992
0.41672069104461834
0.2798646647339174
0.42474606854435115
0.28942748380912436
0.36592071939994836
0.22020403439844588
0.40015989946640557
0.33241609965237695
0.32767152720783627
0.45271930964140944
0.27778867548647035
0.25893166209273766
0.4020521585578136
0.364396716189516
0.32482177112003496
0.38135758764589067
0.2789832538692967
0.32447451358356905
0.3476052493336572
0.21688464965600776
0.3192862767143515
0.2951772067028355
0.35695536976902076
0.3389082958385574
0.38894879648716074
0.29799561836857924
0.3317639329358021
0.4077759763180638
0.34611121315085885
0.38685682875980704
0.32866430079906805
0.3954823802758597
0.2912401692706998
0.3162234479055071
0.2941462574519611
0.3284552975459879
0.2953465860730552
0.27529325716300507
0.3450989472445644
0.38801787229274526
0.3985350655563781
0.3699324421212025
0.37017472271518936
0.3734999099772162
0.29689376406516055
0.38186925894705315
0.3396469443928237
0.34191526900504327
0.3017945755407823
0.3131517044230075
0.38831026116065703
0.3344171196352203
0.4749278868276677
0.3550022121647091
0.3831952237811176
0.34071351411084005
0.34336092971511906
0.3198470527394069
0.35873561945827553
0.30755249486974645
0.37134547113957367
0.3081189076071366
0.35238132564849245
0.22748465781719165
0.36129298221642836
0.36936084312668815
0.3743533819883485
0.3210767900619957
0.27048167425396824
0.36717315171544596
0.30155558633193974
0.41815760955137177
0.2558421626568492
0.2880975914977139
0.3199633226023687
0.3196939235189052
0.221192870426083
0.2652370626785325
0.37304160835394035
0.38443976266660407
0.301425552066231
0.4173553999140586
0.3422902750435653
0.3313117808957804
0.3100535412868895
0.38762652641927875
0.3284985995691345
0.30171894959972156
0.2890362353239338
0.35323584389971363
0.38155317610906203
0.3294289424070968
0.2730353252287349
0.3089803750934174
0.23237593648643395
0.27626018732707225
0.30438407717610233
0.23489399840108718
0.3204582179235902
0.2924869496130557
0.38306186475529513
0.3031325027612598
0.3660348153872714
0.357035355803662
0.2707632324321809
0.2601070567709678
0.18265557998167584
0.3204788248163685
0.3065336265057803
0.29480363523611197
0.2934632097974032
0.24279201065739572
0.299107026086386
0.38464053002405607
0.28778614370156325
0.3856512801901761
0.3274809398598682
0.3871568225825806
0.29870818631829854
0.32283572478104067
0.36761834333583887
0.3143339252328443
0.37613510408290396
0.26654005488752774
0.3409473547067131
0.3253493627756375
0.27281061854957245
0.22367849382718683
0.2581305340406799
0.41101043192509146
0.38074741080849844
0.37428670443807677
0.28347307417763407
0.2631056819701561
0.37669284827481425
0.39827650830554717
0.3072956876168069
0.4132819201076223
0.2753529645302779
0.2577113673922548
0.33676099967831125
0.2596137326640775
0.30246330654875864
0.28863741819263533
0.3030473435561093
0.3009503299361721
0.34829728403849286
0.38313556459074755
0.33070389919961046
0.2760687325560055
0.2989780891493133
0.37104070922420673
0.3768600494194459
0.19160850556779643
0.2561815003040703
0.3384371464105942
0.3236925624252717
0.2085116236003671
0.3284391288481271
0.27197749782015707
0.3670666809327771
0.3128956659314804
0.2947787316292655
0.3616107541636368
0.37384722277757054
0.33040275154782844
0.33247244081261196
0.3247218528428612
0.3124608051146188
0.3250103070753065
0.34358927825238056
0.36744497623552197
0.3955866972445169
0.3230821686781273
0.25668265892435976
0.31622613616505185
0.3286024408846001
0.2949546756053805
0.29234626884643017
0.3839282894370333
0.518415904696707
0.3261839172563608
0.31602843876956893
0.28322540132202656
0.4255891480551285
0.21732724772363152
0.306369765440349
0.3107102152651687
0.36304922711382276
0.30122122266791
0.4271839393860818
0.38687421605052524
0.3737876295970681
0.27028176315876956
0.32008357669008164
0.38003651280095285
0.3572278610814382
0.3318215682608612
0.32751326923584856
0.38985122160968233
0.3368603112704335
0.29049091209731626
0.33636465985028013
0.21059686153945836
0.28225145770401644
0.3207964535792363
0.24729893372990544
0.26929289198085393
0.3028211052959736
0.29342745673135895
0.31657911732064414
0.3595301090570392
0.2807047972082966
0.30599111726408185
0.35693922314043247
0.3043271734405193
0.25478799061730134
0.3236539463132986
0.31008209910494977
0.28562729105095747
0.30024303606210206
0.2629386345648313
0.36838154777637144
0.31510030063059585
0.336303276502493
0.29403419291062416
0.2972670126112535
0.3079723534416641
0.31177583028772765
0.3540127821803192
0.25894575405094306
0.32422463880293
0.4426525024817851
0.3342994498902883
0.3861749741039819
0.3355583862932866
0.3176569213748972
0.2100637772353341
0.3431113357365064
0.33131349994063897
0.4495038575746306
0.3178175943880351
0.26660392513148157
0.23414708668936504
0.3508228529419439
0.3347102847750105
0.285606512194274
0.3722709548214698
0.23863925340989878
0.3541382395696833
0.32242424128111025
0.18539711205456913
0.25132635045922763
0.3105654547271205
0.3909266928115404
0.3377606336909052
0.24735475416543407
0.2761226456938303
0.40695838995548933
0.331651401847203
0.20275309219772295
0.2593052080204011
0.30425097056093325
0.25101889422939017
0.3339234188669731
0.3488098733928163
0.3577328923987491
0.2504250814006554
0.37940529791385846
0.3575267409648564
0.2587188456263505
0.33655324510988244
0.3422724855301175
0.417647098153078
0.31098702753220636
0.34618813715412705
0.15435936074815032
0.28709334047966845
0.2730682219782202
0.32244121566459755
0.3348873144485675
0.336880643883295
0.4477406516328863
0.30679051920216255
0.3260054469100846
0.3187458696600146
0.397459726611965
0.3650634877199885
0.3946940181558669
0.2586861482435268
0.3394500901446911
0.3124956476613019
0.29493657925040245
0.2946746524523135
0.3685797288333108
0.36644031185213527
0.2686576319237859
0.29239019792190635
0.32027738649278586
0.3148168318592721
0.29083883814489836
0.25427478807711085
0.30440975012161137
0.33560373556805984
0.26576895757838037
0.3790381282402006
0.32989554289558254
0.31303845748904946
0.2757739572326255
0.37874880774927955
0.3441601360882004
0.2990561248526008
0.28748718852647825
0.27825847945729254
0.260905217983801
0.3714701956815671
0.2741120095034715
0.3127509378493612
0.34454606209606403
0.3284690834368658
0.3610145350171256
0.38424749266640307
0.3572239542758463
0.3580395545522923
0.28275887514058506
0.3641696359819894
0.36887943228565795
0.3251690407872252
0.18934879048747794
0.2854013833397363
0.27355388046531737
0.3639990408281268
0.31669567769257845
0.2704012493623033
0.35380907187905275
0.4046891067343344
0.2510893206653137
0.2669628807634269
0.4297124088818339
0.34759685649492206
0.2897499495152001
0.2975559150059371
0.3250118871242417
0.3485825816232579
0.2513608306857961
0.25679697351130526
0.3995325210953736
0.2911574676441471
0.374409834578204
0.2050732769797992
0.3476313424019526
0.3304454926426659
0.3351567262086483
0.2962379903137437
0.41905239686367646
0.3688769425661544
0.23703073617489656
0.2452348043842555
0.33066840663829433
0.39800925438163653
0.27440512183011023
0.28148229326655183
0.29302733605124154
0.37743885138247546
0.12152049748531069
0.3490708046949558
0.28506218765116526
0.3034564575724755
0.3541351930881194
0.2678049929279324
0.4234184495045779
0.3138666657697454
0.19993881805942837
0.2649686825754759
0.2797693861316194
0.2902259911559945
0.36320865957572446
0.30534682981907985
0.29736450178914703
0.35812204705718675
0.34543772676659285
0.2453966584632527
0.2773109398496086
0.34629436734933067
0.3208007310606502
0.3677687853231191
0.24888219405572584
0.28705906339331966
0.325076480405649
0.2990646951889673
0.2754430548959667
0.27094652478733106
0.24748819340135417
0.3741414895999689
0.3447907750289129
0.3131060434560909
0.26908376892434693
0.25876324501274195
0.3835924741953911
0.28723301014605307
0.29163642397480494
0.36542549217988646
0.31726417522230177
0.30254148591127655
0.29728680939761154
0.25467880358044626
0.3337732983057045
0.24020088070622217
0.3009217326024794
0.32788575370507533
0.3268276885621901
0.22814210893945439
0.2701140071083155
0.24074456581017828
0.33532828300331025
0.36724159267779166
0.3783378386767113
0.38713677225985454
0.27139413481253144
0.3378952872460786
0.4095598320755031
0.3136428300897585
0.4105542069370499
0.2723450780409994
0.29643402511600137
0.32612705812752796
0.3936411900523776
0.27512248908467807
0.3249558851981495
0.3878096653964691
0.3155799230466496
0.29390573866282294
0.27470345866821855
0.2867334368133289
0.30153261066772485
0.2686590981922362
0.23728470887152053
0.3312003006022502
0.3959988520370243
0.31592225896933446
0.2951614721694333
0.2706500970768644
0.37000491613324743
0.26525078552166514
0.35165935457223835
0.33605613718761507
0.30477420922665804
0.35008479203959586
0.418305778847755
0.3269746765049226
0.30354743958813707
0.27562579931309567
0.37932706311038406
0.30284482619137754
0.40846591517290237
0.3271619149154612
0.23827374041517285
0.33621672260689744
0.38785933715145576
0.2907629202994255
0.2830673827044402
0.36048329371198035
0.3609720533969604
0.3688499256352232
0.3320971740220774
0.19253329183470483
0.3217153434074719
0.323321596246803
0.2845393716171993
0.28474524193072626
0.40346874597065824
0.3756879355753954
0.35582349847490713
0.34462596303588766
0.27040054754543585
0.2738723726457719
0.2959051403324271
0.31064013741239105
0.41414140668308536
0.29745177034575776
0.38578183110247916
0.2835144295905208
0.30767338977591235
0.3202783188152294
0.21972862739950222
0.27372704597126785
0.3237476274042609
0.32045381206374
0.31892047105522364
0.3709263999467747
0.2756623581822676
0.3291959488530344
0.24136336139881
0.32530601655489855
0.2787477238992245
0.3672718122490451
0.3218920195853409
0.3081997784779867
0.38784227406111976
0.2794556450252183
0.3014707558546676
0.45990274369812173
0.3162217416372516
0.30458973734510886
0.34485524685056096
0.36390032673555606
0.39655435904868186
0.3333413841930692
0.36798439187673837
0.2870533641121949
0.2439053987092135
0.38206073595805307
0.3086951842852749
0.34886184565191886
0.26399746939123875
0.24795200619971772
0.3028963829751716
0.38213684150061267
0.43193166324882076
0.2935899437342256
0.25807688531221784
0.23605784128096555
0.30956021111396154
0.3950191959535612
0.28985090510600353
0.30879557072716807
0.32926752950440885
0.2595467174327559
0.41355642150916344
0.2707406546438006
0.4385727904719366
0.3606305234751361
0.31363745484611527
0.3010485820054709
0.34581978016076664
0.2566243821279454
0.2725123025110321
0.276575001100583
0.38936306891045214
0.44416406614789505
0.29367791898554485
0.31704333862467526
0.3116132366029178
0.37182456002882175
0.3425620661360735
0.3427382644888949
0.2886444796415849
0.39750542939340444
0.347367136914716
0.36366519946979786
0.36889333944137387
0.3219840731684598
0.3503485749300037
0.26341695148033534
0.30833424325965936
0.36066526618215
0.30429856351882845
0.2728403111220467
0.3919813907964427
0.3442658798185977
0.2747280596030115
0.3036354758361714
0.4112675144096193
0.2579800353679636
0.3818570994379986
0.35767867771772127
0.35626173972298214
0.24358730030130563
0.33553207128092716
0.3900416306545022
0.21464141203317888
0.2388249550348365
0.29369025511066094
0.2514613825415737
0.5063748945883899
0.29876824444736394
0.4619565604379737
0.35790171268914245
0.26370948096317154
0.31914030166507024
0.34566855411176517
0.29182847907139736
0.33093191053333615
0.3819818400779097
0.2639847584456078
0.43086247366594377
0.35074350417460004
0.34591649330402746
0.4976347096438242
0.27931107549313083
0.3759090946419849
0.2893018013196594
0.30953622684081855
0.35826884427521477
0.34724298275345167
0.4464146232728392
0.3771880129291536
0.30223041060476197
0.323279975539185
0.29457398017277947
0.2900506666857933
0.3048966814095401
0.342832783262636
0.28585492254276335
0.3496986731829461
0.2926703822954507
0.38218717450394324
0.4002121798362204
0.31044026281848586
0.4147508159900826
0.3998831455007889
0.29730683161821786
0.40105162322105414
0.30066176855767607
0.23360424978899882
0.38618699293113223
0.2758019982573173
0.2760402996846248
0.3398274605890264
0.29517258757636583
0.26666833429549264
0.3218927741654272
0.3400619080293626
0.27917092278855066
0.5056539637448261
0.3355837490289395
0.29983672753414725
0.42118641804463597
0.34822960978362294
0.2981884533490172
0.3445388467043169
0.37589780918145127
0.30189524793906614
0.3350503224876883
0.34608119810359544
0.3590578778224667
0.3319269364253329
0.2612340922482707
0.2575579709684935
0.2937116093515584
0.3165105836080378
0.2829962946356716
0.3158494394045798
0.30556576515757183
0.2862184881262224
0.3736578207490947
0.3192053176858173
0.3177910920441178
0.33213752870327673
0.3548077096872508
0.32803229757969227
0.2901493634266613
0.17012822489730065
0.304257081192107
0.3531767466212094
0.30167990922148313
0.3390308475230745
0.27796799585582316
0.3422462148022281
0.34825873127678236
0.392815949112516
0.3932115182114346
0.3100918113147257
0.3183690352319432
0.30644071393962374
0.28651596460213485
0.3515312242580698
0.2545031073887428
0.32040980887124126
0.3284202336827051
0.3569160854673375
0.2555023352043451
0.33497225829482896
0.38254981056796394
0.42949327495468437
0.3036316107465724
0.3610628045341634
0.33993100574134477
0.353253720445614
0.32774522093722847
0.3580298090991879
0.36895919194841365
0.2744078350677634
0.2715140625310925
0.323359817098595
0.33122683631780736
0.2778465131712025
0.31018590514579947
0.3439094282952696
0.28890540066308296
0.29978074522642045
0.303800520696731
0.3113510350012793
0.45737096595653115
0.27532948050793504
0.29086638656434943
0.35089044599431896
0.3470245888663949
0.3219512052788705
0.27437911756005423
0.3061879394789103
0.2897889560380569
0.3230289755357386
0.24396369286899475
0.415805033210004
0.34021725178728657
0.29038889721604133
0.2505579927197358
0.38363479640344206
0.34153586170311667
0.26011443324778727
0.36209291033309116
0.3527809961559652
0.2733141840984234
0.3277175940199991
0.29593422658760216
0.3516302297810923
0.3374471638755476
0.3338303916821472
0.3230261229425379
0.29374113703462057
0.23756248066458022
0.28280549978452774
0.23032371035425736
0.3185804754275155
0.35675371399139993
0.33145043237322735
0.30659102032962154
0.23845609497456974
0.2882794952895438
0.31515976926741146
0.37237510796346446
0.3131496887934722
0.406426906306744
0.37155503445021704
0.2742649100135055
0.33903733861842694
0.2660870869278853
0.3906392099345934
0.28496594326830016
0.28539970657270325
0.35990994391596415
0.2599597674557491
0.35399865975048905
0.2912044479572965
0.36358839827360057
0.3828341482854743
0.3722883038738628
0.2839516961790891
0.3081140302237542
0.5211811436390024
0.2758281503831786
0.2510740325995213
0.3449074419034722
0.4361758957652543
0.3186094357891628
0.34265852380316714
0.3844528187509364
0.35844923365976217
0.3494734495599171
0.2963624957277944
0.30847630097762857
0.28925452845841315
0.3447623750886047
0.2850297178777169
0.2666454617646215
0.29418438388010487
0.3535403784335964
0.35828820895457725
0.3631971822253513
0.31839348130270784
0.3923486302017967
0.3513069214987
0.3112794279700979
0.3661098142502092
0.29775506655295664
0.41366772226635357
0.26677508374526826
0.2871959743174572
0.3099116158500186
0.3579559091228558
0.3648367747216171
0.2660748089105368
0.38590997101383273
0.26841147050190034
0.3835303291595856
0.30811450613600955
0.3694492278440379
0.3694377682648222
0.43496836315858906
0.2612332252814709
0.37653975855764743
0.3670103175528745
0.29223076088086375
0.30426316019192107
0.34602189750387646
0.3263429360537441
0.316794103398798
0.30302480004500976
0.29622451822610635
0.2972829594713727
0.3122825993818195
0.2604303803319354
0.3528883030903941
0.24284172940946464
0.32456277197188294
0.300943324241422
0.36620101762795265
0.3149925791454498
0.3203565612340187
0.3882869186714056
0.318839145594684
0.37669057586459964
0.2664563141846605
0.314023306376091
0.3392781609236595
0.3149244661650707
0.2973195350845026
0.36346791222673613
0.25574713318929226
0.2955317964884077
0.34013314087092567
0.3346348728833546
0.3281267674071731
0.3162751406333154
0.2409842045390852
0.4310276368377181
0.3149855100473461
0.3597297840198571
0.36368854739967593
0.2596246307599501
0.43080205053333076
0.3111286689146004
0.3330402189494557
0.35562313514028354
0.2658000295566148
0.2870547024456966
0.2926841138153709
0.30316953841016825
0.3324213332482884
0.2879226499393159
0.33087293035313925
0.25521164563283527
0.33237445440051916
0.2688952318837978
0.3142070139313885
0.354448663936175
0.3406201274806675
0.39964435360841705
0.3388546841491637
0.39144542770002644
0.3165901645651451
0.26833115567480015
0.31616294616219764
0.3161646658414302
0.4311756654580685
0.42084240054889105
0.41853740934440953
0.29441142311984775
0.22197153698528257
0.31704854643539027
0.3201672437507516
0.37389317135739264
0.3216109957081579
0.3127679441802378
0.297918712238807
0.3287675255473469
0.33338453927369033
0.2586480644276549
0.31646639422591366
0.29670927986483586
0.21665218615146623
0.3929726666989928
0.3740945979629074
0.26881755449933803
0.1953674558735498
0.32912376970687146
0.27648736688838027
0.33310743634180884
0.3954865545150441
0.2918172821081066
0.4785823046610978
0.37946013558996544
0.33663212969516515
0.3686420620262039
0.29980469336378274
0.29280670506123696
0.28339159173922807
0.37703620037866376
0.3243916618720956
0.28449584271730394
0.3425064048734188
0.28583143355387824
0.3720595762816146
0.3282815989435687
0.3294792455696137
0.3317697274798957
0.32575541873003117
0.34945295723143677
0.370966024450967
0.35254020114432594
0.3240236851987475
0.2788437926774245
0.2698239819353186
0.31409517991271624
0.27129554506836023
0.3282042795696051
0.3795309712403597
0.3618898073819994
0.272662214262019
0.29078438782488214
0.4203027910735656
0.3972481655220725
0.3380299048457261
0.26191378251024927
0.35518013161320455
0.31569073212006293
0.2862451145891466
0.32305656580154496
0.39749855466485723
0.28688282037901514
0.22238247663852112
0.2591611939075073
0.25087420200057525
0.30944915403636547
0.33520037119239804
0.4237413456847709
0.3060901201955892
0.30151696647644305
0.38105130523206016
0.30462602607073885
0.37350516645989784
0.22734606778980684
0.29828629162566145
0.31089629949336695
0.28919479394570025
0.2735505615552128
0.2768858169332528
0.2703872139681174
0.3426917079600123
0.36742002057778667
0.37825558284211414
0.3306910888089901
0.39023870034151686
0.2753900028878415
0.26862493613874333
0.29280796503580114
0.20074618858352763
0.4058703969881489
0.3085668816296285
0.32059206401640594
0.3290681326531372
0.30288419941472294
0.3452858173494293
0.3281800673331391
0.33601080933073674
0.3726842712497256
0.3213123911480872
0.360955444558035
0.34451924533575645
0.3603782694787244
0.3111890026323359
0.4017063970650354
0.3861879189511309
0.429327524419683
0.3430760936521336
0.28043672867408703
0.3179301736599897
0.360560053114544
0.26499780777619625
0.3645852113732245
0.29910478364705984
0.2899005365197071
0.29811894398429944
0.2547679742037491
0.276480106374644
0.412887054388504
0.26722625433726965
0.39998295825547797
0.40283056586352134
0.423619536996613
0.33923310865890377
0.24574441369083175
0.31915594147937737
0.29588862529587084
0.30179531579103913
0.4286743729952343
0.35281963947459
0.30396103060305296
0.29258750277043716
0.3222173037010976
0.3636592027035298
0.3939527264507503
0.2194831115834506
0.336345381604016
0.2778443182730786
0.39151737565439126
0.3433141128852226
0.33011168165357385
0.39453918351063183
0.38699054031350333
0.2776527427928136
0.38156138761210373
0.3205524771878678
0.35157443510796055
0.2807482623020941
0.3750191321650082
0.34858723642304257
0.31001162702611335
0.3256095586467336
0.32046933679362066
0.2977942561278243
0.2266447854353914
0.32622547514465267
0.28833867943443897
0.28275134025285364
0.2834642854143205
0.3786245860122761
0.3112027907329076
0.32818001231423793
0.40462534885136037
0.33711167659331787
0.3573899250917369
0.21433628175645805
0.2582171199189265
0.2934565948155559
0.4243364240832963
0.30150770590063347
0.20323399939532485
0.2926838406433966
0.27861571204821084
0.2852153787870487
0.2998917995841352
0.3024802598346332
0.3500649875340741
0.37406603264826893
0.2682520574712528
0.4272323757115946
0.3510220252991125
0.30365801919540764
0.3522312167307855
0.32184747539126535
0.2762967540810731
0.34006441857009967
0.30525088337398343
0.3366482287591142
0.4530109331807274
0.3644706183382304
0.34413721904366884
0.3165153140082482
0.4072469996878576
0.3289010507797332
0.29421735430671647
0.38719044415421244
0.2847651529368567
0.3562321307444297
0.3074555277172947
0.3819712517863866
0.30575559746006614
0.37381917266588105
0.3272966790365395
0.361046440289123
0.2871301087028232
0.4103022248576686
0.34304329102721476
0.3521808859228302
0.3392849915951685
0.380430376197012
0.272930915294319
0.3477741384803932
0.2915202012999909
0.3819936874313766
0.3497908879014797
0.2586863911020507
0.3115551607965934
0.27224715965623364
0.32560867456511416
0.2964477120157098
0.22486715834951157
0.32622951464593775
0.2994938729434593
0.3002493397555659
0.2779197993784981
0.3250737356666642
0.28113669963234933
0.31770414866143487
0.3416086787514197
0.35119054765303637
0.3697219142798367
0.3068856446163315
0.3779837303990521
0.36254349870134345
0.26679863431779466
0.3773542656804789
0.32576999888961033
0.35164383177265707
0.2860173216557015
0.32301753273176914
0.27980732028323885
0.2815797655141072
0.3353137997051766
0.27896790872037713
0.3518126391976805
0.2519262694034731
0.3419350198465877
0.3195173452344537
0.3255532330934734
0.19912261753925337
0.26806595308470005
0.29978788020361724
0.3157420224190095
0.3350743305728287
0.3447508147272056
0.2977614393609248
0.34731572931573507
0.32311333284597854
0.3304815527464586
0.3519366118259248
0.2915736740071169
0.2685146400329426
0.33431510107519175
0.3517006151137354
0.3812605837462897
0.3641715700459865
0.28049585516597436
0.38025355621864093
0.2820168195901579
0.37565298791035573
0.2780754860377087
0.2725381365330176
0.3121654322371761
0.3035871837850843
0.3842312561061077
0.3093814587512581
0.285454209761695
0.2884705993347021
0.38389250918588114
0.2835699220019342
0.2586132789059934
0.27319901733190216
0.3928189479455235
0.4028245593441162
0.3889238159138856
0.36135523076818965
0.26839657473235184
0.3388742546166852
0.3519851545528695
0.2755675590028874
0.31160580121511805
0.3447935652884283
0.3017688480439853
0.3854310261581974
0.3486934490917328
0.3030582821997229
0.3035965903659749
0.3855214413707401
0.24242132922823442
0.2835555817872811
0.3166058480733879
0.3728372231272039
0.35337139390196737
0.41232815516726984
0.20924702970816392
0.3624031520037386
0.28396532554799475
0.2776041990376427
0.3018054447163928
0.3507135882829018
0.36526644589680685
0.36158643167144217
0.3520884323357392
0.29177655242686323
0.2767223673178834
0.36475807281833283
0.2661426553758682
0.3461175705404685
0.37698410576282243
0.2655283498588366
0.34899788575658797
0.38725867176982387
0.3091962153634535
0.2944683784523981
0.25328925850371525
0.46210464229237697
0.36520177447230323
0.3129558440703003
0.2658437643858798
0.2556585174888177
