0.46814237973983397
0.3243187678318971
0.41435511651324686
0.3455963530801709
0.3205211524676965
0.41067451937744437
0.239650783353408
0.42242236493842106
0.398123376428171
0.29841281642713025
0.2938612109822016
0.36275227724619113
0.32568756005423155
0.28572090391079474
0.3917849215909419
0.4192759624931771
0.3520765029099153
0.3583171877383441
0.4466280984425337
0.3408540345418463
0.2716909697626415
0.3047686689618474
0.2872880782053209
0.28292726045860295
0.3624081258855661
0.3664322276616888
0.30807391164518977
0.2970792742735469
0.35267706614062877
0.30620142969563824
0.36162948327180033
0.30063530851844655
0.3373236506797547
0.4128250834597078
0.32645284125886065
0.3330692196159187
0.43406619932170576
0.4231090042316656
0.33300934136799687
0.2846552061495309
0.3889678743509348
0.3375829300184855
0.23183106406368853
0.3784883893714592
0.3633086381251614
0.2903725808771503
0.2995353497914281
0.33951486713608026
0.34862743228248794
0.46321409475412184
0.2920664224239915
0.36169127194529105
0.3294642963514801
0.4225696494111694
0.3655361188688402
0.35862237041407874
0.4534468417842049
0.3381012776941839
0.4088759851945831
0.31245976564576733
0.40164250023387693
0.3425115256845578
0.4161218242750932
0.22184235011631834
0.28217225467964724
0.34650653204475973
0.3953037159156834
0.303375530605515
0.42155429564147145
0.3981880743839247
0.2723284755103937
0.3396850731818651
0.3122745816343241
0.3511917465299575
0.4219452357149208
0.3839359427105309
0.29665980468528214
0.3905102640437624
0.31272553603714137
0.3785892141863478
0.2525428781929985
0.3323832425073598
0.5169812895816572
0.1867207945191432
0.3504686297972165
0.40041673766361313
0.3190759032184168
0.3546343803465425
0.3129920497241931
0.3164185634016656
0.3943191185067667
0.35040302428023357
0.3425465661759235
0.2775968572687437
0.3063690071440782
0.30300485457668214
0.4247064712861849
0.34481642862967243
0.4340233245635039
0.3755066477845233
0.3363445802036193
0.36175689295075625
0.27505630395574476
0.3590262991618047
0.30936948709114526
0.33544395662987786
0.46624391230797424
0.3412997521233334
0.35014934015224336
0.3403619164188796
0.37901573228324686
0.2650290290653276
0.38851219361828854
0.35667992081770666
0.34944514812407534
0.3971738512694109
0.39582590998104394
0.28883060234651725
0.42029660687089176
0.3165585704277012
0.3191766543295581
0.34964600102591176
0.3724728289540652
0.3254049282987019
0.3750854106798762
0.28826604939409983
0.34399135823415566
0.36439920576878126
0.4004768940639244
0.3929843145624951
0.26017342057564147
0.36024045368481306
0.32723861196281623
0.38660077973786294
0.4641987206018452
0.31769402840490835
0.4107109980503806
0.522563935868976
0.3396955426934165
0.42906556677421315
0.3677317021081789
0.23276662567287154
0.30949795272051217
0.4308989725929727
0.4272668112159599
0.41265028023579575
0.3013146024490672
0.3135858428427226
0.3188792987277753
0.3462900271071476
0.36881197631994556
0.36768346319370865
0.3067644715281886
0.3363108387511618
0.35521672213933186
0.32032754423325827
0.3879476592945314
0.27738763528979343
0.30330397537086284
0.3123187449695091
0.3704498815500051
0.2537162584839348
0.2926972658132137
0.3314422843903521
0.3343098087010558
0.3002094867014438
0.2992904804495486
0.3491717207048292
0.2747134329639713
0.3242305948016021
0.34526049395677894
0.3834499424542328
0.26580288920283557
0.36879888815697365
0.45619557742134403
0.2896668256973187
0.298041030908973
0.36493029354303136
0.3964061210285917
0.32829710232845294
0.34250565189675436
0.33302583740151304
0.40553447612255517
0.38690511995495114
0.30612627169456547
0.32485163932739913
0.31699930827828676
0.39185800193262094
0.40949134432310924
0.2501676448335035
0.3506037604859351
0.4058436627791059
0.2735062797877839
0.45582442797032074
0.30069688715319637
0.280780067375151
0.309855526138889
0.2858000277824938
0.32132807361472315
0.3589738404420375
0.3057918757070281
0.291433564702197
0.38090780566859733
0.39369485999143483
0.39713330596928026
0.3405898573395446
0.45562711356781116
0.37390592090456215
0.3200894894260092
0.32463782333107305
0.3650400956871534
0.4063554711640437
0.3588401049968117
0.30732273631320833
0.3933555538620619
0.35517922521340795
0.2975405835877169
0.3408206880614441
0.38287251189363924
0.320954730814112
0.3325028504226323
0.4500625420259374
0.3572746841531374
0.4267649771152742
0.31079723609154897
0.42060464993297036
0.31748319123875446
0.258620765459016
0.43122907118047454
0.4130951758826892
0.3868232383758843
0.3054803898826303
0.25768973874156326
0.29383143769804493
0.31719478158010656
0.4968166312805512
0.35836908226494313
0.32074030927437913
0.4377428155769132
0.3077113373501807
0.2891513847421215
0.3243533887735527
0.34895984198458424
0.27830879805711717
0.2796255895013228
0.42129271669825535
0.33631249960503606
0.3057442314362331
0.2712374244022979
0.4971938915650637
0.35902863556646325
0.39669904533940437
0.29503266276383755
0.31686569400092807
0.3182390517520971
0.36887622731457803
0.385693717791092
0.3555993163945399
0.3137129930537393
0.2914385156998159
0.3198901364289361
0.3581064656275755
0.3627599031705262
0.33833636878539797
0.2888112673146973
0.2504100007156042
0.34255024177546284
0.34528188617260674
0.39100017744237475
0.35613377378334926
0.3742103815969029
0.34009034185326525
0.2433313352286699
0.3715711245613438
0.26726493116620625
0.38860842534320966
0.35590440469370715
0.2922174874318561
0.3543230231094403
0.34458176187525624
0.3226099191588062
0.3759684555822269
0.3003358732183934
0.33315830667534413
0.4378397320698341
0.5374248111395566
0.32028510202125526
0.318172732748847
0.3368769406646639
0.2993532267523566
0.3919115895505846
0.3404070463240968
0.35074406108672745
0.2862387069769666
0.35265478392992594
0.2898426220520497
0.28521920158501823
0.32986190930137194
0.36368712639451234
0.3118506897214273
0.41177011109841377
0.45126429555787745
0.3317135074894826
0.35421242161959127
0.44121222317350167
0.31839873053124235
0.363079047166306
0.322561213024514
0.35835558447294086
0.36072806557607734
0.3237871282675413
0.3368988060037628
0.39543937485709635
0.3272057935611626
0.4034508829485189
0.3358134338932078
0.29200267003622415
0.42132432281672916
0.42921110642643007
0.3316943756426098
0.32611955708233076
0.33867382988203326
0.4152862487970625
0.3630001531633337
0.373663859477988
0.3589304344304226
0.28117628074449974
0.36735616418248285
0.39139127998906026
0.47118829743473395
0.3523407926217712
0.29934159907098146
0.3045397663400826
0.4077960750141485
0.3211141387675849
0.4391005171477496
0.29209641006521575
0.32401846335120993
0.3534608084226209
0.42262301406979025
0.27863374967499993
0.3504186160939245
0.48011359908631257
0.29688902362023245
0.42597662898463196
0.3999944403406935
0.29337609502759643
0.4549619761153725
0.2668972325301094
0.3041289686308408
0.25459100372391213
0.35580476792131926
0.30857117438284726
0.4014809264402351
0.3310424260760576
0.3156743358009646
0.3222492095344958
0.2840208358433698
0.4349721269827107
0.36543014656010425
0.2889374193597526
0.26767362406746364
0.35632200627378274
0.40658097047834535
0.32391640148123246
0.33168170592781654
0.2740013848542551
0.2963341595663358
0.45736772924367075
0.2921581873930168
0.2982573821208244
0.41430588711663496
0.33131124208209206
0.4254059946611413
0.3575949723954017
0.34071366919556945
0.390500624313983
0.43494786693378457
0.3449865273545536
0.34089004290451486
0.35550310577288524
0.3847271880478521
0.3717926466375489
0.32881732408054204
0.40291534394460427
0.3030545825776813
0.24219635712658538
0.42203880092805357
0.33072291575645074
0.4012004002491681
0.26344247725919534
0.32496387660175624
0.27479303545974715
0.2867679893223413
0.38663089398840284
0.24246687491656843
0.33627517816902947
0.43898569528016906
0.44012611682952973
0.28874736446234084
0.4399141852788832
0.28319803937182064
0.38554428848846245
0.3138524713026633
0.3523952365353048
0.372713165932709
0.43628273517795474
0.3879811214523411
0.2837009233268489
0.31732687799400633
0.38307399837622585
0.4206623597905746
0.33065810337897134
0.32315403394786973
0.4896127347551615
0.2884071770351297
0.34517462720104214
0.31377016014504483
0.3353755028817641
0.369688897546156
0.315769331449814
0.3783100172995056
0.2715168172737101
0.41371491148149314
0.30077011564499034
0.3418440406297564
0.3384743194238469
0.3242499802414507
0.31816302890981624
0.31222587288403864
0.3196371681894343
0.3577034271586855
0.4586762920253662
0.4000928228741753
0.3261959393866887
0.3898186062919988
0.39611929053415235
0.2987375963419866
0.2822243381706164
0.4178106202141507
0.3846254603416914
0.34092908449367304
0.3595197955663308
0.35374303124619344
0.3708790572783899
0.4989434884483101
0.2341424250631891
0.37519407252244796
0.34188927462708907
0.41721843223762417
0.4177245576139992
0.42614674218101456
0.3410122514552482
0.36238063402834236
0.41705056415315467
0.465303796264188
0.3243907958699338
0.4111195074106856
0.45106180748200797
0.29239346127039995
0.2642865236722432
0.4213317646007396
0.4003017052853544
0.28166905586899343
0.3035403973646278
0.2690467897953019
0.371717675868376
0.3763586538737968
0.3209645556996886
0.34334542125475354
0.4061877386014823
0.22744303283842868
0.37117949595646205
0.41178771746967185
0.3563470174847988
0.2832473947530806
0.2788853891186264
0.3339139032677359
0.4670774203080184
0.3257522834153862
0.42115368247607454
0.28834720047657786
0.3640368196605151
0.31430566862717896
0.3884068720548923
0.43465753593445094
0.32218644605122077
0.46404165702435135
0.348999915855046
0.3163464728841644
0.4128182011520827
0.42652001884775664
0.3693404315170003
0.29914852390859026
0.19843257260867583
0.4363983670202563
0.3423409118796371
0.31093644479526306
0.3480127726339832
0.34400542078480395
0.46699447339145905
0.25670458549019914
0.3531903248810194
0.33705388250324475
0.2932984010314119
0.285202563318506
0.38453088765500953
0.2944463087801583
0.34207012795847197
0.38235977760532913
0.5138495290602708
0.30357752625712175
0.35476281528325126
0.3427968152687954
0.38967116002148844
0.3469069372338027
0.21374883725115085
0.34073049261318195
0.27726217934277114
0.44024596797489673
0.2791999957515252
0.30275033822800757
0.401060658061639
0.4179860908559661
0.27891621962574115
0.33934662460856413
0.25540074103030025
0.2705473589739161
0.2493924546662141
0.3176567699366697
0.3318580341985317
0.30828466684860856
0.4185142173386664
0.43958144633840346
0.2693990125948669
0.32921698509617725
0.3460725000839404
0.38343501716545664
0.4521132230548828
0.3892293652240167
0.31247938592379976
0.32364671424249036
0.36212227359654836
0.3746094204725022
0.360196987724572
0.3186146884371232
0.32335263888341476
0.34563540605286586
0.3346020483091691
0.3837658097668703
0.36217262377951587
0.2934108767102729
0.3085357228469252
0.3378966438203241
0.3182994207762318
0.35801841726411054
0.44207141432731717
0.3607698670332189
0.3943506857138265
0.3136033777527055
0.3685954327383815
0.37482443956652545
0.37390212282970064
0.3226179480898831
0.4382442801896693
0.4139658378298331
0.41830859079569715
0.33378284199744457
0.3104692573699849
0.2822839039036912
0.3058483011264724
0.3413230124882647
0.36428680863023055
0.28884288685485243
0.307592727809113
0.36333090288581926
0.28023400433216067
0.29432147271242687
0.32764718296044176
0.3098781951522246
0.3222860424529989
0.29136180844232734
0.4071815862507749
0.32515385880705017
0.3541468212653627
0.42581562361579167
0.34305524954809313
0.31671803010086674
0.3674539470154408
0.2741796891657179
0.309875818487685
0.3095323087168028
0.3056377399688698
0.3111289991326016
0.3291137649515239
0.2673973273277367
0.304907606283051
0.40773597888023855
0.3284292658692162
0.3008265980038795
0.3003804392087391
0.34574992883299854
0.3216551441279112
0.24180688735005154
0.3924114465171641
0.39311454957661207
0.3200881012296954
0.3524711947236892
0.41896702300492994
0.4926105949282381
0.2812708218439142
0.38072241436431487
0.35417611500654267
0.3521777946777047
0.30750855518053366
0.2796303394480098
0.31332563845122396
0.3061397297270815
0.4196008265325628
0.429945195917437
0.2746764846964613
0.4012991499336487
0.4577742197306836
0.3560784713498023
0.3094882768590068
0.3635899530815951
0.3803513331009357
0.39233545787325474
0.3511603817187573
0.3147673694447779
0.34422832000490555
0.3848917577259495
0.29801085129202287
0.33049948569325976
0.326701096230096
0.3378803134006357
0.378612840877015
0.3847495722688497
0.34548104585211586
0.2723991878759483
0.3138534617232905
0.3481963783905849
0.33847232322789966
0.28527226218744595
0.24682434336839662
0.34200973196413187
0.33552984671811853
0.3197481411970559
0.34103462158805087
0.372893025970304
0.23955836782586126
0.37729122660265196
0.3486906147913766
0.3278808967527611
0.33746341250842127
0.37614933924114063
0.3972115371272012
0.45499604796421983
0.38377631615070634
0.31773448503710866
0.3397218810856083
0.28271784982648773
0.31050954841229483
0.33184058851422843
0.31829734346993893
0.3784126949373243
0.26134293254451907
0.37285505924230133
0.275335482708329
0.31339577114070516
0.2923585060570984
0.34098305111356797
0.407669629538552
0.27261301242729874
0.354297242036053
0.35356799842662473
0.3301213913969714
0.45543349111381953
0.26923428723471415
0.3087117962044685
0.37859376005286977
0.3161945439468179
0.40350204855825506
0.297501969114798
0.35003108221305984
0.3301513293906571
0.34780382399079723
0.27716526884905557
0.3964976315793021
0.37416753115938
0.3543671473818042
0.49607535872944053
0.29687489939192596
0.4089661321155576
0.3470552956772379
0.3425931934038459
0.4496566669094913
0.3598488569499916
0.34936091473606573
0.2953162678386915
0.3668385125162942
0.31846203503782156
0.3485654248302172
0.37875731749983854
0.35554839793667775
0.23495723151613673
0.37359856039238537
0.3839906838543311
0.28184501559480296
0.39498491595879576
0.30567631622609537
0.40600687482232134
0.36603014545858065
0.3724094055483814
0.3943222456117376
0.29329481703793897
0.27670914029533644
0.36560194466674606
0.3055975922533305
0.2801258401690897
0.29820539726392836
0.3977943200090279
0.28347738980764675
0.3068485023533386
0.3253727974575441
0.27198427346657394
0.33322436730827665
0.39837764026919076
0.4013559964867733
0.32205698432830876
0.39546293885813905
0.3665801646048561
0.40240417395375055
0.43901016397749715
0.45198906892263524
0.33552806733813173
0.40449906065580477
0.3146930766857017
0.33558902542704155
0.32651146534601777
0.2991563006621358
0.24220953170738652
0.26559303504245957
0.37664270384911885
0.3325177451769466
0.38356519897121893
0.3292986685820903
0.3776322406277178
0.3715500713917221
0.378406184149176
0.27619010723654697
0.31433717711536957
0.36375718642986876
0.3058607460620111
0.3832883779123242
0.35292172824217816
0.386873461800308
0.2901805522144717
0.3374751838987458
0.42939683890736796
0.27414048832943716
0.34845204442469735
0.28514218019263105
0.2679337454417084
0.34215040730717305
0.29583279193810885
0.4003275407559322
0.3318049470437789
0.4082951982148823
0.3948992950477397
0.15791431051807286
0.34297744281152676
0.33616089644663344
0.4261031455927837
0.3480766029724273
0.2796663358047803
0.30013133100315786
0.3132742232614533
0.32469815240177885
0.32418295020092747
0.36540823800961625
0.4064147365106829
0.331264033505563
0.401817700608946
0.36655390144305566
0.3632510392139652
0.4023121740732946
0.290397703336462
0.32474578625970996
0.24238045498734712
0.3389397955000956
0.2687477523734995
0.3236895810490563
0.2719538235501077
0.29064437962826495
0.36833176177638566
0.3234769841868271
0.4132429795950924
0.4913998845128407
0.30408078738286765
0.41309529117807015
0.29975146918539636
0.2846133707620679
0.2930694879852701
0.4185443453405524
0.30643471685430673
0.5489449952558081
0.32511170040526405
0.3388880126285115
0.36246013812488487
0.40256671443107445
0.32354861561617765
0.2852091107418119
0.414486752217053
0.4517437735614784
0.3440625025305549
0.24299234835882247
0.23290445465385626
0.3105877771893633
0.30137159299971794
0.3262645562837201
0.41882922540665846
0.2948259671213574
0.2659550763259888
0.3590348671622242
0.31839845398849287
0.3272356747425136
0.43975814711896793
0.41148063000246093
0.30093722360323266
0.3489726600085412
0.2759123569178627
0.3947212633348624
0.29518816749799764
0.39283574893838696
0.36373449610856873
0.3688007338077126
0.39168058823485236
0.2281111798966713
0.3898429586354628
0.3269930685085369
0.32572552294128787
0.3922700497031171
0.30200347850325326
0.28213545388287614
0.31253222717645635
0.3012142650723888
0.4326139162680899
0.39148704656257644
0.3253862412004451
0.2771604438591672
0.3327872939327159
0.3995252533551681
0.33181252330702765
0.3404388212280063
0.38323757152236226
0.40984318745592146
0.34658957648530736
0.4188923983971697
0.3338080211727886
0.3327302741756522
0.4719024144777828
0.39236406307920474
0.2968509332732689
0.4111716829384995
0.33427708267788564
0.39253889966838945
0.3890429598639588
0.38910258692138483
0.25034937035299665
0.3672469299599036
0.3686686174945987
0.3957173421913779
0.31748814576020196
0.3168992998124452
0.3792866586107663
0.3188511249426884
0.3325787106638447
0.31643209435371056
0.29992616596102994
0.2799673685495632
0.3445744711835152
0.2940748110793438
0.3219544305169614
0.3573208440532939
0.3047757942369372
0.2830479237584285
0.3580636839774021
0.2452969462285515
0.2774760068868735
0.32150527605480966
0.2955445620633377
0.25267534369768097
0.2997160700112006
0.38590019181890695
0.3690996355392485
0.4097721276134056
0.45336827211582137
0.5538089983137714
0.4173661105773858
0.4052951389345253
0.29102294428231135
0.27550649358407586
0.38329867671524487
0.22571709232216414
0.3445422508900899
0.3299215311119452
0.34314595554985244
0.4181061682110246
0.3236567803193301
0.3309785756181618
0.3853935147032504
0.4007204558552313
0.30208784335160715
0.2214752203215785
0.28064030000207524
0.282430053435595
0.4134225208390656
0.30310897999351305
0.32160378855523525
0.27328521474589074
0.3245633913385902
0.5677330827962243
0.409750537081424
0.38462050212538484
0.28697947734064605
0.4745831185784506
0.3740327300689267
0.31440997949187555
0.36781065249416484
0.3660280438108985
0.3458856368038132
0.3766303018236634
0.2900011220626902
0.38531217110708743
0.33605551375393505
0.39433854143221575
0.33627210372546545
0.3624158721696381
0.32647233973082807
0.3041654563218529
0.33874853037326086
0.35966968353188905
0.2843564346592963
0.35119626166866347
0.36393357880970684
0.32734826681510265
0.4083533919872333
0.3745524669379709
0.39284585683565204
0.2867037139338371
0.2794529904220583
0.3441644536685092
0.2938410929783169
0.31748361400243647
0.33444647184251314
0.32891196432005443
0.3302314153834563
0.31935280839174585
0.3142280586974818
0.434656602432134
0.3271791908365414
0.2842746083778855
0.30411784380899487
0.30655986534390217
0.41145608011974116
0.4108543093918208
0.28104311829277834
0.3224266302493338
0.34789683275729244
0.35527122920958576
0.28552982984864184
0.28597010228427155
0.35100150914396105
0.3332861933356266
0.38253066931260293
0.3900911537380738
0.42976469065433776
0.3021097781307828
0.36712322706252704
0.26571557284764874
0.3003796512318789
0.26788019570408883
0.343089257031057
0.3797157032684447
0.3828156843369915
0.3024414920866861
0.26907417978007003
0.3468797125266695
0.2731412165235874
0.33510988029179734
0.34853147096574943
0.2753703586135184
0.2456098427249954
0.4245715342930224
0.3338437455955908
0.3463027809178393
0.36952316555716597
0.34236372059080344
0.35186577295853866
0.37004273373575597
0.2923329307282576
0.40419352942794207
0.3539695023042987
0.23131041431851093
0.3708052282351965
0.3956950350706815
0.3214087959353464
0.3281646260695265
0.31454276491750965
0.3727924627128527
0.36845097141449606
0.41408938909181264
0.34714473471252993
0.291312334965544
0.3144022917615272
0.2697370812009503
0.37323450522410534
0.41819009202371327
0.31999313497404464
0.33294630252141044
0.41696389254404165
0.46336044828777967
0.4171323794399877
0.2907151685574467
0.5768871419875414
0.22867835725128619
0.342300014778353
0.30077629167232117
0.4819370169762201
0.3015309079286961
0.4112644823263889
0.35637623691838866
0.3788147120299748
0.3752296005538393
0.32682288244403945
0.3201742559954286
0.31047009711660345
0.27083188287717036
0.30761528894487744
0.33279627687291485
0.45532796310878626
0.3508143728339567
0.40118315091408574
0.36870257359081504
0.31098477191673135
0.36859934531804384
0.34810381582684846
0.28496342689977144
0.3028931661999336
0.2918327492446466
0.3069594237534265
0.29990906091762154
0.3611423073662033
0.3358091231105902
0.3621039672803958
0.3745002019535173
0.3699398149893134
0.3742742227139029
0.33631520934783776
0.328451282628194
0.2979643624075385
0.3160053994176772
0.39152636726201223
0.3906440690271804
0.31664995925166867
0.49865127955557564
0.39199829244338974
0.29485042527358696
0.32290578338399434
0.36578770587117315
0.4001227709730161
0.2988051409426917
0.30910113408758416
0.3734237719525458
0.3913794175106309
0.39069892335250606
0.3318269498684345
0.29165644512917627
0.31987127346619626
0.34474635065015435
0.2806981765617185
0.37584922550303906
0.4272335460082499
0.28323748679675287
0.34213460454190797
0.40757078886453824
0.38014022423400157
0.32208190224270244
0.36189220205553746
0.36539106794285175
0.37437257157915316
0.3692925521542608
0.2932187636811307
0.40552075818093003
0.40280973080177257
0.356110347874432
0.40947706027241965
0.31772510749172445
0.2767758558387677
0.2993401740871502
0.3723005463428596
0.34913038144008374
0.3188294993199607
0.3530393238547904
0.2902935495854306
0.2877475083652746
0.43000654430408236
0.3232021707420227
0.383019350545227
0.45432732120240915
0.3267914745940755
0.28122953366681214
0.39697085838852525
0.27945912321213184
0.3389526882667925
0.35880262150534636
0.29975639592991
0.4004440222722645
0.28709957398906877
0.25511738833696374
0.3870883773769015
0.4225288532121711
0.27897281519072326
0.370951538286588
0.39566190316010824
0.20560282984184863
0.34020156222169845
0.39050058667347665
0.3839497484975775
0.3375083432697512
0.4038106602187007
0.34553163271454185
0.2691814954113831
0.4233969883262526
0.42478942666009467
0.41870303534506514
0.32792477076193
0.28378014100922727
0.4597305408563969
0.31351734551473803
0.2942128038267661
0.3596357028286904
0.2693020323635397
0.3728237335357716
0.37803256987968165
0.3464295709355169
0.30229000661887095
0.26781017029479154
0.2855036676912005
0.38333946231960425
0.4335007639197853
0.24811065843072982
0.36586154141263016
0.38359802111152835
0.3081532568861659
0.39030522005071483
0.30759265402758657
0.4815607366158483
0.3294490956761439
0.37356943773844425
0.3619511503611244
0.32915184514994605
0.39667563914164783
0.2882905578845181
0.4753458155366129
0.315039827570544
0.3478169692914802
0.32965322263190866
0.33915146302732585
0.384140274815082
0.3037805632988782
0.34600463386452984
0.26909294747086726
0.34184986023966746
0.433411411185155
0.2847798050627714
0.3914183899308609
0.39293957918994915
0.29512659085798865
0.3181142287781992
0.36181353229250873
0.3000993281835581
0.22624032334562613
0.3071635521494908
0.27040217204007483
0.3134896755832319
0.2830615320615727
0.41047327530532457
0.25491263246213536
0.3246344340023543
0.44654947755376106
0.4162307140009531
0.37937982716389806
0.37109364190164323
0.31277803497653744
0.38065043123179576
0.2697835691150578
0.40855702068147576
0.3575256480844849
0.39848309716055264
0.4268575844144007
0.4058350720393511
0.2874545487125569
0.3101355567308925
0.3449773006058743
0.4016317875576993
0.22438249527622284
0.36605953487225606
0.31069856619951924
0.3135045482716988
0.34443871702302653
0.31619290639815517
0.31653508457810664
0.4299523767046134
0.19691144192140506
0.2767906538784221
0.3145571358432768
0.4590246042587591
0.41460519562173964
0.38215503432019343
0.3961761534453139
0.28762785847116973
0.333410884404091
0.29218377843603466
0.40942429455324236
0.3764102256381623
0.3169816505914263
0.3611080041189531
0.28690383784344714
0.3413366121060929
0.26876645050674375
0.32391687740993685
0.3405419571887731
0.31228951886295325
0.3200345805473927
0.2829321369423015
0.43339016353702037
0.40524410388732385
0.32101404683995033
0.39022371838609615
0.3814931728431794
0.2157506891746185
0.34774157324279836
0.31302553905695185
0.3000299561159298
0.37002985516458664
0.33846279571594523
0.34995234568733596
0.32630736737080196
0.3553272776958122
0.35208071795567236
0.4046254373856261
0.2791464287286942
0.4538769124424888
0.28887818392579534
0.2877536421862729
0.3760082837592675
0.40361404766842757
0.2623856214104232
0.35995505785012094
0.31490752105663355
0.28560677060577866
0.2461754130985781
0.39009312091118153
0.34988469156847346
0.4067830605243748
0.34131064028341934
0.41655270880099443
0.2969519056633027
0.3475009246598329
0.34961247899686765
0.38469612819109344
0.3523074555085914
0.32859350038997664
0.3851857429479996
0.33901694220116135
0.2968990154894305
0.38070443869085435
0.3052464512442921
0.3219177907689249
0.4122226833011747
0.3456651799493429
0.37292065978642863
0.34137293623382314
0.2900126095655133
0.29607999743344204
0.3515045840247446
0.3415269496556804
0.35825350952287416
0.3466373433168652
0.34869079637368444
0.2458950083452749
0.3669379334656481
0.2691640014538465
0.31857723982528724
0.37504439017662955
0.3108141650880759
0.26796850226516233
0.3014298766286825
0.35223340161552913
0.3627960361383615
0.3722592396769964
0.2567824613065097
0.45007044696910836
0.3032147438437154
0.4441669861722381
0.4078310373630479
0.3946075547150103
0.32265535718926264
0.2306248414889954
0.4102667669687436
0.28467695044163116
0.322865491364212
0.35975330217474744
0.3621260067839407
0.4525928658779085
0.3377628139919187
0.3892974717784855
0.3837821766557422
0.3493257595899087
0.3452282050809409
0.49028236778770656
0.3555128649420896
0.29065285165171123
0.31114687887184467
0.3851173810611809
0.5314337358555917
0.331357829062108
0.3291293880597761
0.37019491771197893
0.3636921260782633
0.3274081477428272
0.21833777053587447
0.4282678798599591
0.3000685538561843
0.4626799601963888
0.2558402227945046
