0.32542944428718706
0.31888877442853053
0.30234488579778784
0.2829412949888702
0.28781065899557023
0.34297534204664865
0.3535739217516288
0.32400943057479303
0.42660931844199024
0.33226237947585285
0.33294277398366934
0.35517815495999233
0.3298143841155095
0.30839963865345715
0.40341248711108785
0.33816460754771976
0.34684205644874244
0.35232670176475006
0.30196874439232
0.32094506521037064
0.32066162532340037
0.37497235952116487
0.3285890981158957
0.2941336564071188
0.23016103940597477
0.41686346622056664
0.29020008607894726
0.290847778097293
0.45359805284661214
0.2869140923475692
0.32596393450617567
0.34500263708381146
0.35498484726118235
0.33578851267609316
0.33590861384382453
0.30720565785040477
0.30459764014414387
0.3167111295470652
0.2704966177323527
0.323401480219041
0.37319991083971876
0.32212482167805273
0.49957238079003913
0.3288490957310878
0.43771418202906
0.40294292358006173
0.38268532758868884
0.29617807959944104
0.41033990755287725
0.34232764821891265
0.3133980198325387
0.34491984543124954
0.32658572453416773
0.3600480133449827
0.2916930118043844
0.3367834579134071
0.38844946018667115
0.34461981828291616
0.36880005638327784
0.3778747583055617
0.4066504551153366
0.330040397949616
0.2823843624417997
0.4128862134569796
0.3649394202511563
0.4158610560437141
0.3837816143561803
0.3741919854792332
0.28383894905275997
0.35609248892264056
0.2831504519108994
0.3100221055315574
0.3657622983160282
0.29468468515836926
0.3307399605303205
0.3388658517276514
0.31925290409052703
0.3308085334832814
0.27252154869380946
0.24824451754784707
0.2765223236284423
0.39741076280729876
0.41106108436223204
0.38674908793590257
0.3702004266868977
0.4246883670988923
0.28728691890953423
0.26204009382564747
0.40873506619692007
0.3448230186972117
0.3269621758349799
0.3042635166206174
0.2555863612590549
0.3598439172005761
0.3273715734737711
0.324202489849391
0.39797822035579355
0.31839682878451986
0.28687437331824045
0.2982189888993199
0.26128099230486057
0.38639615897749885
0.3113843142968126
0.38856333855496344
0.30080062626279624
0.4683646021862069
0.29369224105782316
0.3031914981194444
0.37653464433279116
0.3022897982133694
0.4067951576793085
0.33152919169945394
0.4209815379239626
0.41489175171996945
0.2926533227696542
0.3337945558522562
0.352374564937788
0.297090010154022
0.30794318325547143
0.46257554756003205
0.29866816635735144
0.28473047213386715
0.3272771086304615
0.3613392823284651
0.5237023057476453
0.3156810860064786
0.40860952508355847
0.3811051652953367
0.3572281125664689
0.4651190336464497
0.4040275758755874
0.39555149329974715
0.33353198015250696
0.36127421226736134
0.30521902838475506
0.31381306926153935
0.3825665719616708
0.30013761193174837
0.2671017873532634
0.3279536799427776
0.3311326540901754
0.5159992940389623
0.4087565222944299
0.37473860244158796
0.410220771543343
0.3129108234645504
0.3264300025015509
0.35911635633705175
0.353861813856916
0.3369781135394045
0.33561592704311133
0.4296729282050545
0.4049337893617326
0.27524736662854965
0.3578812283787907
0.28782994811391466
0.29826178062409475
0.2960263967837068
0.311056142306586
0.3192975664089791
0.4181190547628957
0.28236452463764433
0.3030392658498187
0.39629343649622145
0.2679178496445711
0.230486850885919
0.348103471239979
0.4234895771292375
0.33766127519177674
0.3498393672142725
0.3569524694056033
0.30763489932126836
0.3791244847176769
0.3461210791817483
0.3531920311367507
0.29669439957279076
0.42346487350473966
0.36604990658208586
0.4325773786742023
0.4000721282563835
0.3955104965994974
0.44141535602234655
0.3921710726418988
0.2725168998796222
0.46494760326741036
0.39174924407275225
0.31385261970359335
0.3250772686687457
0.38555484750588154
0.3711010308462428
0.32742777237202597
0.41187858201001315
0.39294533458101083
0.3400328998852463
0.31605063601445366
0.38246203734214157
0.3739460210716818
0.26762796360544405
0.37833488390700387
0.3070973455479672
0.3444547629726063
0.42853934906257823
0.3215146467982487
0.3057621728006169
0.42030179068061874
0.33157800282233063
0.3742598439789959
0.46855172261904476
0.30729694531749574
0.3320716425803169
0.41213900050888996
0.3809685298467066
0.30831753722414934
0.3396842963042054
0.3398359088950452
0.49772165692964365
0.30712970197301265
0.2519729335343346
0.34352097869369363
0.3286407785468151
0.3884069641965946
0.2698065280648661
0.38228166801646224
0.3201839236928799
0.30105387120873167
0.23452093915466435
0.34137411039271676
0.3272804472076136
0.3355505614982193
0.4233634237911893
0.2409061252423418
0.4582163733164103
0.4049494175354708
0.43029794678830163
0.32349552233871764
0.38759734969575244
0.3852727081971904
0.42332138620491117
0.44203010760619177
0.32172715813666714
0.3402150821303507
0.30704118592825896
0.2745729790609007
0.2981095313681861
0.3327982197619994
0.3545349523831348
0.42483748863820897
0.2831815399038643
0.37126210383528224
0.3547885454150456
0.37240436053243736
0.2780646090440676
0.3237638736257132
0.4222325012016584
0.4161991580012312
0.4023304629648715
0.28970338982269206
0.2726653767994939
0.49514716951884874
0.40815813860907196
0.45307248359162844
0.46518484196391874
0.24566122138561688
0.37980049069054445
0.34613935970597315
0.3124007188438024
0.3663155793468445
0.3220437367176508
0.454673235848918
0.24525967794848444
0.38518541835891307
0.3673636607120518
0.3385738709651102
0.34273267394479373
0.30246701288148325
0.3748182295572361
0.3256861967518266
0.27007731706702154
0.36926086982648293
0.3287998491936589
0.3237967374476899
0.27125698213628424
0.452027504040115
0.32032602380904884
0.30180756061496045
0.48260899698766224
0.4215183942276284
0.36134584165450134
0.30086523353384953
0.4348842088520015
0.29917707540227145
0.3480836335477421
0.35444852815431055
0.3351766341963424
0.35664730299075126
0.3442796144858712
0.3260616007631984
0.38935470313061843
0.4779244356698901
0.32473934532044474
0.39936006116670086
0.3572114386994366
0.3713016238204511
0.3530338827664028
0.29972989201244915
0.3587573175698707
0.27773544304468195
0.25137521429298887
0.3606529325037105
0.3486790808464538
0.36416262487540996
0.34554346206823044
0.3661806304672758
0.4518977566307651
0.29444399610618005
0.2852240498642759
0.27586684146364515
0.36154009941568716
0.33545610566536554
0.25687373248020084
0.4010950035873917
0.4024298707906616
0.3382805271875772
0.42088023653159923
0.28962632946101324
0.4014983058148751
0.5015216799427248
0.36008437530962717
0.3655217541596226
0.40613435191118286
0.3408130704890682
0.42874651324267404
0.3443823004382008
0.3406715099493247
0.2945970932330498
0.40005641279241777
0.41456172205400676
0.33210119191456217
0.2793180655091202
0.405439055520686
0.33581627800275554
0.3979448676311396
0.35052459713184864
0.3210009585842702
0.3656165147968383
0.29821911867317313
0.4107827351503815
0.4132921701593577
0.3196476043454889
0.3017768228642328
0.37996657109178106
0.4430294399471216
0.357385506283717
0.39369987085783426
0.3028322324201661
0.293157858700692
0.41642915856262286
0.3505121309505781
0.3279613315069276
0.299694658007217
0.4687253742320461
0.36393502645831977
0.3405945447470339
0.40610436684613244
0.3506826166551195
0.30177186785386717
0.24415174667334105
0.3524717273429019
0.2499464635956895
0.22455193263742537
0.3031019368553254
0.34965246763068486
0.40285099921554535
0.3242080446917453
0.46638230999553365
0.3043949650062999
0.46036056674408715
0.431656446827938
0.41723499097097067
0.3919203483163369
0.3154335236366229
0.45808388976420644
0.31592331249899586
0.383024111675672
0.3866850744139222
0.37778231000644175
0.3473491333918516
0.3783076018390096
0.40715432501988474
0.2868537158560684
0.3683345113114033
0.3594676688623839
0.3985480952036255
0.27068828859230826
0.39378828007967537
0.3097506887367584
0.4514631394580926
0.3448277479211699
0.3858195930979276
0.35171462629905437
0.3658746774030881
0.3943321195270841
0.3436635378840352
0.3236124819050928
0.4183818482816528
0.33865527347903257
0.34109424853391423
0.23406398176680815
0.42232362025130427
0.357687211244862
0.22981413337236684
0.24479889138209485
0.33076977027574483
0.27118387101445834
0.36611153199394286
0.31767950963391706
0.31928136444960276
0.3828713342246646
0.27091348134991805
0.3980885896997527
0.45332795266473014
0.27562563061806206
0.39102755725780164
0.3279841180235195
0.286933744334008
0.40623637161678366
0.2860231059778465
0.42486280983945196
0.3065189350234796
0.3517920300621288
0.2594357562627973
0.2823273598251056
0.3742663008892194
0.5742914337257476
0.4281664070589439
0.32606783425023905
0.33425632699068325
0.2804514592519342
0.3567410809275637
0.29691055364838215
0.3090347876981722
0.3086028303750735
0.37320008103131724
0.45424320930604883
0.28209350547009043
0.2846082991830479
0.3428105503013585
0.30203241703889083
0.27349284986718714
0.319283026621769
0.24772786996462173
0.29021838279077816
0.3288639497310084
0.34268514078183143
0.35993412960928106
0.41584656500460176
0.39813510629502236
0.28332326799955504
0.42148881121470955
0.3240084504240598
0.2998138855140055
0.31957027206048416
0.32632097803064974
0.3861309289042317
0.3763696755028919
0.36458003153819785
0.41449797886178436
0.3560583917403253
0.25245400349969466
0.28660941526413863
0.3522764670941799
0.34724890141832476
0.28835965606287045
0.3602268557612092
0.3477273316577743
0.40397465812642885
0.34396327760350115
0.37464378754950506
0.34974456989437636
0.3074086511413717
0.35471954208601686
0.3089643799782483
0.31192632748282567
0.2764859309527878
0.283932570288808
0.2720561172779317
0.3465172617528826
0.39634563142137846
0.3861839977420046
0.32742243730208215
0.3018086094604904
0.29861748486257383
0.4164860740856979
0.4393586913164973
0.3634929740366731
0.4976811993174942
0.2946930656165834
0.3827945796377976
0.2855746977122682
0.3207883907035823
0.3918037440041445
0.3713426089331508
0.3169734072039414
0.3628206787488605
0.3486965957961938
0.3024838369669602
0.40729835552112187
0.3863814787535877
0.36345918921992054
0.4604515996320017
0.3654175102018467
0.29227003754429576
0.3712253818679759
0.3261793400120098
0.29078864975021923
0.2858404931828629
0.35737083774628736
0.35580677329592236
0.2892620858736831
0.41715877899410314
0.4175082402124827
0.36469852969605004
0.4125416142005478
0.28775528882818374
0.3915647925041298
0.4101847257238495
0.334933660818864
0.37350604636943346
0.3882224684216208
0.3284361311948215
0.39377104224119935
0.3108987608801431
0.4119130556831538
0.40164569211044837
0.3150751371260337
0.2800474639430774
0.22877555012946063
0.3876449893537224
0.3118215476524439
0.3012900924353272
0.4745161408333979
0.4374271407986948
0.361507756794424
0.27073265366369603
0.28021187168560474
0.3614098584200831
0.3134053491250015
0.4284318909810751
0.26460881727738167
0.36541413651521487
0.3132922462289182
0.3316132071853532
0.40978610258546927
0.2969525665011356
0.3772454326985607
0.33754206311780305
0.43451218199292946
0.33507799107976
0.38692326839929575
0.3600149494770175
0.41636335084842263
0.3410576090092459
0.3259766064964342
0.41205276840157024
0.31634364424020694
0.4308022741292546
0.2963958563325609
0.2873208637547416
0.3514509974547883
0.36947133806000576
0.40403485223732005
0.3542390819751092
0.29728243247664443
0.3919315593272547
0.5546439992356987
0.3990123096757889
0.32240252934058405
0.35144549295422023
0.29933296602575815
0.36928007804980295
0.3979067876143837
0.2446794552734304
0.2987616520038875
0.39294038307658813
0.44366817798414104
0.3103648292134321
0.4453153392968715
0.3510674037301985
0.3219753005402847
0.3419613256853195
0.38992351366530986
0.34389051084382033
0.30757689433379165
0.3450368298359362
0.28697933993741
0.34096167801407695
0.33450095724558043
0.29341343273879245
0.3424829102706953
0.31638370632037555
0.41904570178298517
0.29835938322253336
0.3213518746393251
0.3234089426392271
0.3705703530360468
0.3620897333941746
0.30801358506526566
0.2799162611258321
0.3158298750265094
0.48961837070448216
0.2731272833977009
0.38015201609096333
0.40932983979691095
0.4453832998455742
0.3328943716360312
0.3945310343995442
0.3824837442364928
0.38787884964186453
0.31691106787397555
0.35248517752675296
0.35736685799687506
0.4659063896118417
0.32203732721016554
0.3311427683751827
0.36654791839522416
0.38859073301817315
0.3219862837630976
0.3937068069748227
0.2662677487331183
0.34724951931413645
0.34121405055631804
0.37147764853339904
0.3152000606221456
0.22229664392583248
0.3530045540053647
0.29000553843432986
0.3151586214128474
0.2896970566496533
0.34181705701480497
0.3110227129618901
0.2774913091135983
0.3975318509592766
0.39757465630367067
0.3133095761794778
0.46500071542410265
0.2675789473701798
0.402367022222829
0.4142397120894718
0.3497089042565729
0.42162830762238046
0.3804180696893717
0.33033927497781174
0.3206104356411974
0.2529240170836117
0.38088605485632493
0.31894865651004406
0.22150435642827393
0.27328260192877707
0.37237126937927273
0.337422215928245
0.3750469684249164
0.3975009649598884
0.31747960484320104
0.3465660940112537
0.37703814036926747
0.3112244207000815
0.3782452626111645
0.3493041751889099
0.4241602139360209
0.35703017613634697
0.38165397390317735
0.3246121143754609
0.3108254202387236
0.29608465680864754
0.24630300323168458
0.2945788396104704
0.27784754250171434
0.30876540705607475
0.3745013240197123
0.42642552720431864
0.3578448658625224
0.4414251683789986
0.3457571218958519
0.2878285032829313
0.3196930679845348
0.2513427312935113
0.2801315827939234
0.3646298399959567
0.28277257044793097
0.3004839896039356
0.33486559368103025
0.3858454002152387
0.39838545789710195
0.32065774186700846
0.3712516394821105
0.3908047528556711
0.3369375858226469
0.3202315914183669
0.3932514080495614
0.2897108288336579
0.26004303121826816
0.3512286840985305
0.31797270381593024
0.3369503906248708
0.3077833861676112
0.37130710628638136
0.28890635248505875
0.3842065397396496
0.36880640622326444
0.39713144324328664
0.4016683413840995
0.3717172781393635
0.35711804310988654
0.5510291296528108
0.323671551965087
0.3633315977870622
0.3185840276410123
0.3590010545469451
0.3485920314333169
0.3441799858182758
0.3942469896581942
0.36667547274131423
0.30968563599443927
0.3389145525621648
0.3435392162016351
0.3329019482848828
0.3439040472239943
0.31829667687194607
0.3707377254062973
0.4322582102336282
0.3689074640066336
0.35260271997766474
0.27764149295628837
0.279977541955291
0.33810843398986695
0.4046723338942633
0.3779673656726344
0.21603199821837318
0.3706210797320105
0.33675406988016837
0.358540313303602
0.3683570244367262
0.38685147722488333
0.40130665660126297
0.39780786688896524
0.25668588402312625
0.39403862557878416
0.31126974211532915
0.45968191467449954
0.3507963943881376
0.29144189328866366
0.4322104302831854
0.3025850583346854
0.3784408441124579
0.2750271292404328
0.32816316110150784
0.4032597545984268
0.3155329670239423
0.3131511202261087
0.41998079957681583
0.2853817038490697
0.2727826659259848
0.45237168931893074
0.36453254206868346
0.31769938040587564
0.2696941268238089
0.26189435049747883
0.43821256003344067
0.3692248791274909
0.3312845790147929
0.34917647779985866
0.27814118058012766
0.3864210672524597
0.30473157981529747
0.3279535027414516
0.3909770872484442
0.43945492038599154
0.492292081683364
0.33073574649927845
0.37951462451535867
0.4284624253631378
0.41273505429950674
0.4343069540769542
0.3296394326864091
0.29465875255427953
0.43271533930773076
0.40584356452258236
0.33358665263575016
0.4373085922294939
0.30151907781530063
0.3851278076143847
0.2870126777150675
0.34904743937371807
0.26260253878691914
0.34608023842554614
0.33924209400319144
0.29595230209388157
0.36945724358336157
0.2720076460580147
0.3713771874231711
0.3648791547309045
0.339673080417842
0.42610511411686774
0.38929166958074474
0.34579294926438986
0.346110687117942
0.3494455762508722
0.3243698088851621
0.37702745149295785
0.32881355836305626
0.40445895670207155
0.29109048035880647
0.29631577752120647
0.31144169930836063
0.3774571742345604
0.27266431337366626
0.3154661875843645
0.3676893033039555
0.3525376512459831
0.4541475333019995
0.34273997641951015
0.34634390057301934
0.41351883827433233
0.2565212966596386
0.31276152980857513
0.3542503759351478
0.35956257721385576
0.29353685886606123
0.38981012234030166
0.29833217838913734
0.32346736059288356
0.415401414630161
0.457981349707859
0.3596035649131121
0.4221542630878169
0.39880599923348914
0.37309066653360873
0.3640738294408722
0.3461561786656589
0.47105838287547624
0.4054632459875297
0.3498943726226069
0.34459957855797946
0.33848353068198145
0.29043087455381794
0.4105245273197481
0.5359403053655941
0.30665759134113485
0.3576811380368497
0.3241655219316765
0.3287673403751685
0.3246825103817665
0.3731411586461429
0.4566199111959294
0.2798735070337673
0.3278862025931016
0.3502549625341447
0.28083814339455887
0.46282544398091224
0.2619807502254585
0.29843991146760945
0.28190098890879817
0.4592597708020241
0.3625368007019376
0.24419184211677417
0.20308835594007307
0.30635192665367245
0.3213199477214484
0.35552955085687843
0.4942515500832187
0.3978136903633045
0.2821566249212052
0.3148457981907582
0.3805453622551859
0.3618976143043361
0.34456810295496126
0.3624404174640607
0.29056562220902116
0.44903430799728167
0.2795556181922558
0.33173343713144837
0.3316110640904136
0.30343175069603223
0.3072526135560442
0.39141739496043493
0.29332718061028246
0.42091367786558065
0.3771654615060764
0.4552090362738619
0.3193592827982016
0.3631303128708229
0.2966787822448243
0.30836141547371926
0.4028565675941433
0.2687884606720174
0.41786576046835056
0.4226481684492115
0.3852681055668742
0.2934919914243192
0.3511531303375918
0.3429065727293958
0.3100099158268438
0.4775459980569433
0.3592135813762803
0.42369042299140436
0.38046293965777084
0.3438562428071329
0.30753461196232657
0.36063908538932055
0.32516786300483047
0.2346474144528255
0.27000158105026023
0.3018372510272471
0.3938805838617549
0.4355677415565581
0.312604620462969
0.3460453398423454
0.3042460088424914
0.32294428621225796
0.4198396748817432
0.33994291420351763
0.3209903328511413
0.35411871014848834
0.3545847503261658
0.23809823764065022
0.31389542760515693
0.35013459183659745
0.29249143387907617
0.36447793830443576
0.36796082943871095
0.3773433121193453
0.3301872283978646
0.27867126589247054
0.2073906037618364
0.482701985930001
0.5789931403141789
0.2799443467158772
0.38105145831073767
0.3511345183444759
0.3023435824803047
0.29138345445492086
0.44583486285252955
0.3688046241245112
0.3458797317253786
0.42999402070683557
0.4361068836188515
0.32455397142774756
0.3801436611673463
0.2723670564570405
0.3279028777508713
0.271472612340416
0.35377458702454484
0.40528239892961015
0.2944768022662376
0.3337238567025396
0.31969252721840247
0.2846665248239064
0.32638070870224756
0.3166551045399731
0.421628825782994
0.28857521164622385
0.3335039172854925
0.39575945906583576
0.3201953257152393
0.29759870681703193
0.2712055826931673
0.43670268344433827
0.3042184876946448
0.3553689756625552
0.32549551529119863
0.2954674182871606
0.3702212450270388
0.37652440986951735
0.3351964070985557
0.43341046140621786
0.3914055710244278
0.3766578383448201
0.35779219758083314
0.4116279875229222
0.28326453850039773
0.3609043506291871
0.36758860519784126
0.39552074558472894
0.4015159000135441
0.41183468963135755
0.36305191349123633
0.32775405583112827
0.41989302397885625
0.35226623097599946
0.3058926120499056
0.31895611075784086
0.31432684413420225
0.3246714321074067
0.2695269090663363
0.27310080077251175
0.32480547020771583
0.33500384933906985
0.30343842254263287
0.2264646330596742
0.29647726057052487
0.4359184254413411
0.3266927341379443
0.4277885591098125
0.283918033270034
0.29488725581911146
0.40741455232154866
0.29750134915361964
0.3918750506167623
0.3977467715119335
0.29055264193236485
0.4338339349234757
0.31360771041724067
0.2923312750713496
0.3677090732006833
0.3937723978265479
0.3640820208511434
0.3483224583520341
0.3125588362034497
0.31807053579379
0.39186862154734176
0.2849360921115626
0.2564854618509341
0.3537672639708718
0.3212324596033713
0.3654325714078673
0.2988824938227001
0.25529525338063763
0.31475767692568885
0.39177683996240664
0.3416787993993193
0.27254128534333355
0.3219908029446407
0.311498012465818
0.3630267524464185
0.33605227465686216
0.3983935372217155
0.31919427918415
0.341918742363301
0.39008778530160043
0.32009326356906864
0.33496238831905173
0.4210837385399409
0.3873309209307884
0.3065352156070856
0.3250560588010868
0.2916339858070533
0.37444515429827263
0.31956062278764197
0.37579608115303254
0.29820139840889004
0.34741865570616187
0.3672674792237584
0.3213471772155219
0.3267119652589912
0.36713757283636583
0.4051107114565234
0.34417895072924903
0.40520752752385625
0.49975431318553837
0.34644945623130446
0.2951330759498267
0.35245067887341486
0.31868415923712723
0.34099937370350053
0.30545257483244065
0.27773508205490255
0.31624226266363203
0.29985693376220374
0.41976814809490154
0.42610565248097065
0.29663172378848474
0.44867041241515226
0.2938492067381171
0.34059250063649016
0.3149324708786284
0.34343535785079965
0.31204894446549225
0.31863323772343743
0.4209125374346573
0.3286025297963838
0.39069238355206465
0.357790912816524
0.3590213077035321
0.37814130484522596
0.3121040865786386
0.33887134374229194
0.3432154042990843
0.414936183070768
0.2900434282096951
0.2664799815791552
0.2876461853000698
0.3462103906192914
0.3499758009796489
0.33964553900113076
0.3454125640387734
0.28869735833462573
0.3940193793614385
0.4274947485989129
0.4571083120366839
0.3305319771811491
0.3186187085013234
0.33946399715178416
0.4346241671707344
0.34389264674993786
0.28565802766188136
0.31205116874525257
0.409620538961453
0.32089848720638336
0.32890802734457625
0.3558491918308924
0.3148072218257519
0.32778161999675953
0.3386132022382826
0.2382571324904674
0.33610739422553726
0.35961367906927727
0.3897298197937832
0.2933920289141714
0.2841895467044335
0.30887465787599183
0.41092478691010703
0.31589571075289863
0.3337908947165536
0.2895319333359289
0.29671595314708854
0.3351658149226238
0.29489568042217085
0.35075792058858285
0.41076167873825015
0.30747875752699594
0.33174892496077146
0.3211579302307968
0.5365529688958284
0.30979717885190067
0.3548882708415794
0.38552045977322774
0.48347266041874304
0.3881357830241806
0.3660264341503999
0.4408503217059623
0.3125299112881044
0.3026780879463527
0.33259452513894455
0.33002007571454245
0.32764848339625
0.33012899735211065
0.33743485948181295
0.33760000851213395
0.3139703969621048
0.3488468523871128
0.25820156903119373
0.3935455363516282
0.3683442147804011
0.28850817672511175
0.4475312528192387
0.2925313701710779
0.3962801146228371
0.2873553227502159
0.36742519007397006
0.2854385067220842
0.3225805742769022
0.4826358418792973
0.3999064239381125
0.4453141199293285
0.27480384731495505
0.2804891565692331
0.30072871164046805
0.30351068351182653
0.3337076461959154
0.30165890931154105
0.348697742241306
0.34593727049413214
0.37575141048366856
0.3057988403916648
0.3875995892119902
0.4047292056343048
0.32596279099022424
0.37734613075390994
0.33830406085199755
0.35945831806981654
0.4004290670690122
0.34463190757202683
0.20138366053676718
0.42644188025794466
0.16564789607699387
0.3952621408624451
0.24675386755313664
0.39711708414283986
0.34106454761552624
0.29187963513792387
0.34076209145353853
0.22810089823188118
0.41520391836786036
0.35135032907045355
0.42075717397835954
0.4250684597299802
0.34558013780722724
0.34292864378739524
0.38715369874622485
0.4224699835677982
0.33585915920140175
0.46217864142970577
0.4118014713306352
0.38689619163961786
0.3213947776324987
0.2817060440700234
0.3773139732319334
0.32504130448979557
0.3033085929740435
0.4256911056481692
0.36292331962511887
0.4014467637273514
0.39574950505083806
0.328885663422285
0.3528038790127571
0.30376990202167486
0.3072683421163484
0.27861670257339854
0.3267505240914074
0.40634895420645045
0.45680163491204695
0.3127278665114162
0.3021266004989516
0.3698450895524255
0.40122730969463005
0.3360484198964148
0.346241946538512
0.2828048497840509
0.30287064941423675
0.33274466113815554
0.4236712346634559
0.3490907386991919
0.3410905530123209
0.35792058248035213
0.31475228987813203
0.3216757179693069
0.3367921710161537
0.38161809227386817
0.39551781400068925
0.3251532325106098
0.38785197791613113
0.3139179343620041
0.4029086396537862
0.3020365990663505
0.28976037911937236
0.23544870750174476
0.3488141619154851
0.39567266322584654
0.4115216428584673
0.28743905393612457
0.3653847473680417
0.3918297630441435
0.33045437804201794
0.3661865142281996
0.34774669999208785
0.3163844055558129
0.35844158764468775
0.3176091343411144
0.37138991951335276
0.3689960924535143
0.3329516839825544
0.3846905083113458
0.3083264796454636
0.3935952551105372
0.332932708653292
0.3861263419051745
0.37837914838511894
0.3480753429384092
0.3720608282845339
0.3424811821849573
0.38509505835830726
0.3431309150753746
0.4556876784650216
0.3127746133353577
0.32391331237711585
0.3957620919757976
0.3765097280579278
0.3873156760534341
0.30571201513656554
0.3266125542537027
0.31778225083435524
0.3265026802092962
0.29263029749140185
0.3696736378506224
0.28411483723371833
0.34904935532046016
0.4670046390824913
0.3040436830384372
0.34571589758876786
0.32195658765171287
0.363733896533118
0.4296318910703793
0.38840882630275936
0.2861499496085576
0.28552799272084034
0.3704853390840626
0.402290958023017
0.30227233220124033
0.5152561041204299
0.24896475473420568
0.4103568591828343
0.3642725389057601
0.3002864205090311
0.41712671727775935
0.3718534574673213
0.3727870669084339
0.34913004112891516
0.4126470200589006
0.2830951201368715
0.333276797427935
0.3373495093850407
0.3254945468173837
0.3856708853634528
0.37668796848736313
0.3224488780093595
0.2474673804009034
0.4044748536881281
0.3364698643996447
0.36418959634009374
0.22074517290884355
0.41616141539324186
0.27701207645990256
0.2746396869479621
0.4463650170052286
0.27854816740350297
0.34326665382887933
0.27234036761094194
0.34074405988149753
0.371382870425158
0.37317438501660033
0.3734388935761033
0.3813962187204763
0.3402060824467317
0.1879811657772579
0.383601509473848
0.3774411446785086
0.40668107325376046
0.42530846371561803
