0.39223937370185463
0.35648207788689107
0.3116604631204879
0.3671226338910509
0.32212006309471414
0.3011132679965333
0.3855482023641433
0.28969729315981446
0.34221015366800733
0.27359333984579143
0.31106363172451934
0.40456875512602464
0.301803951107443
0.34809099410966665
0.25092901262575057
0.31943353595155455
0.2931881723717737
0.33990727222337797
0.4552702234400913
0.2969669714653326
0.27586308224822176
0.41843733019232693
0.2700997987500558
0.28357142207708697
0.37267213857245574
0.3593465994696967
0.30906481185408213
0.2365970774174862
0.3405489082787665
0.2595834063945204
0.3663166910246936
0.2853374493343853
0.34413005543489217
0.33256125112988616
0.40148578574357946
0.2651827880458684
0.3211532150829232
0.37029845683134577
0.38031691953199415
0.36355120070928176
0.3758907110574619
0.29151257177731993
0.42847058951567
0.3061268207754365
0.3804408559197206
0.41073631685996925
0.3530000267368606
0.32673131015046514
0.2725768101734793
0.3730860470820121
0.3181217463856897
0.29898495739922576
0.3013740611548864
0.29738094939011384
0.38463400164663225
0.37477080331099644
0.2710085761261797
0.30123112838542015
0.34701133605935525
0.28734578567552305
0.37671620133112965
0.30841173912574876
0.2847174588817484
0.2066173775626963
0.33757835530841807
0.3219088005503543
0.3432941703251223
0.4762314618972399
0.3323608283457236
0.34117738892958893
0.4126521537114913
0.2767159325177074
0.4408533528849376
0.37023852967054727
0.4040061241927704
0.37002928116639666
0.37906047223375067
0.35546853284175167
0.3369533300367144
0.31488700788876406
0.28238877059825834
0.3251411408106213
0.3658393897489435
0.4113061338239189
0.3770206200901979
0.4537169318082623
0.3944171860043264
0.2802934081591115
0.37934656671582667
0.4796051547959244
0.3054394796814701
0.3887343892526373
0.43486523808170685
0.35314538655902156
0.2879765900336966
0.387899610691258
0.39152360492135607
0.33249786031201767
0.3551199581901652
0.25601526309149164
0.3723521419774316
0.34718093877179573
0.2682384941715671
0.35669592759498764
0.3838729448324282
0.33288206850898006
0.36405584354733256
0.34749438627277507
0.33723105982263557
0.33751060982373243
0.29632946985281466
0.3098480369500779
0.37426981217793454
0.41427694689627326
0.3944464123110532
0.22148925162272887
0.2943570278606683
0.3528244583055299
0.2887765253087875
0.35041451409580565
0.44137553152688547
0.385663020548745
0.39318238952604007
0.24368765693796637
0.2981726268548647
0.3394074317374196
0.3613758442698878
0.42019817894510153
0.3055232499956344
0.3072966042564868
0.2978010238538413
0.38228839301488715
0.3285286463139767
0.457175186970101
0.5781537941273196
0.3766478839724558
0.3803668060027321
0.35136569695046627
0.2688220069949409
0.3925613664175644
0.33104328877069666
0.3196695955372705
0.32567183248734627
0.3525461018394081
0.3738080737835526
0.34629858146935266
0.3343819625704348
0.39095971429030274
0.3395223799824897
0.34000272094946815
0.3587985402038637
0.34410826602544253
0.3648899921648415
0.2512732720461687
0.3146330992432889
0.30160175724830457
0.3508242236766244
0.384977693310749
0.23343746765870105
0.38703132362090914
0.2364818779759036
0.3596549444025142
0.44826666042949864
0.34930285605630007
0.34345949974421497
0.39077652132853263
0.35151596537611995
0.2779950536340122
0.2942816467724763
0.3234969475224117
0.36258518019751607
0.4080767317695455
0.32406322409425703
0.3458550980284138
0.2578852875454838
0.35881005540029515
0.31216645638081403
0.2709429127178596
0.43517180402257644
0.3927004935216433
0.4538839460201194
0.30598290203268796
0.3868069076167706
0.367500681666024
0.2975147784522918
0.4042822291997725
0.28240598012550894
0.40202539932903436
0.414888932525957
0.3383432420836125
0.3399779480171569
0.33530693138889167
0.40475921924056696
0.32074013748836
0.28634018345827916
0.4408100810511559
0.42385131406793763
0.29106102400331413
0.34431991282439944
0.41529014534263486
0.39206434749295943
0.3915008263302569
0.30345927081179397
0.27550461175340235
0.4316467176272174
0.3289844722962251
0.3245724892284989
0.41007745574038773
0.29790756491292913
0.46401101911941256
0.31063682481418176
0.36557186340255415
0.3213676763332485
0.5233213476332154
0.36854287303199273
0.30134458369496386
0.3342147832450295
0.36501503270219865
0.3689990945087438
0.2861960468067408
0.3367525396661435
0.3119865770220786
0.34413651074869667
0.39661618386652225
0.32836235015476356
0.30023356205518054
0.43672951918414893
0.39712584665496914
0.36361061877182577
0.33774267159657134
0.33731821202822604
0.27899027217354955
0.36027333140094026
0.3117473765111578
0.37888883899013664
0.3966197296229825
0.3864272341591307
0.34861045143759495
0.27713420281639406
0.3959515720462189
0.3892153506882747
0.34252560727149933
0.4297934958343205
0.37035060008427556
0.3868492561985786
0.32215784733720393
0.29092458696899653
0.4224362371421334
0.3738304334145151
0.24869258006078432
0.43763007215504923
0.3272939420149854
0.38557011525337176
0.2952305189778669
0.2885992773140479
0.2757206016557169
0.2612131138355095
0.3497335693879378
0.3501870070693458
0.3025190553162896
0.36311848711237305
0.3816582919720106
0.310070250599069
0.3968832217702983
0.3436450050604912
0.46670891880536747
0.4129477047160809
0.4205379843372628
0.32286939877116083
0.3297250142402689
0.30943310524270534
0.2885499621313503
0.35848589301517586
0.3201817151724017
0.45390757093128087
0.3632681362236212
0.3676609573203444
0.4047483111579549
0.3590153983267287
0.3780420885010464
0.2947122807659526
0.4325239360379817
0.34789104440353885
0.37015730403475416
0.22958441366359617
0.36108520947274064
0.2796881600086898
0.32319266714780637
0.3504574664679466
0.4524259901482721
0.3109389170362495
0.47336585725817504
0.2444482037473984
0.35598088780362885
0.43024124388069823
0.41757274827106516
0.3140519460622381
0.35850355935253786
0.3057010195412629
0.3133487982319047
0.3863105432782426
0.31308829936075044
0.2841390720105487
0.33222384417722617
0.2817307705720977
0.4169087429681102
0.31989639959135724
0.4188591294371575
0.37037636280966185
0.4403421513212556
0.3711192459488567
0.346775707717053
0.2889966485664889
0.26655324620184245
0.29882544782445636
0.3049732165313671
0.3424983217829375
0.3279367573316836
0.31397248872161143
0.3000809267739762
0.4972815455996933
0.3625724795487194
0.3043798223885146
0.347289845630972
0.33648588526917733
0.31927802247440984
0.3777869066215501
0.3246619536841027
0.35068701373789274
0.3273267022248661
0.3923097475227444
0.2932968283450507
0.33284656380750194
0.2272267665244799
0.31084455115983456
0.3248577174958571
0.30521245885641735
0.29999105034165524
0.3225489925052289
0.2541468359618865
0.295231255195286
0.3098465743299191
0.29336629751230553
0.28911151229750065
0.3564695144578119
0.447386410490659
0.27017906450940665
0.39614932596127983
0.4260486617183912
0.3266985210670048
0.4576957777167916
0.27550303146921296
0.2870609940708306
0.3154075142729278
0.43607206166527973
0.37947987574305087
0.40163253821229383
0.3977883075971075
0.3756174083369457
0.244153449688722
0.4123549645190636
0.3345257764034584
0.3534018260729864
0.35376975995849563
0.3174472531294806
0.384360528951178
0.33422469023941787
0.34208058468441016
0.27049998438151546
0.30162638520384694
0.3347173285145363
0.34660538203742236
0.34238932423250457
0.3685290216129516
0.3403683172704294
0.3732463992245777
0.3081308408180784
0.3374566313700462
0.38970769605377137
0.2809081464465695
0.3660492717022241
0.3283910100483092
0.31671720517016516
0.4056328505656755
0.3190909981961861
0.35852046714479513
0.4527683451164413
0.3763668974872008
0.3843775994173372
0.34672822756237576
0.28847304046751665
0.3958710241105005
0.45792713444855376
0.3229901045879857
0.36833577906834447
0.32635641324393083
0.33185512329132744
0.36367346927852345
0.27280306597157594
0.423493256574694
0.40350042589579876
0.3009199192961269
0.34903449089052047
0.3903977389410266
0.37709995940925395
0.26698755678423086
0.4672783296281642
0.3546295367710261
0.3128338033100755
0.3329670746727198
0.3422606250413126
0.2923483283023469
0.32459342823257376
0.30136136027935184
0.39090369697766875
0.3491483084841448
0.31819805153394637
0.4042404196061091
0.3234698810749681
0.3926544943264197
0.38487640658681427
0.26365981026791274
0.31544143945548153
0.31969875895824146
0.3827578469459254
0.2896146279502118
0.3477549803147892
0.41967998423675557
0.31248166843123915
0.23523591792640325
0.434140944848228
0.34862324144054013
0.48986640074993515
0.4007521475724109
0.3320410250712473
0.3074678550933259
0.29779663803464784
0.43240117579280274
0.34021459446763813
0.2946116344834867
0.3254461957250044
0.28622808551710627
0.24448686803499134
0.39932790956403236
0.34098072231289894
0.40936304719411104
0.3114059715531927
0.28149641856826774
0.40043750126681343
0.2001429963702472
0.3892225654418206
0.3627800260856794
0.3966341192275963
0.3945620688725267
0.4511971886855583
0.3704984786017306
0.35207963313585
0.35177645439658783
0.3241470044471535
0.3059619957152617
0.3756228442024117
0.3451272147708843
0.3896835346461592
0.3162763683942881
0.24870382004576116
0.3471272126482538
0.41347457618852446
0.2931793789581808
0.3065572266684429
0.28656910512230993
0.3259193186226261
0.24449698101660727
0.31585413622127984
0.2739807350269197
0.32081770521321834
0.28784045077725345
0.3419982404780228
0.29007598239001303
0.3677574682290441
0.3549171128431823
0.28496551684555044
0.4602017460462727
0.302461919146374
0.3951254416016207
0.3670994975125562
0.3762473158213974
0.3640748299877223
0.34437108829722507
0.312966475211924
0.4271158139747352
0.22026781715097038
0.2940398119142103
0.3388657434904514
0.2821130051716384
0.3153512056186264
0.3721009746016232
0.26739379412650677
0.32218690392948524
0.2856556499513879
0.390112906912195
0.37293488196541474
0.29848885552963206
0.3369532771813542
0.41527775447016985
0.38948419881144464
0.2881560117045228
0.3953202132195501
0.3995739067377339
0.3065367155881153
0.31146464930967305
0.4647697235627748
0.3005941753581462
0.26970790171597314
0.4170985188983724
0.45340814262000373
0.304366500686616
0.34503512747428977
0.4136976271520879
0.34595230833368
0.3069760825116071
0.3675123201433127
0.4235966059869474
0.36669368405632025
0.3129403040806325
0.30638800702904306
0.5340168008088637
0.41894578251560016
0.2601458778715667
0.3410930718178673
0.2725233668552648
0.28624917575260006
0.5001244332776289
0.27675371731984477
0.30210361093109867
0.3868336100843349
0.2989468389809718
0.31190226945874505
0.2563005344611396
0.3007726686918949
0.22680227769992978
0.386654718558881
0.3708773821491049
0.26920409420320107
0.3689448654001862
0.39825030146357066
0.32532693335237645
0.3976300972658811
0.28166506598328317
0.32266969352322666
0.30136331882253886
0.31875549193054953
0.30525870607592365
0.3194940939556472
0.4336966358762183
0.3653222114205837
0.4238104207136454
0.22475312369845507
0.33794560678295466
0.32771021471267203
0.3296255277798417
0.29573819915470156
0.35075162941102095
0.38511042942504586
0.3122957575742801
0.32150278740377075
0.3970364833750782
0.312328414941961
0.3495911008552042
0.29664002615532764
0.35925572215161555
0.3515565678093713
0.3845869224660206
0.3177950519056053
0.3506022678562123
0.3039102793654132
0.38452613510069866
0.3185307778678597
0.276449365125654
0.27635667916457496
0.37115354948938833
0.3739874212049752
0.3730917904705293
0.41087491013487953
0.32759275973787483
0.4215725707506048
0.3018343963910045
0.3300088277227772
0.48260729958467297
0.3414799791424914
0.410675371072802
0.3135332373798603
0.2841200978323603
0.2688748426553005
0.34767387943837347
0.3247847761048728
0.2959615947808249
0.414098571000316
0.29099191580186545
0.411515997240778
0.3795885860459035
0.4070854592879207
0.3784487826615678
0.3556441426991475
0.3915817766756741
0.4096773455606024
0.4388288486894825
0.314758952342192
0.31791910373189614
0.30673311605195114
0.32470949526479637
0.3019618799889414
0.42197789337286923
0.30732293046223574
0.4749310854877919
0.27412784247748495
0.32387006322720013
0.33504888448447073
0.3798647249634404
0.36583621954915635
0.424035260203285
0.3260966447334696
0.32592075987487185
0.37246839499538237
0.3097397294202564
0.28432950235048376
0.34625413443602127
0.36809860111885767
0.2559762589100465
0.3139393345394241
0.5139998950544933
0.4189940193549248
0.4308498464962788
0.34340419770561786
0.16287631517379095
0.4180446258555066
0.2589081648038554
0.4201076258064815
0.29571434800414637
0.3773875386501974
0.4048745469991003
0.3347876218686531
0.35811988639170084
0.4168313976667583
0.33161162205627487
0.334106715144587
0.277246798026447
0.30296282080687137
0.32103499383005607
0.29007484039843234
0.3369299765433966
0.3395025462582169
0.3315863536506302
0.297323470891169
0.39997469008535785
0.43070857929519224
0.3453644291323882
0.4423253065637022
0.27925583171959406
0.3266866085242034
0.39837702077934445
0.37420119212271674
0.29300238053614874
0.4092067286846851
0.3394308409872446
0.33559020202417644
0.3390037357462039
0.3568283959807427
0.3348655624721955
0.45818563750484287
0.30072492909014514
0.3299505729801055
0.3703607777300382
0.4179041602436857
0.3237285889765916
0.35492866953458424
0.3147479841592878
0.28836627742254717
0.35620766223404116
0.3252978164133384
0.379976158983622
0.39291046282596376
0.2959481148502064
0.3609814605424946
0.319269614508039
0.42267078147634646
0.3514343912021055
0.3851801862985576
0.40921814259456996
0.31684944879436405
0.2792459428791397
0.3294182605946087
0.4396705735792455
0.3017863727431488
0.35432846413244135
0.28591382005979765
0.3727512100397967
0.318618044303641
0.3028015957842412
0.414439858280839
0.3929146604939713
0.4292501333639453
0.37729751727897415
0.36562709054106757
0.33065032803971167
0.40171936199404035
0.4164523969924709
0.3789863976769123
0.33424942019492765
0.2292415223166639
0.38850617784404107
0.3414492187482314
0.34436371967755003
0.4046064061467677
0.34388653410461856
0.29225405401058313
0.39621896384103067
0.39974297328098707
0.31778743584973346
0.30059633220589915
0.369603899976433
0.3427348799031956
0.3378277497300544
0.4117454845866877
0.37669849584203197
0.3816393463128032
0.30819215587590054
0.3373063843577866
0.33380105724739384
0.29499872143526495
0.31124044732758677
0.3052082358205787
0.38635303601983056
0.2897247407311437
0.35363631816061275
0.40335280929164125
0.34995579904411706
0.33877087108581544
0.2501165123265851
0.24349562316101933
0.42564067151903595
0.34783616755756847
0.40896408865461703
0.4227096445257244
0.3760218283118287
0.2961439002431471
0.30155015762690646
0.36140468882193433
0.32933030873197217
0.399411491959495
0.30204987198567246
0.46299757957276294
0.33890323336074824
0.4342698996130799
0.3514163764472414
0.3336483355950757
0.38474334751819145
0.3457994869494054
0.34754312024362755
0.3606914975605988
0.38565678081605664
0.34195517433485906
0.40627612612053654
0.3910475434810397
0.2851237020913498
0.2788441739657601
0.40160446955935963
0.4106139970741379
0.2330784090364132
0.3569147255844605
0.32558591038208334
0.384497564449986
0.3691896260066291
0.3295366140915494
0.3737809628824864
0.2983851914142185
0.4178115445482803
0.30004634393868274
0.29202067835956275
0.36472607498702186
0.3168122382806518
0.2335234760978687
0.384627780794371
0.40982899811728446
0.34575515969148307
0.3227840724451264
0.28420642654797734
0.280705037360959
0.3407672533077773
0.31981449412084473
0.3091606133628302
0.33490181447460127
0.34356593716630246
0.3796224582343501
0.3078417489707711
0.4063730629774236
0.45597197366197034
0.40648461483712617
0.35978671222946446
0.32710470766565647
0.21841949521019224
0.3637295120756821
0.4038800892919769
0.283205115234941
0.32557083380455165
0.2665293475804775
0.3490296402360702
0.3650897055161324
0.3970756668391627
0.4257984638907347
0.2745619753842588
0.4354298859684633
0.3149363787633622
0.33168559059529135
0.3941697008581225
0.46590052906201324
0.3558467644942503
0.36976665262751335
0.3201733509842758
0.44050722073918497
0.3174011493686903
0.22772417812652562
0.3640925011879003
0.3316926189742468
0.3432346280413964
0.3037434422210779
0.3066586122374522
0.35352358700112896
0.4138240921564297
0.33368131669471734
0.3591810661596514
0.2756333769612671
0.4435558153679521
0.3951085698547918
0.3753378759562376
0.39342580931484
0.31211005555392607
0.28140773712813805
0.3856775714535397
0.31439382654067993
0.404792245013536
0.27933815343114254
0.30519274086745524
0.3223770342919304
0.3211400053429928
0.3453275969069574
0.4168525185360464
0.29517774481145953
0.20002104577843133
0.407853643396804
0.3574498884071144
0.348503138433372
0.35066102800033644
0.43243398386588916
0.3395807290080699
0.3627261016362384
0.3387705324046411
0.38687920441439
0.2903313340454181
0.40871053141734826
0.3299870199926752
0.3242285251612756
0.33978206496609714
0.29364367871589514
0.35574567960993997
0.31509631901037166
0.4024772749084984
0.26885483094784596
0.360514250858325
0.30389597655838657
0.39335585574967125
0.41024565404661406
0.2858546365011392
0.3730755657881091
0.33635247781659094
0.2871147130133495
0.4186853040868481
0.32412652994863256
0.34915860188244646
0.3565976907765442
0.32516551443041625
0.3197369405245824
0.4101964748670429
0.39287991263443606
0.24417216084623652
0.24713507670010182
0.25586285820808086
0.3390959106331299
0.3237509524861517
0.35742789651750445
0.3814918254602846
0.30001265740534583
0.2466317619240866
0.27916939266298413
0.3198215128921489
0.3251907215363255
0.44668601086034393
0.37038200048880515
0.2823678215752958
0.4015545879459756
0.30857799598509067
0.3394156039426217
0.3479284112268577
0.4001838200509614
0.4286749207171766
0.3890647435638993
0.3637455266907971
0.3584440804498403
0.22449101546429448
0.2953272720269256
0.3850474826385047
0.33350088079418216
0.4034696202492032
0.3063906157002973
0.2871563136501974
0.2994344425870526
0.4570767779232769
0.314816616971015
0.3520228262488947
0.33248272130766926
0.3228533241500392
0.4668188582263038
0.3550945035766515
0.4272290165795971
0.28933724725313315
0.27729169078812155
0.30628996807095643
0.18722148601799316
0.3739010387346978
0.35131406404878146
0.3497992359310906
0.4649430762271498
0.29034839642096477
0.2873215096047898
0.27108991587132225
0.29897394245065007
0.40016965732935794
0.35915410806467263
0.32538129003715316
0.32939868670916067
0.29823354543859615
0.2846076583521494
0.32581372897492106
0.30098625957852365
0.2721098798439351
0.2822950761935006
0.40004498886392675
0.3347545713071044
0.32280045546558295
0.3736702470060944
0.35627898018090276
0.3802303893001893
0.27107992893828126
0.32744353441784785
0.4043955434692097
0.31905392601549865
0.4556949202548802
0.38748855328807613
0.3108655570247275
0.426196437481116
0.41760702876418215
0.46355663572190003
0.3084152023621108
0.4573898946662632
0.3968108925033763
0.283206637735137
0.384717562874288
0.32890129663267514
0.2931399549756481
0.3694621633722881
0.32095525100567296
0.3386269462945658
0.4220317256248985
0.3243412637725767
0.357647181994007
0.3175473659059079
0.37054738440539586
0.3173652929703292
0.28046857766395333
0.39107849921261323
0.3066238051442199
0.45128986382624264
0.33079456180341443
0.3126081436219726
0.3335141375233468
0.406240776040447
0.38520931514121043
0.491195411031804
0.4029062789597797
0.40745794206997626
0.2983757715588998
0.32790436269846895
0.37216373858479224
0.48153008564554106
0.3308707516448347
0.4092767719909598
0.4994061006360386
0.3649793221027276
0.27241757458093085
0.3611564754876339
0.5367940358379537
0.3695280062020405
0.2935897765477866
0.3072183367540158
0.36245789036919895
0.34235696641704666
0.34985510002031556
0.39684924982958064
0.2836884974644688
0.39765905680420655
0.2761460020665322
0.2936084395634443
0.4140723365483671
0.2807166424000417
0.3555579234788106
0.35003192646411274
0.34104491256919733
0.33431032972043123
0.37403704174075686
0.35092913695478894
0.3145293345220032
0.30928186407280617
0.43981754669216616
0.292165261662822
0.30010043583863544
0.2951127603415474
0.28481828875604115
0.2584936777647272
0.38763098259841816
0.3085823712611514
0.29221715430215695
0.3532089924532365
0.3180068572271472
0.3947713829131589
0.3037018944690079
0.3570760230096448
0.36301965559274346
0.3685070462429027
0.34982569495291715
0.273572408982051
0.27882291637126516
0.41557750667920196
0.3214462378725209
0.38175275718393037
0.3290459062651115
0.28665906372236416
0.3261446186418672
0.376780673512992
0.2956258698958784
0.33649494620146897
0.32084105532747237
0.3127077625727455
0.39277140210998557
0.42066016727880884
0.32173376941390097
0.2940537755927102
0.2658685327015327
0.28906944886964486
0.385912143525468
0.39109656319027286
0.42143629456902415
0.3418318616074916
0.4936243968777444
0.3422223870434437
0.3195162759339207
0.2710314326795645
0.40824173864285657
0.28258795980064244
0.3933937060168567
0.42774965230899115
0.40135637311524697
0.2704763020422412
0.3163889202577207
0.29106455938161147
0.34757464700042395
0.5503956926372366
0.32736076896104943
0.44661286847211956
0.3531071566899451
0.3757572897405286
0.28395497851951107
0.48226905144261945
0.42000294225562373
0.2526792391081012
0.3455524275748735
0.3261935113813224
0.3208654537925505
0.31506221238777593
0.27090374587187993
0.2437055959429152
0.3555728371493002
0.3590105102648949
0.37642717107977325
0.32533067185763354
0.3536489140094227
0.3535103081849315
0.2897637283572117
0.36096388445797484
0.28015298457184706
0.4103506062618576
0.38155378685558766
0.3652798787857014
0.3252476561224312
0.3405922342709056
0.3500403173197455
0.2810342326241816
0.3767703871896
0.3337970355850002
0.43065938281453103
0.4491759953863704
0.39229877167216864
0.3964913463543735
0.4531710328526107
0.3201908283376856
0.3311642118468199
0.31864112493802044
0.34464313777147326
0.453031476863389
0.3516111081096931
0.40042645515122116
0.3163815218193444
0.37335426357377055
0.33047957916282206
0.31912863091306404
0.2825260233536028
0.394195152703315
0.3259844587565808
0.3278669486799108
0.33742122188107865
0.31746876802754664
0.38916439557454763
0.313366387752669
0.4196403353115527
0.3158683289257171
0.3484300695421579
0.4163205335399604
0.32066248246987483
0.3699536295004629
0.4969143288975943
0.36647276300712667
0.38107257119198
0.2865593659045844
0.36391773099743435
0.35282256742141327
0.5165527687228111
0.37532892755544695
0.43509899427376814
0.25151237868869514
0.34533149128773655
0.359261450630788
0.292129540820809
0.30893444900647277
0.3268412421600122
0.31317616670833387
0.3264271746682848
0.4238734459657558
0.3543570276803337
0.32670742371584854
0.4245377549395593
0.38665843337080386
0.34353938252915234
0.2928401888127655
0.34836113157759496
0.4112775700067246
0.33407421567041784
0.33013694233263735
0.28178541642662824
0.3788906085893195
0.362580901180222
0.3405268414153218
0.4058297972249328
0.39612707941498493
0.5716268903891688
0.2686498368187513
0.3476607605174673
0.3609303546986011
0.2696341269044916
0.4181150095502429
0.3641375233660492
0.3650496239042106
0.2970230883751653
0.3441403011168577
0.3761926975478729
0.42230907335773343
0.49341861759585387
0.3334250140862823
0.33254306077773604
0.49838993017939015
0.3295786737826053
0.32104146131370065
0.3018130109577369
0.45877625923187465
0.33069272947051326
0.27086633965946727
0.404785124411475
0.46105878091659497
0.3070913319008511
0.4024833427467116
0.41926429506705076
0.3642838851041015
0.30215701446311866
0.36213867718825055
0.40872599387563713
0.27724051591402854
0.4239549202781823
0.27336233722950964
0.3561718110682225
0.3249751015158153
0.2868034351995034
0.3711462528698799
0.44429142461769866
0.4683837366177191
0.266686369832739
0.28591500984758617
0.23552058252680652
0.40740261718762616
0.35336941689887585
0.2921793412479054
0.4199377090998607
0.2716118038196195
0.3841420778135294
0.36018733084705273
0.2605387444151925
0.2871093928372648
0.3158086781388205
0.28669525847001737
0.3285465439991168
0.37575916196445275
0.4126377113521066
0.4284629075585876
0.44508212754206744
0.2901440926654136
0.3203286503522048
0.34361632638146017
0.3707851204261185
0.4353304649095444
0.30134647338822945
0.34485398016071045
0.31811022890505714
0.4207160642830295
0.3182079039344088
0.3389056683236685
0.3355584886713745
0.46934795028451315
0.33213710306677147
0.3789732534988305
0.3193624172771757
0.36492335441973583
0.34557952371938117
0.36017039499934334
0.2479288817356794
0.24194054483741614
0.3461111649097142
0.29514895107500017
0.3931442853080233
0.36955064660741666
0.3410907545154143
0.2827378132463976
0.3332190481750966
0.25431900129801116
0.42531976934224003
0.3917637752475559
0.39465392178248837
0.4249341455892751
0.4038198427413769
0.314175934244853
0.2902239915317914
0.3431118264141514
0.343231647998042
0.3635682477238594
0.3028209172966486
0.21488978362238043
0.36170416239184433
0.4124907321690894
0.40072034352745955
0.38820799218986846
0.35623005352830556
0.3068420536338733
0.39701441908215573
0.2768399003953012
0.3008412722894292
0.41547189055289346
0.32962816203174033
0.2849935388263465
0.3424674593774517
0.3290303379965312
0.28232914103568385
0.35904938224377475
0.37934048955795996
0.39336796160602977
0.36421054189732704
0.3434713714165749
0.3744300057143193
0.3137627786639213
0.38404203314672997
0.26651923799752764
0.39177193335661964
0.3416214857146306
0.30193713022387914
0.42758582142546714
0.3657430638126261
0.33622839185528935
0.3114471006563744
0.30477546592795635
0.43138268496730225
0.293461067295945
0.2780917270326673
0.32503597072167784
0.4606636366938131
0.5544900254944278
0.3174608809257986
0.2967181927339574
0.31588441316179355
0.3471656457981126
0.320434601188081
0.34396838103360705
0.3445835799501881
0.4112664644649589
0.35589490732681756
0.3435310718703708
0.4027621880802485
0.36362283414883606
0.3454318537273174
0.36674692367446077
0.34479960244538405
0.3082632535161259
0.37082596913244353
0.31482524128383566
0.33556928275614967
0.3185526135683096
0.4425007168378705
0.3865550221296642
0.26999987289487076
0.34102714630604664
0.3238003751732375
0.3091159781576487
0.36712989966038745
0.34186567520176053
0.2975846051942153
