0.2535127013341537
0.45846442391813813
0.39347582112847995
0.49954189231669127
0.3532713391291731
0.3178382924916426
0.32915093696865344
0.39524911724121836
0.3595102743986936
0.282527513154234
0.35226655583468724
0.30977812507555347
0.29435214128271187
0.3743072873659001
0.29761647170991196
0.2852565145932944
0.3733932091751004
0.3950543972731254
0.2758893310918418
0.3566374703807262
0.3516782695557242
0.24269493836940667
0.3503060345135525
0.3187662918950608
0.27959914527235574
0.3201492367273746
0.4089678468909242
0.31020260961005197
0.36560987911991333
0.2846667816673667
0.3019290788682707
0.36621972735954617
0.35373235180847057
0.25442607155739877
0.3235243331101931
0.30699697160923284
0.42822833919686387
0.36472424477236887
0.3531660012905529
0.3861842712323166
0.41285702161173093
0.41205974560807807
0.4047657833279307
0.28197221343177575
0.2938284658733491
0.31593178236895186
0.35032587759398887
0.34223983649284373
0.3023388767622711
0.2992335121218197
0.32018861430819096
0.331294143625612
0.27191514342145995
0.3546313368673523
0.3101993313149387
0.3694616057587063
0.29465519320655786
0.40651445382905227
0.3761437413108673
0.3947914883552109
0.44121887137397314
0.3086438106125619
0.3501977701582617
0.3653069545728937
0.30977524149027463
0.3083921006511173
0.35922194957155135
0.3229044169685331
0.3759318144875712
0.40396869248609796
0.3258752891297828
0.3442420877431298
0.4197571951734925
0.3948143643058575
0.32941323880431017
0.36028098682542375
0.30930503048224073
0.34358024480529936
0.33609802689700613
0.23332811049314472
0.3634392000166736
0.315938322805787
0.4153450872719923
0.31998810820098345
0.3366035691046518
0.40090153459032485
0.3615713979353521
0.36492483412909094
0.3267411146048543
0.36459445316014705
0.32412671378887126
0.4188752530787673
0.3561643018046832
0.24406300457012153
0.3914839825978211
0.31602215039300763
0.33764632097643693
0.2905868624271473
0.266643337024324
0.28397495990317184
0.4284748657515695
0.2689142030742527
0.29277976924753357
0.3334252638193247
0.3232744541251587
0.30608465127881646
0.4512909145084473
0.325644499085829
0.342699293131291
0.29656229481273816
0.32623590322862533
0.2912793757890793
0.4356770063261573
0.20101833201209324
0.3682004190663253
0.31968182319488336
0.27060434433768454
0.4005109649487155
0.4075347198310363
0.33157803111218936
0.28958892535089076
0.3194905058483168
0.31619643467042224
0.3392446450145258
0.3437265337585107
0.34542604857178827
0.32418224746301316
0.27138038902329986
0.3433694895054506
0.3341760254579939
0.2987176145575113
0.37935155433287554
0.3126439894679329
0.3261808078601625
0.37089759220792173
0.3637112600556989
0.33371613310276377
0.318457534524655
0.37245977252469004
0.32324452220706446
0.34065981424615016
0.25113811515480744
0.2868235410865035
0.36065726868956705
0.3172926827838245
0.3259669212437048
0.3249078373738928
0.49722424619450206
0.29388581639023353
0.44743770203800387
0.29073300933997137
0.4213131658824444
0.3026341249403135
0.37071783899351224
0.2963457529548765
0.36413494032821697
0.3540477569786465
0.2958095610561027
0.3664149050030271
0.33402773327839597
0.32592087085889376
0.3254730572100979
0.3627604096091055
0.4452009243880415
0.36946194498739526
0.27173405732940475
0.30540958810291147
0.27274542588002215
0.4180938600920521
0.3447966764122514
0.34595434108038486
0.45914522756143167
0.5162179147837936
0.2977940028280059
0.2489186970533379
0.347167780557732
0.36173582253084824
0.351640893036248
0.34349826815594564
0.3230187340828907
0.3516401253261448
0.44802746648871217
0.33760677038883297
0.4766415667797859
0.36840786582469326
0.40767038194865596
0.40190565885622853
0.3711298880885742
0.38066324354956127
0.3068944508138136
0.370006595308842
0.34712425310569395
0.33968262696338075
0.40988918426925447
0.3819305051707516
0.3674794979587044
0.3656886963894831
0.28255566936463494
0.38671975673884973
0.3667995356820598
0.34396976230098986
0.3347693177163288
0.2788266484483821
0.42158787199768105
0.3180136297856995
0.3267984707199725
0.2961723235250353
0.3267157375881569
0.34135850540729806
0.41001961357089833
0.30910127735793314
0.32480212916010953
0.3339657302550377
0.3356908652291804
0.44863654716996126
0.3662277659887083
0.26395330219256025
0.34232512644584984
0.22864834567407893
0.2904890908650626
0.3698255298552382
0.3639078914995336
0.34606414376583594
0.34314240129436663
0.3179027262791042
0.3639387565523933
0.30645156380954797
0.34262277417449016
0.2829542553544494
0.427681491142982
0.3454508800024475
0.3820947073711489
0.36091711942271976
0.2610570782360196
0.3867229208684552
0.2913510047669662
0.4064946855281764
0.4157192897465369
0.3933066216679605
0.27433953494584845
0.3226153388485402
0.30534964003757786
0.32593510770882034
0.3126525463775939
0.2926541032331929
0.3872681521094715
0.45598701278601833
0.2794021912475137
0.28568302281368696
0.3344873586781113
0.42425247048846404
0.34108436095175876
0.3490326812323578
0.21543821207972944
0.3907881682621566
0.37996786588110304
0.3413333114114594
0.3302567903957292
0.2597925821226871
0.31314004777394944
0.3638575339791074
0.23658017974597687
0.43517873270033064
0.3347912937458238
0.3289129310783875
0.34815011798093726
0.4047397375830932
0.38972809506986755
0.37252009986636003
0.3212658864788146
0.27920833077700014
0.3454041781491262
0.3111774155120304
0.20692068195834296
0.3113717535185527
0.3211706768113509
0.30176535371725643
0.37840351180787135
0.2862595857132182
0.29965102048346226
0.3606388396213776
0.31264334388435344
0.40527402737384194
0.2610898295379112
0.3655413345309634
0.2976119425093936
0.3373455984803049
0.30807147360750126
0.4250552338155341
0.5367034951987937
0.3849844147854068
0.3691953342064501
0.27829277676045666
0.47005990699966865
0.30701972465891053
0.3090656458791991
0.2879299254570296
0.34414757629636367
0.32267411217824465
0.46629949338973276
0.4577810915095744
0.40578571209811864
0.42030858958063977
0.3767106145594804
0.3447691992721064
0.30702918355724435
0.32750406259081155
0.28656828267005985
0.3994522825005901
0.2869029472528082
0.42921225412577574
0.30206452945082746
0.2919075909095195
0.29456405278072084
0.4540704803823537
0.34930299000048504
0.32713400816495875
0.31685107030996273
0.29979680671350023
0.3705269752714564
0.37095200007285317
0.4800912858573096
0.32560419133424806
0.36729321965165324
0.40895894433075347
0.4131146800766652
0.34557658005536285
0.31530122658967985
0.3063608829178958
0.35007173482410414
0.2775227503558018
0.32385967039183783
0.311734214876637
0.3873398136778322
0.2934165154199287
0.3057493394648152
0.35701253950741163
0.3555478984549458
0.3245353392991945
0.34147090899709476
0.4144016137644859
0.30288189614940636
0.32623687212782
0.26841268323541895
0.31053646234566484
0.2959878991574592
0.35607145819559993
0.28836147889995895
0.36292123028559375
0.42280446631736557
0.4318209350757542
0.28578871483895424
0.2568586681057157
0.39304435358839623
0.3407333140220847
0.4197548095813672
0.3803934357700598
0.38087809212013196
0.39488900796260096
0.3024823679557465
0.37981400595537484
0.39773307968643257
0.4240570072191283
0.3175778298914655
0.40576045159504215
0.3629127783135444
0.30140772163264934
0.3264972375491284
0.44482652847926374
0.3031349860718731
0.36708389004540937
0.2897480736393479
0.3090079334426954
0.39728926190739466
0.4663474320282935
0.35632607426296
0.27656864862024044
0.16356939977889606
0.31529003663296273
0.40337916004079377
0.38500869917052416
0.345710305988867
0.3493659033969641
0.49723215430062895
0.28455032489899923
0.3646368934081811
0.3436643036611993
0.34793605721670845
0.3296916926302164
0.3120692465243573
0.3426963452251786
0.2690643509382016
0.4376815185426625
0.42608095769472415
0.29147392042260023
0.3121818637294368
0.3426719873355778
0.35362395168188454
0.35876793366428217
0.31646862260823033
0.30452530603019556
0.3526179986980076
0.3769135144470968
0.433585296348294
0.3332920852556092
0.3970095781955386
0.38997983873655645
0.3918122269093181
0.34405523415578815
0.41450148000993503
0.306443265782939
0.3238870991247889
0.31657853428348703
0.28551891708133514
0.41444821767171847
0.3181192763370751
0.33237108307776486
0.3841631339763337
0.4288750479949507
0.3146742772256846
0.4006614257514456
0.3451207813727251
0.3564954540277204
0.28921179162049837
0.3174225938315363
0.3274101174218661
0.48231157273274144
0.34277821919807555
0.29257737561509123
0.2654336841237566
0.4046402439262798
0.3302923704279042
0.4266581904185386
0.34032316358796105
0.3243579428506766
0.32526327341753936
0.41911997317141536
0.3060871463556918
0.4279510893849655
0.4190052844602234
0.3529606182971153
0.3261854979079083
0.32505288912614066
0.37353346779194596
0.419251970744913
0.29493026035942843
0.3301331581876414
0.3537392922540518
0.34112750772935124
0.3998323009965081
0.4828557606012912
0.3418266223192807
0.39128522675263855
0.3065341520753461
0.29513294772865767
0.34335855686788536
0.29552328268503647
0.38728361668579325
0.3230105535737107
0.39168965909082815
0.34716216183349896
0.39347829014129604
0.3324433430610249
0.30931472800754484
0.32931402759574097
0.33108595967937565
0.38615901528172736
0.2707535405524937
0.33461441569147704
0.38718833051723833
0.2839886632403502
0.3243085718201156
0.34803933160874895
0.40084147344923754
0.37094541917327445
0.3773341756673352
0.37740703375754736
0.3653993486185274
0.38510801766462127
0.3796680725584551
0.3307447496875473
0.35889277136828857
0.24401247156205544
0.4486165251710769
0.4112746323251754
0.3136727257654387
0.33532489101401886
0.4084633190091738
0.27952372852368884
0.364078593178626
0.2875435748943541
0.37976807667633095
0.32760248300267586
0.35543333615739625
0.3974400481478181
0.2371887401220309
0.3494321580525332
0.34370889952105327
0.3878619817841303
0.30181340861068484
0.33513404594941754
0.391671709846684
0.24385003423158408
0.46469056040167367
0.3706551225641738
0.32162554379414554
0.3286945026621186
0.45436331892535475
0.2935063505776671
0.3186540183666438
0.37351195213133503
0.3646311845396445
0.301093858848318
0.3096826463789394
0.294213954631546
0.31468146565042887
0.35380415171917745
0.2893173952595736
0.32242540053885355
0.28369469770596234
0.39682117254340177
0.229973552465689
0.28198592786411963
0.4388696132731567
0.35532274996967883
0.2843795965111873
0.3392016026670197
0.26903817992667206
0.3961519961747495
0.4261378513156447
0.221043200010852
0.3012562991591934
0.3409504350083426
0.3398715243540548
0.38524123746822314
0.3042269025165378
0.3079363306875678
0.3214279393499488
0.4823276448538314
0.33254322121042895
0.3150589637569116
0.41782065603892704
0.389697458723232
0.38049743921108614
0.3854386004395332
0.33174927521072295
0.36172854737955545
0.4210202108134085
0.46362189898551937
0.40054344013611726
0.24490121656833005
0.42458249457010405
0.4202361509827079
0.43423980463328443
0.3514488884571937
0.3294666573554127
0.26697796614448666
0.42009801141225517
0.43107451336258185
0.27025847131108194
0.39174084775833723
0.38479911689296153
0.30200849814606406
0.3104012595059377
0.37082147870782967
0.416130748179441
0.42411947665852
0.44259924986065513
0.37091154411160204
0.41691911243204194
0.3731789015782929
0.4118244712195673
0.3018533495980379
0.3899719744662738
0.4396225652092135
0.33713458278889574
0.3967024373855885
0.24504393751878797
0.39302830316319104
0.33469972430224476
0.3704178053921933
0.2937275586186959
0.36237909011968006
0.30606140893241446
0.33790735874973465
0.3593241577373981
0.38181990649155334
0.29542004504724034
0.40956121330526196
0.29823295532610783
0.41659234669569095
0.3461831502340574
0.29657701025415945
0.3931397072343631
0.4040366300386252
0.29090200421008194
0.26997075182529534
0.2834271155925346
0.3561314876043823
0.35365314768683465
0.30105272561783003
0.28527034983491395
0.3449893469912623
0.3187858254410095
0.4211009217746432
0.28140271733996614
0.39242759689509754
0.3382299133504436
0.32530163144667823
0.37605580756986123
0.35081653760907944
0.32145717972756166
0.4071968906967164
0.2893407436649594
0.3423442461446442
0.34960422862470736
0.3508408746269889
0.3359171258046481
0.45140951141739033
0.38509126714122194
0.43235858905613217
0.3483655566016665
0.3340662657891742
0.3552934076134022
0.4051963510994538
0.385319231834188
0.41119698729114657
0.37266524629180786
0.36881031571754924
0.31520696267175335
0.374092653329028
0.4532693644187231
0.31440454056126277
0.356861630917796
0.3323560098804301
0.3853200522713048
0.38057766145582445
0.45373048639801816
0.36458359926096967
0.40521335928129
0.2822802869218541
0.3405146372773764
0.36389986751845427
0.36891675483619085
0.21916923137827024
0.35706209994285437
0.27720620223639536
0.33278443013374265
0.36822025968386646
0.2992521160543219
0.2510405808435376
0.3132047561584185
0.4129611249213158
0.3476707261755314
0.3376686108379466
0.3054256833443822
0.3211257853379889
0.2755540372222457
0.35650514596812716
0.3909891206953888
0.42636899024817093
0.30115184202499545
0.30688083209842726
0.2588189010358849
0.3371262391661158
0.3706534421339628
0.3285352647696029
0.3110490545326605
0.2813622772956377
0.3272735639926251
0.27938936728793257
0.33847765198031526
0.35866364972505804
0.281035486273094
0.3891862749647865
0.3137451139846033
0.34848193930702137
0.2986277216088951
0.357671303737751
0.33117128452815014
0.3136133941086283
0.36721194947338626
0.38525423765052164
0.3288432515710931
0.31335505956157483
0.28100326993786096
0.24509942953499064
0.30294191441465673
0.40442892942376957
0.2996860492744315
0.3351324544599925
0.27040528140525294
0.2730709404575534
0.2830325830765183
0.31557671913890045
0.41684180507404256
0.3426978000687502
0.40267756359634493
0.3690964534403005
0.43314620184418506
0.3481176608403174
0.5545422423530068
0.29002125148114516
0.31996322441876346
0.31960313188927664
0.3560935365024634
0.40197185925418116
0.37813225647400617
0.4094087016424636
0.2843550796695081
0.3651822586544923
0.3894735114267117
0.3518219269796104
0.2850805833324568
0.30001208125227596
0.3408281329638329
0.30165391817282267
0.36906892452339723
0.3487640675456266
0.41323911744546565
0.2949648874055218
0.3902913964490763
0.34911404304139076
0.4557733161948695
0.32819935991403
0.28034748063489223
0.3483134681306363
0.3352242430763606
0.39808075987685326
0.3038262550605842
0.3123475074330638
0.276905632022456
0.34790606380665945
0.3713860643676955
0.41461778494316964
0.3112646938645509
0.3964878395533684
0.4311043585338491
0.2746532488286632
0.3342207836293963
0.35871258807898654
0.30150590947392863
0.42566381162250366
0.3203366408369636
0.4370939273011032
0.31536783731442875
0.43295744346610965
0.33982237554867956
0.3569372950863202
0.3628553334268466
0.28902973775569785
0.39749605810207583
0.41093406962625445
0.337760632788148
0.33285194304175664
0.33197196878054575
0.3468111546401735
0.4575866236206692
0.3097654399950223
0.380482343562194
0.3501396202156834
0.43191165849488355
0.3475600221471214
0.4066424484467834
0.30794504026518044
0.3024721646586346
0.26731135835403846
0.3888967398243659
0.3859626268862661
0.3379645658907682
0.31876202700586653
0.38703762252245183
0.3628517647212492
0.34788474312545686
0.4105521270703008
0.3754879929214009
0.31187966084851254
0.3801266031817816
0.312845256135478
0.27597573496854216
0.4940233690888104
0.3525371035190988
0.3932613643139892
0.3185455032432966
0.31574749742201313
0.40801895705000696
0.25512736636469513
0.4685035078448434
0.2600884642916386
0.3791625384492862
0.3271514114401378
0.34478420092606243
0.32060816927088304
0.4238957839300605
0.29865385064424416
0.3389217658274505
0.29371040438635504
0.42201443169379066
0.2584296881207483
0.35375790485952985
0.33085610626765494
0.34444351161388653
0.308055881476138
0.25617309373481373
0.476006965814855
0.38037816735079183
0.33050654431188303
0.33040435756160497
0.46264574277611936
0.30382078904767473
0.32021200178903536
0.28649824049687944
0.37682674112180536
0.37591934587553283
0.30201419267353885
0.346387171795222
0.35928532495525106
0.3771302170041562
0.30301895855891914
0.31415153670249285
0.270075108482146
0.246852550680856
0.38593464529786037
0.3740616489669099
0.3546513643519922
0.4125578650528476
0.40199327278627733
0.4171274055055741
0.2515537981021403
0.3390736732471794
0.39952933053177014
0.32436757897261864
0.33722200314888573
0.42382666370886063
0.2740697387811503
0.33914507984073783
0.31904400413955075
0.3351666390376068
0.324713808588896
0.34401739083423816
0.3514883529927682
0.37015245452544504
0.27436650326339646
0.32189796519460623
0.4653997002448455
0.3886190374280315
0.3126434930365097
0.4029316940267024
0.4007383457325728
0.32021395167846334
0.2660408130636862
0.30146814180734444
0.28196850315276367
0.287462366216491
0.4055907595722771
0.4004758345588685
0.40405576604649684
0.33603594322958913
0.4292444012524272
0.33916651077068966
0.33005458115750125
0.33931799964143683
0.5233868927149368
0.31937527514170705
0.29224123162635074
0.3273808345983757
0.3445436705079664
0.2252934223418028
0.39110085472857326
0.32313997518702803
0.46050836076825497
0.379322078515408
0.3994685745639119
0.29162193790496244
0.39414867310081236
0.3185510804974562
0.22473225180947604
0.3486441096655751
0.4141617229600876
0.3695732613844119
0.30831354677805367
0.3014258285149776
0.30217144453714884
0.4102486716475103
0.3588976038748579
0.39647587676285995
0.41918940070134014
0.2797399612052888
0.45291678351781406
0.35901067903693246
0.2972336392329997
0.34214910081021427
0.41573727676243943
0.34564818756535937
0.3470666267042375
0.3443972340957487
0.31509831671379845
0.2955527161720058
0.5005682864921641
0.37456500806584975
0.4529629578167275
0.3177212812828169
0.40226347810423263
0.2854010395303855
0.3401668828030543
0.3189255689673421
0.45907981525329006
0.2797888926233502
0.3747063571043684
0.3888599224966511
0.3450410450278247
0.391018427774607
0.25614392254589813
0.2970905018889183
0.43567718796487526
0.27907833012457245
0.2775524623345294
0.30685935413719023
0.3847312685958346
0.3502272612190594
0.3952387811903023
0.3950556497110817
0.3560588347333802
0.32554666687198086
0.3738725509721975
0.24943560616319624
0.39999059554085337
0.3409042421657489
0.3201059578507633
0.2962583407927108
0.37709713050830224
0.3278908173517215
0.2888887415839976
0.32719165592238236
0.18745082023288162
0.3730713121105241
0.35742787097779855
0.4157236587655493
0.29677839356369695
0.272672383166162
0.23532567599667986
0.40595224146193615
0.3203626945486876
0.33003575349712133
0.24561077753695582
0.34016000155664444
0.3255179556546086
0.27715555217077864
0.2829818815637606
0.27157271271993
0.3727517457536385
0.28839242271203674
0.20063555547557213
0.304910666126419
0.4168074727760864
0.3476113168017902
0.2824862150233201
0.3260824421877921
0.3094039794558644
0.35462305320504706
0.3967857999484447
0.27153046616009446
0.28412621005442323
0.2377559452087249
0.45595074783136763
0.3664604476102767
0.3004533292669819
0.31781094294602324
0.2977593301795836
0.2693902953399725
0.27740012691735744
0.3660170604306845
0.30031663558794514
0.33596695232480156
0.3873400351296827
0.42553923227486556
0.27396361805691155
0.2714345247913673
0.3259679105294748
0.3515860394674006
0.28645331935531115
0.4356392955717502
0.32814282179411647
0.35881279395314386
0.37718823624828657
0.5145707663747906
0.3120679892225222
0.31987819202977363
0.3215475633126315
0.26759592583191955
0.3192194346129786
0.3395746770526061
0.3858057054945961
0.3764056462905681
0.3029769578497302
0.29042018141462245
0.36997227870132043
0.5728674598235389
0.3818679466552645
0.3420539851181854
0.43436955956484385
0.3635122527240084
0.26953398029469505
0.348520644322766
0.32761147219354664
0.3015876009067931
0.3934396765131606
0.39737202285179013
0.3199754703855998
0.34226919041436943
0.43661351740535154
0.4115609574148228
0.43535210177169065
0.30611664682648476
0.38618536520023466
0.3546184177724089
0.30727966381932065
0.34013880556644155
0.38197580691844096
0.36348205467747574
0.34022768253664143
0.4230628434259974
0.3193493801458169
0.382803217601611
0.25620310655288336
0.37407818875410087
0.33103583173401335
0.361424731693506
0.321517185869979
0.3760137758394978
0.2888104339780407
0.3197588956110417
0.5786198744531426
0.3633265354588463
0.30102572442134723
0.3541359597822939
0.3764436327222099
0.2938507387237775
0.3881329636569143
0.30698741131459467
0.3939737598783344
0.40416953997756927
0.3687797150602493
0.3170835292064263
0.37268971935210526
0.3753703572836287
0.5503562308847227
0.39531006008763925
0.3019514878767317
0.3389512684302014
0.3520271774576757
0.34597067257069003
0.38309313988395094
0.37608234667194845
0.2958124430725484
0.31084594949312716
0.4433225419892067
0.35100697768302175
0.38791286848863404
0.2775352760412334
0.3612126077888867
0.22746740746321342
0.32281786831698034
0.2715333910305771
0.40087685825997255
0.23371337012311294
0.34650168864943315
0.2810334584890362
0.35095166646539866
0.2769957539036756
0.3643520817533124
0.32488894048933353
0.45796877345932513
0.31582730180484947
0.2338358953413317
0.45722236363896473
0.4200100056493873
0.4673583331612028
0.3445894617851794
0.4103873076011903
0.3322315455207393
0.4676314287819793
0.3242803496123845
0.28689632340825033
0.30053659948471934
0.49172764095242794
0.28777379127533875
0.3927259816629026
0.3562560821125627
0.46378268336757766
0.38692420009631406
0.37395456864443244
0.3326100914865548
0.38490431377170775
0.34662508022051647
0.39672123201469967
0.32861314389367546
0.3501653559723528
0.36580487466026773
0.29258428419970606
0.39307042885533494
0.2960285970698
0.3676629745813278
0.39641449851273447
0.39238185387563634
0.3615820001437157
0.37652865548610703
0.4022547260512691
0.2905608330553743
0.34356720908336863
0.41087601736010776
0.35021813413767294
0.3605450401984684
0.30057601820124535
0.37053216027434094
0.3614189233667521
0.36770867693463793
0.384956214348269
0.34174049603332785
0.4149303917929259
0.314844579401848
0.4203695046847392
0.2713308141166801
0.3740035291570861
0.4050405042030056
0.3215059815669286
0.28886695658671085
0.27702683775768144
0.3541865449460554
0.27256473490528815
0.34562674874011495
0.3213472038404342
0.3729993583864992
0.33298377108396016
0.30098527710838285
0.4116183096585761
0.38163544155261836
0.3225804354475635
0.2862374090581352
0.3344879585541496
0.3212033434340566
0.3710067641483202
0.2987484546837231
0.35341186672785824
0.42062568257269306
0.2873478522229002
0.29134931734185615
0.3908250199328661
0.31498604192333224
0.3185685206858136
0.3046775844134572
0.2760077777083355
0.29860438953664675
0.4095374169227519
0.3741169461442515
0.39347372617947574
0.3255778360346002
0.4187759476046755
0.3365672455741603
0.4317845389883564
0.37159206502497016
0.24880978376880666
0.36103126516158535
0.3338142072739483
0.3173660559538559
0.24448438302051229
0.3207974069627553
0.3598215924506742
0.35961459752768754
0.4224750443400953
0.32367191479892826
0.41917544890606656
0.4531047472226153
0.22148735171665457
0.37770875854829067
0.37678222563887837
0.2978239456701439
0.2955725025241585
0.3594823774850767
0.34281960573129283
0.34882232100636484
0.30764995370917747
0.3235942155903996
0.3595875934862771
0.29261654183124486
0.3913017290123058
0.4057088474084534
0.40921307039462745
0.40192472954979097
0.27385645437351097
0.43064940033480925
0.28448432118621125
0.37763353159148233
0.3323596152323308
0.3138389271082968
0.2810434297234641
0.28295842787004927
0.3142450922680633
0.39298829988931283
0.3770472768674295
0.33430634111765617
0.39859610587299155
0.3579434042744295
0.32058260407159667
0.2866212619625368
0.2473581787056422
0.32610487809987504
0.3508441036489346
0.29916535128095156
0.2864588945403643
0.3426504630840884
0.3133260552403932
0.3037322564597226
0.3180140315259983
0.4048819663456323
0.4103205229819278
0.38689847729498233
0.3301774195270254
0.33793362819412265
0.2939754174507203
0.4546464148956387
0.30545002857717213
0.37775501340995166
0.3596593472028499
0.31174148736917284
0.4896203802367694
0.27735279558144527
0.34413869724304347
0.3419315951506094
0.3975317872544446
0.3399164768284074
0.4142443624756225
0.4170246209556636
0.49880753997776006
0.3969028463027094
0.3648457442792035
0.42396931445997793
0.31430975572252495
0.3584027641825206
0.41093477354265445
0.4029372266137972
0.42751003032024104
0.34802085794898296
0.35126821394319696
0.44304449372131394
0.26132583823487393
0.29256974234264854
0.3845054260545386
0.4937612518906991
0.40245415645451393
0.4616498420107614
0.27112737286184113
0.229372628310615
0.33358040307924336
0.28320772865400345
0.39491327936489196
0.3219810947167702
0.3520959718198156
0.33659543969186423
0.34504999142381987
0.35687505383962714
0.35629282874143037
0.3330310830404608
0.39313947297667573
0.39713528819458727
0.28182725675148995
0.44879334463785325
0.3367496708690634
0.3240334789478968
0.31427040162045744
0.32794038248494684
0.2899669101765604
0.3318017634430804
0.44138271144690844
0.2725764241006262
0.3296995380795402
0.36512632486955565
0.327893132669673
0.25178010675004653
0.28643062130373387
0.22749916215351848
0.47372185604254785
0.2934321172051956
0.3796320016353045
0.3461214945066175
0.28889945860739985
0.26726834071802347
0.44088905782902377
0.36801301144124093
0.3642574188994889
0.39205116204697266
0.38566838838465195
0.39616548982147154
0.34907254006234495
0.4217681219008336
0.44007096101252413
0.35256687115182433
0.4094251885700041
0.4441778863126155
0.38404204593268765
0.41825563166072716
0.398032326707839
0.2692525155444595
0.4406858030250511
0.314071316483518
0.42234831745799944
0.3076340660906488
0.3003048218115806
0.2939448919824244
0.3373122066659217
0.3571769782913295
0.5344463248056063
0.4300167941422389
0.33004660054285073
0.31239053884509377
0.464891978921
0.28696522205903585
0.32525816695483484
0.287270778423341
0.3119846335577829
0.3619661636721865
0.36683984847988366
0.3850549901902864
0.38731204306902667
0.320800070364725
0.28819408391484985
0.41029833510148356
0.3298304678059827
0.28981885298837995
0.3382334505295308
0.4036413238075614
0.4229937450212295
0.3067828953634099
0.37134769331362183
0.3349465001457284
0.2980716318836634
0.30320659562546853
0.2972025695909067
