0.37823766304298767
0.39013130209024294
0.24802557116031518
0.3918810560194277
0.30978675241494236
0.3305095998690313
0.25102921326754885
0.3258473444597494
0.34447715954547065
0.37934578515050055
0.40419709988191566
0.3411733276826296
0.3792530935057304
0.27069404422705207
0.3491627156350784
0.37530883494634487
0.3103620082662866
0.404989182486629
0.45335268425275416
0.3200869757089341
0.4055156292025547
0.34554943677029676
0.33856188093437584
0.38204144974154236
0.3588808248685373
0.27561844354230436
0.41929980334327605
0.2771528500234025
0.3640283609235703
0.29205680873749473
0.37189598645347355
0.40680631522154603
0.3011552660757521
0.40029024895590204
0.4051592797992679
0.5498914552611337
0.419491894773716
0.37235603584919147
0.3534743042557695
0.3729665523321468
0.33388590597337875
0.2664900925664601
0.3919661567564064
0.40911893422320855
0.3892619245084595
0.4022197810605813
0.35113279078965737
0.3134205168111537
0.4783926179861993
0.3556161808453258
0.27587104723974154
0.3440047223602958
0.41870341587090254
0.37353493415872047
0.3411298220393399
0.38363903175407993
0.3370821168883663
0.310861467058231
0.35606260910775467
0.333479078868922
0.4409188642388547
0.3308773838911954
0.31426210729471454
0.3712797060538716
0.42583195070878993
0.43055598686812385
0.4221979330532648
0.4419175698674744
0.3906255265896049
0.3177085604356705
0.37405945959283665
0.39371618405083936
0.29260654477738496
0.3781092270844584
0.2970803718208904
0.3636728265449049
0.24369799436301215
0.2978217372969104
0.39530169167681783
0.3564554809576397
0.38132936417706287
0.28975768558691883
0.295772739259419
0.3452180337580842
0.30859935588837784
0.34799703088795564
0.4531499090694468
0.3369553002451511
0.34822374416672663
0.3196547043991114
0.29248204767602637
0.35306655961588673
0.23235039987018238
0.3964782232529823
0.4017533918079787
0.2860586957049235
0.5334987031065538
0.3240799515698181
0.45693249976076983
0.3163308511820699
0.26955226227989165
0.32168867177531185
0.35683165420003693
0.3448348120837457
0.31635532427139507
0.29437903369007434
0.43447330578429083
0.3016510867858063
0.2633000612730013
0.3005448464479171
0.32872008765822774
0.28797880920109004
0.27857987542628915
0.37705247895341426
0.3245264366783836
0.3179218693582422
0.3434347249112492
0.43980266144270397
0.27943963904873736
0.38617098762494884
0.46353790169433223
0.2770161304325786
0.30491554063846105
0.39664215880710574
0.30787152345820795
0.329278867049099
0.4071926056296497
0.43211277649975716
0.39328413110751087
0.34122327890646337
0.4002002913230572
0.2914221660236172
0.29824500321097863
0.30487113471671734
0.3332619351535288
0.408452938672394
0.4239054633471078
0.46563420126197996
0.42365882654069237
0.49707449353202415
0.4386907605046354
0.4084253823033416
0.2820849264895763
0.28186157599634165
0.4900331037832597
0.30711212559337003
0.37277191363715756
0.40115438660490826
0.35114590034635873
0.47297450311819494
0.4094446548173472
0.2979867691247076
0.42144876864614006
0.3119972417786614
0.35654831522285063
0.3174877419738304
0.34958889163171813
0.2845622783848264
0.32224952039392774
0.2946911282107332
0.3385521673875183
0.23298028563275264
0.2917618341095568
0.34731632889640757
0.34991342690047045
0.4180884409549812
0.4273979788532544
0.39955439804339304
0.3478500067069954
0.3090706217214526
0.3757629178029558
0.2722508394798486
0.2717338179505075
0.2804033670181958
0.4281094859772762
0.35278661750632095
0.3899056971005245
0.41312806653935313
0.3609640626592477
0.30802947678277176
0.3243107648600567
0.31182223033036516
0.33124589571694524
0.42695308647599844
0.39546273413505495
0.36946262199203894
0.3979512833056452
0.38016093921830135
0.4065473510009118
0.31874615377623317
0.4451704129187141
0.38939143250072544
0.30571848438155785
0.364471392719543
0.31140419814179165
0.448097304342033
0.42229851929292417
0.2947745043948291
0.33879046831600695
0.39261543643588315
0.3792333177241419
0.32172991647138205
0.317296205844753
0.3297354541441764
0.2838173202077698
0.2345290590805326
0.2063953695932986
0.28681270702268824
0.40091478146755893
0.2772403765250531
0.4092377027258355
0.37624078800672256
0.2590815905453555
0.31258570407066494
0.34232565720052555
0.37321065242434903
0.364423384620989
0.291750912357058
0.3511133949112199
0.32907878318827205
0.3078578200618921
0.3151735832863524
0.33973179432723927
0.28295439163888264
0.3414136158650658
0.314711344351072
0.3213805921310572
0.453234481310407
0.42708236897571766
0.4257074551589389
0.2938490161121777
0.3493289190096261
0.3368270143492717
0.3928465979659807
0.29950682303853227
0.3240496519603598
0.4741105257896364
0.38147593252661605
0.3194889746831895
0.3863012522190779
0.30936531335813705
0.3096949292271229
0.40134323578406034
0.39282287773737334
0.38163645576425376
0.35927936159752766
0.284512053857506
0.36279088079460686
0.3303620771346716
0.37528440978496275
0.3369498263808905
0.3552930726496987
0.37970726762443735
0.34709342689155814
0.3151149951915009
0.2855667532313489
0.34289115651924346
0.27566092664593145
0.30116315941562705
0.3989793007300933
0.29274771018773793
0.3656176038958216
0.3208709367472822
0.31061842783883176
0.43403400578732293
0.3648684732673555
0.31399257049504337
0.3633456501300125
0.40808276827124845
0.2996648515106138
0.36513968015766685
0.3651752030311904
0.33397282059941846
0.3655868590294774
0.2812914479573135
0.42361942408787556
0.3648861123712252
0.25378921190270104
0.22618412109017197
0.3759255267895057
0.3058504600931364
0.27045031577835754
0.32769702085089825
0.3192902352697392
0.306431279913073
0.24955866206511887
0.3373026991557525
0.33633947278694765
0.3020850620596515
0.413685801638078
0.3526972939813964
0.3060166656243045
0.4137623191677699
0.28382175695016515
0.41017658281795866
0.38402202760642506
0.3661720209626879
0.2889276461705845
0.2864635351537044
0.4044142882778032
0.3432373779935763
0.28192356381480627
0.2732623925364757
0.32508308436772737
0.3637049090729208
0.27482407482192606
0.3489405967335763
0.43068584094633283
0.3596977404820051
0.3740663204767474
0.29528162526649243
0.3511275396423207
0.3865159385214274
0.34637318363565245
0.3007445655727108
0.3344748916131522
0.3915484530775087
0.4182386591490421
0.3634162067189186
0.3303600520644077
0.3455591697342974
0.36801838378248125
0.3925196640819896
0.3437415532470631
0.4140783140529204
0.3189279838220424
0.4338029577780665
0.33048499481221966
0.4526725862594276
0.26982990091621967
0.33272801440178196
0.2818971823421796
0.3965741096632772
0.3552233998249899
0.34719766644701905
0.22910229811286145
0.32508037054177624
0.3545801799646919
0.37850855367791614
0.44301024969017117
0.33111495855835726
0.3963860234170458
0.32517253973393234
0.36316695447280306
0.28844935493301116
0.38959662942908757
0.30126497650879047
0.3622322479347409
0.334308455263636
0.378345631670131
0.36358973180390336
0.3622927069648688
0.411287222564379
0.37994332446154255
0.2846194928639468
0.2899774169922113
0.281748968104098
0.2946967162582475
0.3383027297908214
0.3071842341575483
0.3157278550948261
0.3014571125183507
0.34581186461049007
0.4122652631951192
0.34801963162795546
0.43090868264918575
0.42975227921554504
0.29177323443570674
0.35485650935606255
0.49795171914225134
0.353264227506949
0.3626737293770763
0.3059637535720976
0.3996750192905324
0.3341185892346801
0.24333537597568683
0.3352685115209991
0.31730154890340256
0.3361379198647223
0.2817378986899064
0.2785293106081195
0.3524243196658283
0.34195475616916315
0.30360727772062357
0.3408491905337969
0.3735013587185375
0.32381824243709434
0.368587122492767
0.3359994498239169
0.29742629476122395
0.4159889991851461
0.3248382352490858
0.40446468570129124
0.4821900346065835
0.2784362807222807
0.3448394333438256
0.2898844479798486
0.32676917293374586
0.34992697442223136
0.523037342767732
0.36974501525844944
0.31211736289660724
0.28575920413163475
0.3085824946196878
0.3226089175085287
0.22727816155483685
0.3024827870100685
0.42109146180789636
0.16165437328257898
0.2821261074972832
0.2841769658475713
0.4013669810965575
0.37977818734678853
0.2821628253232087
0.44038956436323695
0.3085099524110272
0.29459203654394633
0.34453868821875955
0.3681991129994059
0.32496952373597054
0.3244167777560211
0.33935618134913403
0.4192020067437026
0.31780612522789814
0.28030897199876537
0.3001339147660715
0.46440244723276125
0.3193715689408899
0.4182365648314528
0.29292286635642845
0.32232740030875806
0.4198622866742149
0.3398162749159799
0.28667082343231876
0.32071431013247964
0.35049902402365135
0.461856666347346
0.29870344540693605
0.3067240212081532
0.32101034983885385
0.31147191385924505
0.35820973598350736
0.4024513511454961
0.3082437221065925
0.45532131399931103
0.45698252800657363
0.26500593262748834
0.3616483311879875
0.3290287850423888
0.36491446731872257
0.3682364430109302
0.36518469783160956
0.3216400862406352
0.3699610517064207
0.3125881878360219
0.29092382472010114
0.3232525869059023
0.3048605021035497
0.31206227923623736
0.32766136247388666
0.32339000077986135
0.3247408129618232
0.36372072696879143
0.4037080249075885
0.31100366860212536
0.3726700700282648
0.29512052045513837
0.352885511765302
0.28245193374365507
0.29481907644978533
0.4687332476041233
0.31838788507263577
0.3647110459088825
0.2896724281800881
0.27087670637368394
0.30354229432457125
0.27731461050907497
0.3264198745560455
0.37067003517787595
0.3840068609023212
0.3613170237781383
0.3502175011132273
0.41801919745513233
0.2868692088804582
0.3400439763845737
0.3967002858657422
0.2907220077660244
0.3183505688086014
0.4812505078805637
0.4285209263173051
0.3207793683315511
0.3406525925399321
0.2293124497548988
0.397043352298217
0.34938538002984293
0.37703796088959424
0.30026370213608866
0.3061661219904064
0.31284928913305887
0.3046392964711782
0.29259018890213906
0.3866932353739664
0.34697785695299765
0.3543280996813456
0.43134645994475296
0.3330189259790582
0.4001209410172338
0.36557601227737085
0.42965001181657875
0.28801358328085624
0.3928044140753829
0.32255966356502497
0.3181476572830062
0.3858839729015489
0.3063987807434435
0.35491415461086295
0.33520658345686805
0.4096234453767866
0.3850004275776982
0.33920428386928425
0.25084631848639033
0.32736561142810644
0.466296608607526
0.21446229090237684
0.3159914469890034
0.4038602035643577
0.33687286358244883
0.37202496443213884
0.42536823531139456
0.3812187984032316
0.280142283085382
0.5140225763307747
0.33636432108814524
0.41554447687978885
0.4999476557926852
0.3884681722505618
0.36808241976210304
0.42004630881662064
0.3673061317437329
0.36695511342554465
0.2754663812372523
0.3441456350952266
0.4995259835697745
0.36943617130291173
0.2856414762936002
0.358983439484584
0.392308214446748
0.4398541508242404
0.37359338667729924
0.2555766476576649
0.3406455729017952
0.28393945167514695
0.30180869088745965
0.37245583494167633
0.36987921292948894
0.3423313225118398
0.3752819672722861
0.30406132434669425
0.288789107717584
0.34569507297756047
0.3244270738701837
0.3338198156702887
0.4273116992527077
0.3571557686249045
0.33351567552850286
0.36071156106197516
0.3223341579957364
0.36126285992793217
0.3432457753705351
0.25800603103745207
0.3701753858533806
0.4058944896986645
0.3505268378853867
0.30115435335256024
0.3761648481978648
0.3855224266704451
0.3478984213335346
0.273623045550467
0.4102888039510007
0.2703300243324927
0.33870674022634034
0.2580120265978127
0.4188866875647024
0.4565606126929283
0.35164605892254025
0.3297430937925913
0.3181857263539485
0.41203005600881937
0.3431022261932791
0.39910916793741685
0.34887892219007494
0.36178612188256254
0.34740008054050514
0.33713345432613423
0.40826702218995464
0.3589988716339796
0.2941615854783964
0.36358721470994365
0.3675454318841088
0.3837722147756975
0.33405787624635397
0.3421747351353363
0.24394822813662553
0.4132589096328854
0.2831826354560078
0.31918914046646457
0.34208895155850405
0.33340508094666815
0.32502526980554586
0.18693751936220146
0.3844526307381529
0.25554003357068084
0.3538918580076819
0.3037113540297787
0.3324046384168925
0.31494377120756556
0.3595676316347439
0.2557829464656937
0.3452897573046696
0.2818937425354521
0.3465053638004801
0.3247236082013883
0.37469851598888027
0.34349121633501367
0.35808393814489625
0.33347504989291504
0.4299991197805143
0.42609300620957985
0.32038403907830976
0.38530965473530115
0.24642230624844427
0.31091107325454304
0.3365414191213724
0.30643145400988114
0.33951824639070755
0.4202718119540787
0.30050105208706723
0.4235061414476802
0.29588190765397443
0.30133553701177623
0.29190150801776915
0.3257663732124573
0.4358211626863191
0.3246589983447123
0.3220152500829238
0.2701133415256346
0.3527683591077914
0.29620497490636294
0.2705236333718881
0.33118813609814907
0.35870915331293257
0.33180788402389405
0.3285097976700442
0.3562172914997771
0.3563874237705193
0.41979591223513796
0.44084219157278326
0.2966627914661874
0.3327123432173596
0.38435094745036547
0.2962528205436665
0.32620653029651575
0.3091969825011512
0.29313284177519044
0.31178363313561175
0.4169322541492988
0.2713751885299054
0.39673350148762543
0.292923582368562
0.5544498974950783
0.3250863598475198
0.31135110072582145
0.3641190538629221
0.49348492058114174
0.27241022085564154
0.26951856608320857
0.3290868715566155
0.2867249617184995
0.3861676557524127
0.39632878537008964
0.37681901925499744
0.3431761734959735
0.39737387007703145
0.3604553579216859
0.3145731847836691
0.4195783358984904
0.2873470207018758
0.3210222317711178
0.3701895165611691
0.4492541878863928
0.33237949812389855
0.3556564306654369
0.37375070597589616
0.36890008038651023
0.3608957665248618
0.3417811882639887
0.31464859423097524
0.2862771209725646
0.38425880589283873
0.3951600892882341
0.3701118453055718
0.37533694269741197
0.3925204185467775
0.32367977499608885
0.28914269979340446
0.37032272137240135
0.33853891870120023
0.40024491368902454
0.4106940744457538
0.33459784518428465
0.45329659525777
0.31910923996445845
0.3708510969461024
0.3105231050691336
0.32129228916199
0.39896113688532814
0.4125337715683422
0.3506523307361035
0.3791519474915145
0.2861454760521976
0.3259390308001568
0.4034691263333693
0.3278404738216477
0.3995873412991778
0.33149444908400166
0.3488001502518704
0.3691148982902166
0.3843011798403386
0.3909893372071506
0.3726727137971428
0.4447181820384504
0.3504038929860391
0.3973073644775148
0.3147303680026671
0.3091557256771281
0.31555315921521665
0.3911206213199887
0.41183281596049326
0.3461738971635768
0.33864347358856944
0.4439872932113072
0.2658798476226711
0.29145129919392526
0.40754985748247535
0.22390049776558058
0.2875092808367186
0.24388828286301012
0.42616311595508466
0.41688678914568134
0.31236620703523704
0.3651744599085451
0.2985284948233318
0.3007424751526105
0.2675855529576149
0.3043666427875526
0.3132067095491001
0.38771042226573793
0.3258999631591527
0.31857290679566214
0.27858877685499245
0.4113987871769577
0.3146636817224537
0.28857447994320007
0.3359997279303586
0.4063024445272372
0.27682179354497494
0.37602811632426436
0.3004990722152869
0.2468376625323675
0.3294405698001132
0.41699584488856706
0.3556249494485856
0.3450442837197894
0.35044933646303633
0.23329153566307761
0.33965819988124946
0.2846129137118828
0.31720852523392296
0.4067163864510099
0.35174464423052637
0.45359957147190616
0.3950951258348046
0.4111058952648405
0.26989197155505235
0.3039537338050914
0.34022014804423023
0.31458313890384854
0.38540625603119333
0.3877200186556317
0.35030069551600057
0.34978092507501524
0.27941402492441736
0.37893665357441975
0.3191707127266172
0.31859223787695923
0.3316714194134953
0.36421054456709706
0.27800040121304637
0.3768792939298924
0.34683184324359173
0.36605156459460114
0.4671118236151482
0.30091196732407943
0.35117111961034286
0.3891464981052151
0.2754909960805588
0.26902705384680214
0.27916481480127475
0.3372086037196073
0.3259946834597206
0.42197985988451076
0.3432033874223605
0.33177582207329637
0.3708038409662597
0.38531376682182356
0.39584631623622674
0.3150878544135986
0.3467517818632437
0.3206090578983262
0.3118808706170411
0.33179219261756016
0.39727578550909004
0.39749389061268
0.35540251920516325
0.2686264156410616
0.3178041502829507
0.4123476946957696
0.39451215460776334
0.23515878164037884
0.3687361831945232
0.3408004784504006
0.3529671698021329
0.3591120243244101
0.3750284116414952
0.38840926793823816
0.3848695802879057
0.4280106804310477
0.333150478095065
0.3031703612756332
0.338810789920232
0.2698253904717605
0.39616653847933414
0.2666134677414519
0.32519559549578436
0.3151916593341852
0.30028945688567965
0.3835628996506064
0.2836003431098619
0.4586081283428286
0.30106096849427494
0.3048347581619571
0.40947500702822004
0.36319223593615935
0.2992132504827157
0.27240395171857373
0.4362065775391097
0.27648525099305366
0.35609804385588484
0.36063052761912767
0.3429044633294799
0.3237119441421935
0.4006938426723769
0.3436179562566514
0.43538951819897254
0.40631188235603816
0.2859575030219735
0.37342184306404264
0.39491554297502574
0.2988101090521618
0.293047913951054
0.38642191287427874
0.3766212460234948
0.3460916025442536
0.35045937684788037
0.1992915746269586
0.536934994790054
0.36471215172342275
0.3249922920874241
0.34171624616943713
0.43529810544491726
0.2974947740252917
0.3136637248093469
0.2963301772064463
0.4002872638234459
0.30237587815502665
0.4449496816908799
0.32324443276659875
0.356826920420472
0.3472734157318114
0.2976315762364613
0.2764024295024352
0.34688287572605986
0.34964668072184446
0.3889160175766417
0.4928510141051359
0.2936906815033055
0.41003598226577437
0.36709410805263754
0.38477188762878456
0.4318626132996391
0.26893692375264117
0.4394347298310233
0.390696354839813
0.3789146063063722
0.3055964300854221
0.38729068242257875
0.3567964749358293
0.402963424489074
0.35842830807818615
0.3253079114202126
0.3229731791398028
0.34799633026629656
0.2863619109742056
0.325797307551748
0.30705200365399893
0.35886502884693694
0.3853076104388977
0.3271563388327095
0.3011262192065513
0.33728406330665944
0.3963623363035925
0.2984543749411683
0.35868204308023516
0.33304835920086656
0.31984809026462785
0.34586234734100707
0.42222840411621815
0.3262518835211971
0.28922378307693597
0.39409080556672293
0.4344615198812739
0.40410226028140056
0.36999093652871606
0.24855892549504258
0.3600538652498584
0.3344648870494622
0.2656884084922021
0.3518479225554095
0.2214871443660898
0.34012333659532606
0.3256953948699657
0.30678036988702223
0.24303685292000435
0.23504288174563223
0.2895766678645618
0.2948733775843889
0.24410332206737945
0.3884318216318434
0.3284902932273522
0.3737644960096761
0.32487984795715774
0.27246228808736345
0.3500943011291904
0.34175390640686065
0.316075463973933
0.2684837566174447
0.5165694823592244
0.2863731209872662
0.36256769666507593
0.38818940797500245
0.37722378964090447
0.34059006975282946
0.4074638647451585
0.3764229994823489
0.36639816242259554
0.41510793443364347
0.3126235533426681
0.3778385758330807
0.3429242574585074
0.30262117259794385
0.3234791746659464
0.33944482940382703
0.31602363547869544
0.25747885021936534
0.4170053532168416
0.35539718901507794
0.39657959153742295
0.38454189155661356
0.36622186935294304
0.4606579653082735
0.403253098582784
0.30767408446992794
0.3487808712747947
0.3672898865879355
0.32177529503943036
0.3740830044822855
0.3284187362132549
0.40318313632384345
0.3197891944599139
0.42335169028036174
0.38562802021907794
0.2683623433464743
0.3913223194193643
0.34880975798195724
0.41007065313835883
0.33416285277507296
0.2875901965747337
0.3063953772636208
0.34671076934893574
0.28076773061756616
0.39180281209503187
0.32613785741189116
0.4149036237878806
0.26106282350377324
0.28829378774150527
0.33390518364482497
0.2724015573002166
0.342032938982907
0.3213603407496839
0.31854109259865926
0.4166247863797378
0.33836605688847404
0.34046754197854645
0.4139926797117248
0.46690768017698486
0.30134851748133445
0.2790259777260553
0.32551638457653986
0.285893986649831
0.31774701845951797
0.4823882601846491
0.3479311940144698
0.3545626471070228
0.32032770697420215
0.42293089790145516
0.37165905846447655
0.3666605187187834
0.45958189616138057
0.39322870388604864
0.3192157535340776
0.3432933098497057
0.3093611875238001
0.3511475319797404
0.3182282804725059
0.28874260234486027
0.38606121910628
0.3234288598366274
0.25564873187160225
0.3938262252866292
0.37328351441476415
0.3448035228938946
0.30707586024765815
0.41462699045936746
0.37982140687578025
0.30167727935284866
0.29452798273738917
0.38123958625484256
0.32417728556240244
0.45982368091899867
0.3754449862167734
0.3584475283036674
0.3958278981139905
0.32736463847911634
0.2850023218102258
0.3436836629944698
0.3463817051044002
0.22525021191912267
0.40787414461144395
0.41658852335547175
0.4577925667499938
0.3502574365407395
0.29001297547602345
0.40370173242678736
0.4133723496425358
0.25927534985316125
0.320402741744576
0.29986691250088365
0.3127554539599826
0.38433060140584646
0.3117553119817285
0.2972640352666071
0.3587244490470762
0.311962798328322
0.3522433197694053
0.3926024964575166
0.4532223928629987
0.2509868983099155
0.3601356945287818
0.46811600397150716
0.3142551601994179
0.28817962628683413
0.3918980435678121
0.2648074413384927
0.3931884221393609
0.2930673383440414
0.3525342599934373
0.42428176344423574
0.37385523927719955
0.43421881231184417
0.3934624809993152
0.45089461490216604
0.3703504598952122
0.3598366083776457
0.4020518875006525
0.31491842441193313
0.3455322343556939
0.3914697828260403
0.29576042649779183
0.37616169055284554
0.4396197438353507
0.38430817204835527
0.4110255108262412
0.34239595815763274
0.3001380199189673
0.3047518680576795
0.3555562078682875
0.403703614218759
0.2840837458986597
0.34158284168445396
0.3339727110229845
0.285401186537588
0.2897849255235422
0.3112266543897373
0.23598182718429764
0.382377698389434
0.4159878533129732
0.25188607228852206
0.27430920415889987
0.3438947295201023
0.3750385323822191
0.34305401568567884
0.41883055267736535
0.2537204707030769
0.4757677102619715
0.2932357502059298
0.34065956574112904
0.3697971676540464
0.3083314070560409
0.30553841849486135
0.327434406520117
0.31883855506535447
0.2979160258707345
0.3132458957223887
0.39231679589375823
0.3549802145617684
0.3214231427573669
0.31158645337076
0.3407498157780597
0.45479716440600826
0.4063693227366145
0.22697810696588977
0.3849103680407279
0.41044540451182365
0.367516067392538
0.353362348966674
0.3268776876084572
0.3908514919598481
0.3226245124361855
0.32617873304546796
0.38068974613286133
0.32820776530112195
0.3852948799435746
0.31702904716824554
0.21972687711801167
0.40092924313730455
0.38388110074607545
0.2705943848121979
0.3626650141798662
0.3368994258511935
0.3256635433672473
0.3141326288912207
0.3308323394137215
0.3321347972852696
0.40437986539578447
0.28068346261876465
0.31427813500062807
0.2686233090823294
0.4198140276405215
0.32715226963051436
0.3393376601168395
0.3630010762088898
0.2732179291525708
0.3873240175190205
0.41577127528453545
0.3626882337963414
0.34015500224132444
0.4645556998769894
0.3421095611408684
0.35332781216476206
0.3437737442636429
0.24131032203820507
0.41928801499402746
0.4471091241674301
0.386596951040029
0.3286158771942343
0.3705896290699224
0.26638570290536945
0.3083581284201545
0.36349208572831826
0.28271472043681023
0.42351437517275264
0.3696851712681052
0.27573406948542867
0.32008317144728354
0.337582465596801
0.3288771976525764
0.384209419840149
0.26017160201404804
0.36230325933677193
0.2815889161416917
0.19967974337353042
0.38002261485304417
0.2435554149576506
0.2997778363703469
0.26733403884697493
0.3302958177957195
0.2959353400422962
0.32952081798239413
0.3253415448687266
0.40902386228060544
0.3386165420384747
0.2784713158797841
0.31340574382474046
0.5705959610318575
0.3602064526588576
0.29303417988890673
0.27975344698334464
0.3570559896129025
0.39404472498279725
0.2998690094523096
0.4108307014007526
0.37849861571972904
0.3459907512222946
0.4348536938783995
0.29337276593147205
0.28622698600938734
0.3699870589693309
0.28407062058774646
0.4097152402868289
0.3490616485508527
0.3076302938584456
0.422162678593039
0.42883132690305553
0.33494873603079633
0.3193034963949676
0.39057488848209604
0.37594054314239417
0.3484464057616606
0.3671100654476888
0.30408807477529365
0.36007144244347383
0.49104844377950213
0.3208632309047199
0.4146830029517507
0.3170841029454758
0.39428789258363117
0.40243846963536467
0.363657814876042
0.43193617572014675
0.3685125301044894
0.4212442332874688
0.45187749506441854
0.2708770684036085
0.24712097747304934
0.4568522190246882
0.30144000200946464
0.328306011891843
0.3148509884029875
0.33351843025402783
0.29505231922268477
0.4234106596736895
0.28670881641847407
0.21776869372956104
0.3941023037624336
0.3728112663489033
0.4167887176389948
0.33214429240794224
0.3377009841952935
0.3546862319995638
0.37178389930632
0.30113808441979745
0.40369809451976507
0.3338620082326073
0.2971824807913522
0.33894733210082223
0.31924865751941367
0.29703949489515713
0.32329314252353875
0.3541868562547282
0.30627573897051213
0.3313327146392364
0.3302044724990202
0.28925814505109954
0.33207201382080037
0.3060306708564559
0.4556273019910889
0.4512266867578612
0.2845432404070639
0.3022675414357497
0.34333113332064985
0.31751172136357564
0.35543449402819405
0.28117551485131625
0.3057679039721526
0.3575877202216947
0.2804539015932282
0.35803864878378805
0.30120478170417386
0.32058472786247194
0.3420625644689087
0.2754776406372144
0.3183281991220593
0.3012433505117202
0.329340432452084
0.4967177858273569
0.24250655749122177
0.46372662988223384
0.3919032581954752
0.2937836196906859
0.4403289870199135
0.29016926599464155
0.3430946537753156
0.36916855130971
0.35362471465835205
0.31354028112748894
0.3580958001275308
0.38654692397200763
0.2968750288810694
0.27387270676475606
0.316994035973644
0.3911066764007926
0.39905307833364356
0.3440407243115362
0.3909293881295273
0.32949563084393196
0.34484742708600247
0.2912520843004364
0.335383789608373
0.3030247338550032
0.43764475478758
0.27529340001523145
0.3467823074764571
0.2833116530702466
0.4575143881368429
0.5780178985834358
0.30183591843947366
0.32736441464374
0.29084027372042487
