0.3699098140880931
0.2465487026504584
0.29147061317373757
0.38506853612342185
0.41446077149681926
0.30614872243733865
0.28097356820535346
0.3313052838927882
0.2884158023986622
0.3966647218859117
0.33264025689538124
0.453258559389351
0.33271602343958545
0.39835813054044744
0.2780266571332041
0.36389995220051186
0.28723246688747034
0.35079975266659313
0.2766901710237509
0.4252584257627973
0.38103338176153917
0.36612856986525
0.39642940813470867
0.3961988251588622
0.3414162058603951
0.32711101968768075
0.3669264509609176
0.3074061973501302
0.3196806452531258
0.3794595238181099
0.4343441072647188
0.38485793027443554
0.370477733182909
0.3777047120645897
0.27886385311224593
0.2822872061408083
0.35764761197823136
0.33827795492059265
0.3740779865274371
0.29907649552224636
0.36456314355939
0.3381318254498578
0.3240713710810653
0.3243377968327718
0.3679209665451219
0.3451013848322675
0.33969334760910297
0.4382088048244562
0.3531337952613536
0.3679656002898284
0.3264087375461991
0.41370911040251307
0.4232590723308254
0.25550629322026036
0.37502253803651747
0.4178069472436073
0.281469019406272
0.36960398180219634
0.23523330347873964
0.27991948268122724
0.41293518124299233
0.33133319772370884
0.37301193465147503
0.2999260546957567
0.3780337704007648
0.44052764376085957
0.287551891953508
0.30799801022384304
0.3901401408759326
0.3114575000433704
0.40172430362842004
0.3431839091846107
0.4261844948410756
0.36735341912083036
0.37473139622306156
0.3919124044849795
0.36665322794027577
0.3513437336262457
0.3585742946294183
0.3548618717341727
0.2981946835882095
0.36274090146636695
0.36455684500930235
0.29311605643117666
0.2437488991639071
0.4064436031319115
0.22889839787365512
0.29695514681642904
0.33891640710677956
0.3767614572908585
0.31248314822831813
0.34257506667980914
0.4310847151552867
0.36136204237225295
0.2927482660043891
0.37531886890309396
0.32577960536170825
0.2947204528848068
0.29745165092627535
0.2814559696276898
0.36409982234331184
0.3046749699973472
0.3389867222217682
0.39677334415277216
0.39054425763508305
0.3833092725357897
0.2685941822621861
0.3526882605026037
0.39998695570874043
0.3725531802811716
0.2329684347759128
0.4108339748120245
0.3399768478340749
0.30623279309962187
0.3231151863401299
0.34605325758042915
0.3382350747156335
0.2754382822425437
0.31886558207683924
0.3059264020668688
0.2956151557768867
0.35484136231898
0.3034176853060995
0.34356616254842276
0.418279312305349
0.35759711550809414
0.34444901143636536
0.3531105583772064
0.3630642074273363
0.39163267729109186
0.34979368320751564
0.36624890400732335
0.3088503458160826
0.3432573050584323
0.3046466815916371
0.44002232560137566
0.2736382285474247
0.3200998804168031
0.4075447796358919
0.2984275474035387
0.3600887754237811
0.28371995059281974
0.3469621940424841
0.2910968128129955
0.32123287001104234
0.29063906034312276
0.23258649745191753
0.3090113412661278
0.37572634400428717
0.2913858435993366
0.37540459036370893
0.3181640188697808
0.36465192164400995
0.31894741943537197
0.41978154154441333
0.2979576493031616
0.3911016728460155
0.3446432429131947
0.31029163425491524
0.35660435522455486
0.3417438099377203
0.40003106123034043
0.34491926457613764
0.2836498295093199
0.4995055927046063
0.319157364374958
0.3566825896461359
0.3475044482754708
0.31994437653432317
0.28575858934935144
0.34467925611317635
0.3699657329044524
0.3114156494868278
0.32654435096402185
0.2939673669879894
0.3875338359560587
0.30541456569597364
0.295339941536547
0.38422966146092147
0.3153482497058914
0.3007801466764123
0.30716635155911354
0.2752086814101607
0.35140971889952055
0.3318452982996488
0.3351038127173272
0.41102184478466314
0.394433693896458
0.3951026713613903
0.3999626148701829
0.44685037586976206
0.3992657766518751
0.27225592559856737
0.3948621183470642
0.39650256533369976
0.350929077682524
0.38352539601935637
0.35291629735676905
0.3713948149635054
0.29414475932133194
0.32073077530600447
0.36354153707869113
0.4475065166396785
0.3237512744685659
0.4234722204461617
0.2934007293506443
0.31449711746197306
0.3454206245364962
0.40314495898306324
0.29633085346372784
0.3222749312574858
0.4282718301388208
0.30898479046062066
0.34143323994267966
0.3470885722541594
0.3586062773100747
0.3507524038680297
0.36914577551341543
0.3239125826314613
0.356178114443926
0.49075601180867867
0.3762320275278469
0.3513453290447532
0.3427173674356244
0.410641262233281
0.31335088254555044
0.3887513929599941
0.33387175183159457
0.349775255763677
0.2856229013193414
0.31713331822130614
0.37932326863531607
0.30394508059447645
0.44243109520787677
0.42319966535348535
0.2712119726695762
0.3193861741931841
0.30725275903878657
0.3482811031896898
0.40624189528027627
0.41395192128456426
0.39373877562092574
0.3763126817603566
0.34349612901588744
0.35994376371216763
0.38407745084393996
0.35417223058466746
0.3116081173268225
0.3214047025463971
0.3233444726416082
0.36324874687653413
0.34898332452531255
0.31674393569771475
0.2807838456631299
0.29088177747913846
0.32933367506125394
0.36578999087894754
0.3082018196607431
0.36547412493947634
0.28613012988244824
0.2937249244225831
0.2894281702339322
0.3130736148006426
0.3565917622874533
0.41232589052541896
0.38459453649357606
0.2548986553744164
0.39211842116923323
0.26841399989986053
0.3050051944303854
0.3381069843503145
0.37564916552935723
0.5542435520672877
0.41066858601805123
0.30828757829753634
0.2999552876676944
0.3362560656518115
0.30027534724727784
0.3561479072795275
0.4976221589485536
0.3497717677855721
0.3580622614923807
0.4077725615207563
0.4112307872463211
0.3588012446681689
0.3329816553347031
0.352150472017899
0.2418955306033567
0.39898881815109477
0.33666876581213817
0.32228331476987937
0.33318032669639186
0.37344470713604755
0.3182021826641622
0.27198601906945175
0.2761638928022423
0.36314492956618427
0.43576406903102904
0.3212849969549939
0.3620423171541802
0.38723450678840554
0.43985442950541465
0.3800901740891307
0.3292679956283772
0.3330426608680468
0.2935857335071156
0.2644502521628613
0.39322449234837226
0.4286781806713163
0.4288690717729918
0.2799936118112976
0.34039782217660647
0.40407057079341807
0.29231046468962657
0.342885187966652
0.27676619901427135
0.3924291318130192
0.33245969790055546
0.3659686903965309
0.23129579786798143
0.3398391450819417
0.39896175242112647
0.40730391096820207
0.31899637488378474
0.3199151407743034
0.38578519026198976
0.3288171703752284
0.2838226877237926
0.43387891711014104
0.4533714995716487
0.33975081389060935
0.3552586100949197
0.36424511393730324
0.2728993928394966
0.2850614783522205
0.32352038877604916
0.3227946620041001
0.5140454710012341
0.41646080999286916
0.3485792541600406
0.4304708632091529
0.4448133360003673
0.2695816526429308
0.4224353366692678
0.4548324389665162
0.33903313675624913
0.3471834211681686
0.38826350656790815
0.33128145320750924
0.36411427479918057
0.32389857720665055
0.3913462402375825
0.4305715939901183
0.33062299794355193
0.3147373437424249
0.301115798520471
0.3020250948423863
0.4070207004354959
0.3001204481099345
0.33290660866770205
0.38395582030769665
0.40788563188691596
0.38952264693813704
0.3492533638082927
0.3255338611097737
0.2684073799575682
0.4162509552991471
0.4296698537709125
0.3301906431967446
0.3848910270105807
0.3771224049361815
0.352219941664698
0.3368811990771132
0.4218259328219979
0.31743162752809884
0.2670838509459985
0.36558601532154367
0.29292064988130523
0.30343285842488055
0.41573367204245104
0.31458925262254867
0.35959395337654354
0.38947219035416025
0.4386427670576387
0.16038476927499784
0.40346920735970787
0.2607207403149685
0.45607200629893047
0.3003170784569062
0.390367458262979
0.39101053134228053
0.3408851041146225
0.32291587393132465
0.3204641408872106
0.36797179551497655
0.3370408556128591
0.31964163033976045
0.34871785974693525
0.33211304191492597
0.4605332640571147
0.2798816799981839
0.355208535715123
0.4555414393334352
0.30205757065903605
0.34751269589072653
0.3097481119445685
0.42691827050072817
0.4089867259979185
0.40990161821560644
0.3367086491973706
0.3145859737657593
0.340676591567841
0.3357492203546006
0.369598044727307
0.41196555647216937
0.37491273692482285
0.4317836051772791
0.28935476495386925
0.3500771355909708
0.2797179568499655
0.2996792023095049
0.28292280871586345
0.29770220280390153
0.36085006203368
0.3502614472724277
0.3508123836414118
0.3857450650899925
0.27008979336452843
0.3723063302538027
0.3687218498268379
0.38105671225973275
0.31300919451252285
0.3047023554279078
0.36944732982489126
0.19932563256797886
0.30128111872087915
0.2632980338537614
0.34176996525973874
0.3903742685248344
0.3365213700434486
0.29575061153682614
0.3091927066949663
0.28143021925654993
0.34159986940722215
0.40015463035621035
0.32705408452390927
0.301455608613033
0.30748327412831605
0.31889624167002156
0.4311596757840454
0.31861992111759063
0.342093658485157
0.2872795502295359
0.18681796587251218
0.31374699884255813
0.31479556133038716
0.3012549112091163
0.33074807509432613
0.31183352663271885
0.41108143046620205
0.36954616353820885
0.27600266474762164
0.3145395557360512
0.2851521020746902
0.4500614965045857
0.3834430089349583
0.3337296866114576
0.3570911355898293
0.3503575203341156
0.32726723031542043
0.30530389271614855
0.2780520071959962
0.29077990287469074
0.4031388632339043
0.28297315546661134
0.39593560845291015
0.2927942090653676
0.4187278240241269
0.35456368991254544
0.3416868211661177
0.3391789670986389
0.31230512963951645
0.29293187721905806
0.3675025514839031
0.3338300288233003
0.3167596419142759
0.360639822410785
0.3112296562404499
0.34676988269290104
0.33395034597266837
0.28141728574749664
0.3415203808556178
0.3260112434968049
0.40994803311344097
0.3006163108839335
0.292445528795516
0.30655573511148354
0.3114286250487639
0.3721650279783754
0.3841299357989518
0.3171555704907938
0.3303554178563128
0.4120997340201974
0.3324107825779669
0.2701971665523633
0.34983541374925536
0.3509007928074721
0.3319510006510092
0.35864154711717333
0.29395987608245516
0.3449763630666421
0.2680342688429724
0.28536403330597004
0.3061762129221258
0.35957705322773664
0.34146686040079666
0.24274469189146947
0.37844122851319817
0.3524635219416299
0.38718402961302045
0.2653170775036991
0.3918856827948653
0.40658035396669034
0.40285027561516196
0.3843045540973693
0.2690547613641201
0.22895875790511497
0.3929829659472977
0.40149041175431716
0.310413418740749
0.43108592480667945
0.35288026153132773
0.298576565668129
0.34638406216841017
0.41523098435769956
0.34664943043976143
0.3616023534597098
0.31773559390583
0.28396961993531655
0.3146066797993318
0.31867059791438374
0.3704918719777153
0.3179958605560058
0.3103651157426581
0.3961015563086237
0.31427043339894073
0.3108796930571491
0.3913300087813205
0.28977368613796994
0.3460903733892046
0.2351019749799891
0.5328947458269028
0.30372712904507587
0.41825065364740366
0.38566340674930627
0.4188013253815664
0.31875263766513023
0.40904580735597285
0.31096719820521657
0.3630717741914165
0.2841775412605658
0.32451930979782656
0.269553321023907
0.3315369065408152
0.29845167149046853
0.3278458480154074
0.26948872245897654
0.2740916452625501
0.25760474799983646
0.3307231196162768
0.41690777315002603
0.41892823608467766
0.2957162983239145
0.26616645840134445
0.3922459641192134
0.3053630280255775
0.4512252451878851
0.2702317157470717
0.43407932149438144
0.3434173516713228
0.4397547884773565
0.39267289301121516
0.4136610952257982
0.37976010648432207
0.2434722759670152
0.32222087224842977
0.32766792731112465
0.3605813535655757
0.3619342362997426
0.3792783574461425
0.39216208848991807
0.2752652015955858
0.3429319070415449
0.4218591740259616
0.2140506807813494
0.3080014909467025
0.3508963160083818
0.2671661512547759
0.3484443946338936
0.4181659781588344
0.3002832463908459
0.31556578326392953
0.3332992035261712
0.40676942849752196
0.3332209021097615
0.32045804911894116
0.28830645256150916
0.31845035713036424
0.3701367427964089
0.276559898974993
0.32352782688671555
0.32581045607713865
0.34575044416698636
0.41421634004771957
0.3396528259023164
0.31741684261034464
0.35665356105476825
0.36930370556923015
0.2728529502496981
0.32452587351516254
0.26627960751216756
0.43413469479112204
0.327769723949865
0.45975100867939706
0.3285461109668367
0.289311373740771
0.39384669907688863
0.409060213497827
0.32047025535325235
0.22692202102975711
0.3260870250556481
0.3396989035571971
0.46818245763443483
0.34965914643791174
0.4190654698105286
0.37348813131875264
0.2953004044068084
0.3241226710865887
0.25724481337730054
0.2725847221468655
0.2686890379978532
0.3912415589888373
0.3013412430862234
0.27788570077601377
0.3604137193132672
0.32469763101340465
0.4354939411160717
0.2837890427451145
0.41340535783238225
0.49287900519945294
0.3946207498449087
0.37332516769800883
0.4192599492355185
0.3558394702673568
0.46665589018099035
0.4156799688889517
0.36284816138392506
0.3990655619311877
0.39566579227487064
0.30282811326100684
0.3841272111854529
0.36344081794107724
0.31822017481948606
0.35582125941597836
0.3540447494127915
0.4335143490493728
0.4658241396313932
0.28948817456134857
0.3296033834406047
0.38575781987388985
0.3334183747085425
0.2973707665591834
0.46828399206858873
0.39238483729596857
0.4732801109663279
0.3421337564513513
0.31091877158479037
0.26621371825603707
0.5229694180311427
0.32988715132579194
0.321009653325139
0.3148662431119273
0.29999860015653257
0.37568771635192405
0.31932701490138116
0.3575556090723455
0.3696330046771239
0.34951517521926323
0.46325892796853957
0.3060808832307813
0.35594028563825353
0.3311042721790339
0.29918774985189484
0.3111246015161572
0.4005557316737503
0.34363870089208265
0.405598452797527
0.31711411259025735
0.3547243206194884
0.38547657478888253
0.4158916229315939
0.31649278228005057
0.24892245125763043
0.2596325421706367
0.322813708385169
0.30051871125637547
0.36139966539766116
0.2897165149838705
0.33956280375467035
0.32170468308857525
0.30540716388273004
0.31315450418650354
0.28212821085145845
0.31893817646559797
0.27212087436804966
0.26975988149545993
0.47738264812087844
0.3369597804639645
0.4019305160888522
0.4605110687442177
0.376717506226684
0.4506901437095048
0.3197716725782031
0.3515278955186095
0.29174041846188287
0.44132474090588514
0.2965128098283033
0.27138652953070225
0.42687039692113493
0.344452646998251
0.3128899517494069
0.23389486546678284
0.4636627458625097
0.3914118442460509
0.38438351054372627
0.22147064943527126
0.38213651506953333
0.3634497938998669
0.294088634177486
0.32386830734014677
0.28274503699359865
0.3141486612863108
0.26999634387889193
0.3206947657304688
0.41415263738217445
0.28030742195277947
0.3176175993570172
0.4237314898180296
0.3230295653818054
0.2945690610575904
0.38421041346355067
0.2829966420327262
0.371457120984207
0.3863687541368543
0.3333527749783736
0.37015528037296536
0.32093898706093216
0.409440976207044
0.35850514394895167
0.3171040837834207
0.359374203974901
0.2816670351773657
0.3247191325724517
0.35855198442409214
0.4562733070109615
0.40620581993308874
0.36929223377220877
0.41812947291298624
0.37818694833748895
0.35924551691570894
0.3103366746653696
0.28784302381662424
0.2692910200643305
0.40087625990038156
0.3430320514889729
0.32095637530422794
0.4970751458765589
0.24328330508354504
0.4390468248201832
0.3400589863721564
0.345821527469038
0.2926785993001482
0.3287387277295095
0.2971931220601189
0.3152226259267039
0.3426817219017069
0.29271877937284857
0.3549949906282458
0.40985689294016364
0.4032194188483344
0.3475282964478723
0.39333247994363774
0.28399675515024625
0.3809940359975668
0.24728332837824774
0.32845398384231755
0.3547103892988944
0.40884038594258576
0.3385258745988722
0.3525797862293027
0.29463934079506204
0.3652099510223461
0.4169805428811696
0.2585219808528205
0.31151649666608944
0.41964097328891536
0.3847956923120288
0.2854229954992947
0.3156913809657369
0.4725275323184661
0.38136641925897613
0.2859300448610395
0.3367561981081855
0.3645648213558824
0.42555977001991396
0.37246076665470224
0.31117716443618537
0.40813406741521707
0.2630544307624765
0.3212455745206306
0.3008410876774989
0.41924938772852666
0.25302772121931266
0.37646857783974114
0.42686718643801036
0.43503674864796055
0.306134627885437
0.37692229490155815
0.3793752271458807
0.29730660161637307
0.2863389652228677
0.42752454403586476
0.2780895257589725
0.3431396622953686
0.4236020139499132
0.3237520769696576
0.3088356768374893
0.38879593509475835
0.3272943169551865
0.31485853285483123
0.3968838123315804
0.3761129282354701
0.26800033292544917
0.32493236872661807
0.36681116339690845
0.3254787845477474
0.4670690227961107
0.21704674083585332
0.40224613535927406
0.3229453672410897
0.31826190256210196
0.3284167814072209
0.3292221729669694
0.443081895356137
0.4007395268894996
0.20614175402129922
0.2919433611750755
0.37058037551709644
0.364394853258668
0.33312284375556883
0.35548402474389285
0.34911069859833654
0.31256768321184186
0.3058645659931008
0.4125079241995447
0.3396422832796141
0.34871184215879514
0.3436311719656957
0.31568933670105337
0.3279574501501642
0.33648658223701705
0.36420217499576496
0.4088373309852075
0.32396110215699003
0.3853609014659545
0.42678965737574937
0.37837762431571137
0.41540382182945795
0.43914092217836814
0.45431084710115627
0.2506514620913156
0.48201972864026266
0.39904013144679545
0.3475050062503135
0.2820126263529144
0.33267866069607355
0.2705488182079351
0.35377635737471225
0.38766128099965824
0.33602283229501917
0.36204077878630153
0.2807398585010207
0.36699772492657734
0.4252816670983325
0.4194836594099078
0.3935051649225692
0.3017684421242693
0.4041171909048679
0.35789188706634256
0.36605649241196975
0.2855877711506847
0.30008863124171936
0.3139329242156936
0.2915330040752053
0.4113231174550187
0.3194064896738719
0.40115930811755846
0.4632779790383046
0.25329312331600784
0.34663147543250233
0.4219003540453712
0.27891866623837935
0.42197365382175533
0.2748037957463606
0.3353902623798186
0.39652525697179275
0.3699257193169459
0.39034967972446616
0.3249959368528472
0.31787313989244353
0.3934968670238692
0.28378218501182556
0.45768850592430155
0.3066082303806551
0.2977147095334535
0.36825045980371146
0.33754039457478313
0.3379511409551512
0.35868375792867413
0.337407867145083
0.4123308699767362
0.36274912107089446
0.2887184916961206
0.3061927318989993
0.343116292959006
0.2819249841274027
0.3738620411162363
0.3553410259865347
0.3008884831408685
0.3454257264417042
0.37169456036322907
0.3833764097477846
0.27030700384079
0.2584918717732239
0.2933345961099083
0.38164884655041237
0.304233597276082
0.31260865060153414
0.38469593489810805
0.2959565817891816
0.38562538423254866
0.3988267447156204
0.36952525737157854
0.35813964407787524
0.33467176416682476
0.3627681535583281
0.44355352452461977
0.2484176093158664
0.3365574234234324
0.42070024278730067
0.29413380138424994
0.4148900537910425
0.39474413980441747
0.354424917877017
0.363512540624705
0.38872871560795313
0.22599730585987507
0.45121567164402726
0.31402599765281786
0.4232189499435948
0.39614136416920037
0.3069524954336938
0.36052118572726044
0.19848507610540836
0.31328150954578265
0.40210869609421174
0.32314926019890705
0.3554098150144966
0.2889481268480013
0.3348809304580038
0.37047636751683594
0.33062986644627834
0.3429553448865412
0.40592230528493506
0.3076082800124094
0.29476498231095744
0.41315970259732643
0.3839897889727079
0.37510710336808917
0.4231651609198347
0.3934769880847001
0.3456258352875973
0.3113261462450465
0.4400006608030409
0.3714562457993206
0.4098617777925008
0.404823406721662
0.3011547555182733
0.3570070262929181
0.27697096138198846
0.45826350582994274
0.28842904151055904
0.4037885271702828
0.3431388818605592
0.47536899103890506
0.3750577103108269
0.3461824816823502
0.3390566294132687
0.43017258611888504
0.4567344952726633
0.4030530522163875
0.34941967879805547
0.28614067064734505
0.3464415209693947
0.324959512251462
0.49264470855708653
0.2865238412996334
0.38992167171056596
0.3138577759397114
0.3693194331977643
0.25103022673547776
0.3448633634272659
0.37307503400686404
0.3411345544770608
0.45263978513928316
0.33628667842622356
0.32585187711092206
0.5779104286928138
0.326861179433969
0.35393654246603806
0.5370951347278706
0.37456786924856783
0.22671487180993574
0.2802255099753366
0.34192305934508455
0.278291665748735
0.31762487284615176
0.4228933369696582
0.33982077897887764
0.4070376512569903
0.5697171971352871
0.2996721565073692
0.28005250259272285
0.3879640414676082
0.2781671091297734
0.3854747989400364
0.3955637633232096
0.36239675505621505
0.3563443545836779
0.3918935779408051
0.3010917918230924
0.33932457452057124
0.4995337847492586
0.4035195407526994
0.3598869377376654
0.32426220797009786
0.31492553071281226
0.39103826927188434
0.4655634787419421
0.35217667035831357
0.29083821198842363
0.3110769544850233
0.3267567312885531
0.274994085253847
0.4013406079554053
0.30906474115765387
0.33653003345629257
0.34271221415837755
0.28285279994965284
0.3740211042011345
0.32163739133708635
0.3833659731239836
0.4269722248711256
0.33806408483883327
0.2880996193914119
0.3335143627012205
0.4524263682270455
0.33222458471823774
0.48070650894072264
0.3977148830115798
0.36662412793178056
0.3812734722599526
0.30380200900369175
0.3757757485633339
0.4135484062573599
0.3876133795355093
0.328633718490255
0.3486631531782866
0.3285105416894836
0.30366291526371914
0.3043792036403256
0.3343467317574993
0.3024103143985261
0.3621521973176401
0.3952478463129205
0.24663407851342017
0.35892556671546166
0.37295055970161095
0.3034068067882463
0.433687796290907
0.2792896666413892
0.5494305000503215
0.41977730477496783
0.39166306524095285
0.2735003574940111
0.49036590741841746
0.32498512538584695
0.30088530795492513
0.3083242524903197
0.3951274448718463
0.27579800899059687
0.4089926261844575
0.3288289343146996
0.3630641615621206
0.2771038304716982
0.30071874806383897
0.30351290788292956
0.34828923959875036
0.3152590887084405
0.4963580675740213
0.3002941260298322
0.30535642808490215
0.25072014096412143
0.31839540405712224
0.37143929657442687
0.3832508563386686
0.393306599441744
0.41069841613206365
0.3860499978041648
0.2843560042397252
0.32484758633603644
0.3492149800739416
0.311188783236976
0.3306110301196511
0.3452476212199335
0.34213593772681056
0.3383143454850178
0.28850128144198023
0.3788498408513672
0.3680171658796592
0.3446415814554888
0.3488113652285389
0.38957338200168923
0.3172471836516989
0.37334154800598635
0.3003997395386045
0.32553794041494666
0.3272941381376757
0.3850979399175509
0.28570511534281134
0.372045913292086
0.29658225138058936
0.3420125473657171
0.4529511195200936
0.5168954331115746
0.3632218220711434
0.31887985084903064
0.352951839346193
0.4188551947382947
0.39844972534788203
0.3220304090887112
0.28887453886126874
0.27025983997177416
0.3022869156247976
0.34071828203643895
0.37274964631676005
0.2877043022939393
0.34247760268932415
0.30791443058844076
0.30231758288300853
0.3500511400614024
0.2815165338250753
0.22322677324375495
0.3594818725567485
0.35968118785581354
0.35504109951970475
0.2254849351953525
0.4178783932337972
0.34459767131974595
0.2554031331052755
0.29037872390716263
0.21928161238561708
0.2994105835446043
0.2860666481739784
0.3789041703888529
0.4568700732499312
0.3843952893777047
0.3460670857500717
0.24062354029588257
0.3971754283969785
0.32515014372556245
0.2944618772694092
0.3402425596088967
0.3258449356745907
0.32177008093658
0.37833222416569023
0.3738476104865338
0.3337172266495867
0.28669506902785175
0.2958913929361671
0.3801742653226861
0.3968725210021905
0.46406846015471787
0.368250737444332
0.40330952424227096
0.2842291963592985
0.40528369531360686
0.32529859303178876
0.32759830606200885
0.38746543267152567
0.3176088166014855
0.34876476069549056
0.28409485266001483
0.2568268833362791
0.3461321280986328
0.3652403279596838
0.27326179604520273
0.38631483393254346
0.4009052725640758
0.4066580233088861
0.4353883542478163
0.3416107225866025
0.36231743445746006
0.3669994575451184
0.2858122374700155
0.34669289960728367
0.31395466516663073
0.23393797854310644
0.2911660977572381
0.24342868462198622
0.3599567238643387
0.37026177110184344
0.24612483044912817
0.29212516504141617
0.3118616438033409
0.32563873189813886
0.33814032801053295
0.35184578599713423
0.3904663997550666
0.3343000256790282
0.3316979877720254
0.2855121518433163
0.243035898340974
0.2874534444941277
0.2748344646449679
0.32532891320456925
0.4818367733718644
0.25098792827193767
0.32715539944756267
0.37852080338557487
0.375782766187449
0.29978788838599035
0.3304905019815947
0.3158803921948283
0.4165534893304884
0.29165377435589945
0.406076883826815
0.3018261481443537
0.289354845834359
0.4528304151392048
0.37887942025982396
0.4253789002171899
0.4532792173632296
0.3965815445803764
0.4027963719939306
0.3734535040120744
0.32043562111953267
0.40242523923430595
0.2895223684510775
0.3421853185767125
0.3549027148478838
0.43784205059728953
0.35228063664332604
0.3312643475551208
0.3255736253492342
0.3346789837791936
0.3063736445900877
0.2988508901063037
0.3209384272424838
0.32904774524111546
0.3081664301123792
0.2781766754068952
0.27183665114975936
0.3411417246327029
0.3432880204781619
0.3922788089582485
0.37940671088211486
0.3643423304015921
0.28607899302290074
0.4042936500409214
0.33357673121316134
0.30556137106358167
0.350166695588833
0.42959570089691607
0.4219185873653928
0.31822163378230856
0.3738262872043282
0.34064979677034224
0.2867657815247767
0.24328599536834733
0.3243243741706617
0.3483645320517696
0.32990106229081595
0.32988814585733317
0.3257532312545805
0.34651347539541616
0.45638340910150427
0.420977291194851
0.3009255819625267
0.33363314706378394
0.4209806006498571
0.3247833958074149
0.45840107181635187
0.31685328183197675
0.3140138716925427
0.36454733679508383
0.39285093252173087
0.4431890677217874
0.3382758275280485
0.3064532631237104
0.26527789775473115
0.2955758277780487
0.25514971829850136
0.336057510596184
0.28093272611167275
0.2752400875048389
0.3461269560336274
0.32126884676272877
0.3534721083460858
0.385982464834141
0.34794921286057306
0.2928507561931003
0.32821481590712204
0.3689443037569386
0.29668182363550344
0.37477200650961406
0.3405360787873071
0.39607172900698273
