0.22148786601663814
0.3538350094056126
0.4395517444933809
0.3934553689440134
0.3380859807092473
0.3213048671552227
0.3522059448561193
0.42290635445403235
0.3510850023560838
0.3189646978610565
0.3597891767009263
0.27213844967226525
0.33719655682481925
0.5365176987303372
0.3656247586805497
0.427138936000568
0.4229907480123667
0.32343589847455284
0.26723237635322467
0.4244745935306905
0.3808097480092729
0.35378273153816747
0.24621505563273577
0.4038141213102259
0.434278183767629
0.42591703597650843
0.42958951837885734
0.38985180249078133
0.3097333218554371
0.32628713804631115
0.36580262015002385
0.3225057896917122
0.30123979059509953
0.36842518683853237
0.39868155735635347
0.3675772743259878
0.4412226565489527
0.37406072779429933
0.33742460708270056
0.3854885575417415
0.31022976282303577
0.3796621376904574
0.4172674373385415
0.34506041168810603
0.3190571477314435
0.28752166998809564
0.3409930907138091
0.27937862536531566
0.27832318508924175
0.2931811888086972
0.3878470786065116
0.2965896374612538
0.3085505263884634
0.2859251531776299
0.3567529050114157
0.3359992142753853
0.2962882285374459
0.33136121870186747
0.3193647289550377
0.44061643544913004
0.42229313806610747
0.3687042769400963
0.3350939645931531
0.48235589828781145
0.348692594064807
0.2995454479537538
0.4078969761255754
0.4117631301093336
0.3129632262483143
0.3596156726009486
0.2295913845895184
0.3149106863464073
0.3283326519121679
0.25172048974982186
0.2895588469257223
0.3457360392296145
0.2895350925212971
0.4447214310888314
0.356545484063579
0.34017333632154145
0.42337348848963313
0.4165817722754106
0.2990865978681484
0.40261243762186655
0.33985873266253375
0.32459524528420575
0.34413935459413136
0.3408184607852232
0.2743379008202238
0.24752601622029885
0.3059708299935548
0.32873405053924293
0.36044822528602166
0.25501793299832526
0.35625287677697615
0.32040017499373874
0.3133406994729694
0.2775240840466662
0.37936126345001464
0.30107816713033486
0.3465153202624844
0.33615356684078446
0.371411824535681
0.3236408728756372
0.4283271532690027
0.37634713203212794
0.34364711998112335
0.33469484141116357
0.38835187285482337
0.3523063760240455
0.3035509799758866
0.38543064739806054
0.4292085065108413
0.31088162698500843
0.39371544342693787
0.4168867040213217
0.4484295141768672
0.2728905489061168
0.3267175832434122
0.37099433271822524
0.2693137323814274
0.3484881807512189
0.3390542193584444
0.32287837101321254
0.3839994143342075
0.39956467140129454
0.3609435040372969
0.3427299414503391
0.30240085453346943
0.42799069540035095
0.298950520980738
0.3742553689115425
0.3778925927156779
0.28012130443400174
0.28634745047125004
0.3541729082045305
0.33674704372448605
0.36943789996050136
0.36969160804357676
0.39539745060266246
0.34376207021713945
0.33220541114820606
0.2883846913217324
0.32529910872762524
0.348823386540193
0.2862116969595844
0.2917303507428058
0.3282355479218346
0.3397556502614717
0.3350504619048863
0.406682989321739
0.3462410316700279
0.33241671439480996
0.337396069662229
0.3085011151998064
0.32574042321929925
0.39536911023763094
0.3340280213006942
0.3172184454527974
0.32642406249823885
0.33228121599631966
0.3874996531229424
0.3128727719518127
0.3972107930754391
0.32642975278454683
0.2886588229560452
0.2794325181665021
0.4181492522579131
0.3232851985378057
0.3032758351379379
0.3477073908954294
0.3124982310860356
0.3028193252067853
0.4678559363057937
0.34967902961482616
0.4358040626669506
0.2828198529573221
0.2834856331629137
0.2745195101431865
0.3691827147100421
0.2342359575695669
0.3975826766498804
0.3537969373796849
0.31102729630116593
0.3348040235200876
0.32443555933480583
0.44514949999042147
0.3776373035216514
0.3710779757120748
0.34042308219661144
0.34837722022368456
0.33576227286983257
0.39150795446411607
0.3592641730100136
0.3430730700748412
0.31983616756046784
0.31030022327057044
0.32576484725818017
0.4278388225976131
0.3964852398932399
0.3050082887301278
0.3713641586422929
0.2848068206556919
0.41576807066915744
0.3066823578066045
0.37056611246189264
0.34214608151604947
0.29878694040945597
0.3679102046704625
0.3106079119684707
0.29039684982831154
0.36512873279064245
0.4606131794637343
0.25418185701496615
0.32413930685796555
0.3028104222884487
0.35061485730977465
0.32170067132067115
0.34386075854205056
0.30121969601396836
0.4096683557369338
0.22826938598521462
0.2797696765452514
0.3519502823755152
0.2912395135385808
0.32613700080162217
0.40088790574698213
0.4137760266956877
0.32618107081502185
0.4474928533744048
0.3086184901374115
0.27841303267308437
0.2979673354076286
0.3226308411975986
0.37183067118984264
0.3063884239886063
0.3206768960454661
0.3117440905977087
0.31125670986904824
0.4647775719698475
0.3798012980746771
0.35179984282300414
0.29130926510074506
0.3435754437732389
0.25051055594286076
0.3075850902693911
0.37715470867953277
0.32687097582773866
0.3177599992812306
0.42681721121692057
0.29932456691811243
0.4193500128075596
0.2519983041877585
0.41952001244245946
0.44542387843594466
0.3620122679199727
0.3272512509061785
0.3209291786931948
0.3414946453818348
0.3305324659410072
0.37525337591223745
0.20106587082719166
0.3352717205501266
0.35980686448265814
0.3917703092628216
0.2834836754388067
0.270578001959639
0.27212782531627105
0.3710997232173552
0.3425434490663679
0.31407623618380687
0.3459393507255339
0.3710539308682129
0.31774037498749635
0.42155297420203663
0.306009517021665
0.40991829684547343
0.39019034946435627
0.43905445092429013
0.36050077023543853
0.3697581120888793
0.40426969084450465
0.45787249869467184
0.38220128499929334
0.33006306864099294
0.42625968929555597
0.26623898464208273
0.34616925941525034
0.30813469306114033
0.4530653445939687
0.298085106496019
0.39717586024468865
0.36058637365929436
0.31959628528205536
0.37440563449647685
0.33475725113995686
0.3377543840944509
0.35190573137548586
0.5508628573728067
0.37014467506416193
0.35062564960178766
0.33139185869084004
0.3504465524871229
0.33930921375724654
0.3650478459119251
0.2614896103262052
0.37710123689943276
0.3545540406803516
0.30013517477300067
0.3859999043396421
0.2875836809368514
0.25641410819435934
0.29321639046380965
0.40227254129125545
0.315078877908353
0.4003526033632589
0.3277343737722039
0.4585075053627174
0.4498456611218235
0.3495800147505371
0.4056453164052565
0.3813294022835377
0.24711863564520586
0.41681479601456084
0.26098706581485825
0.3391614186066943
0.27191316046071906
0.38613745087058376
0.29686498145907964
0.4104687145158903
0.3658914941361674
0.33680760724117964
0.40285254183362795
0.5351960695307143
0.32875135374562503
0.37093652264636223
0.3549216470081247
0.2695447202401595
0.24944264278977651
0.40508199895320346
0.30767080752047243
0.34897923562585875
0.5161737042726677
0.3678912167519513
0.3221457333530707
0.47693119517516164
0.3658776056402375
0.3344341303318419
0.29934457149756255
0.3917791850323911
0.3353566740609074
0.3556311128308643
0.34766931915589677
0.35885172574792473
0.4245292645916036
0.33326619759288956
0.33199102200900676
0.4162542147986023
0.44433862505406596
0.3106775235156753
0.3179585802757413
0.41975141467587507
0.22782230410849133
0.29307616292747934
0.30270534887625006
0.2732695745139396
0.34307488914028966
0.3506165859018505
0.3435968070365221
0.3184501130831217
0.3917801953477352
0.3972998879810392
0.35810561406147606
0.29758114128177865
0.35534911052867685
0.3706322025359548
0.3174579654794544
0.3269765610071739
0.31904036104152506
0.3767242032882214
0.33944238754736317
0.3455015194090631
0.3853223639084657
0.3567999829417097
0.42177953039279775
0.2930440246886024
0.39880291855730804
0.3185108038748723
0.453982954806275
0.3141989818680079
0.2589851906377341
0.30688007784972393
0.29014101757810223
0.34616146815687643
0.3444250130032153
0.4621878957494258
0.27559796453126584
0.3850865875008396
0.44208723709291137
0.24399085696951803
0.33676004031237056
0.29123091340262147
0.3065843016909287
0.4375742542146961
0.4664422835559856
0.3041938146315524
0.2727182061664311
0.43072013154502076
0.29588685394087755
0.29746894541462876
0.3283674223925916
0.38726462775538206
0.34826543023371126
0.4216190144278258
0.36433588552447477
0.2709360378311041
0.2845599219900745
0.33374462931717325
0.3716012891346542
0.3534559768635682
0.2711357796501831
0.40493271023676847
0.31822971289054947
0.2797507905995836
0.35887929899269905
0.3589277211511388
0.32455312382036333
0.5788752417371047
0.2952379436315894
0.32518335471866505
0.3246531857528408
0.38506605477028427
0.294442711893917
0.30457044727993604
0.3503859678166445
0.3579423591671349
0.32174434975360633
0.3704765929906055
0.3524269025569726
0.4705715128325249
0.3673209245214512
0.31277699738188947
0.3574614210240547
0.29600428474587026
0.32588690147831667
0.3611421365530993
0.302569437442908
0.2468213979490633
0.35150995015717584
0.16443028281976266
0.2813592508647817
0.35930212303902936
0.2851787511811025
0.34762516370862734
0.28459032804508105
0.3255540827159245
0.2968324559520547
0.3434430190333718
0.32212654181883327
0.31911238063273156
0.28727204417099256
0.38157138702603854
0.4115063652608109
0.3202559383547514
0.3184528284601347
0.2982713671796093
0.37313408535906495
0.2616353774315632
0.31345671652106727
0.2892373546181275
0.3002330179679745
0.34481412481643986
0.3410596445057038
0.29512244967545
0.2956498140562099
0.42463794859038384
0.3207019344486714
0.38247867124579876
0.23373166645664625
0.45150914593706826
0.43446362302173686
0.3953042349097517
0.32940093920715524
0.32298177595701166
0.23544591673109735
0.3473651173519094
0.33049901160088546
0.32029256616711554
0.4009114066834962
0.41083337266748177
0.4204042684959884
0.3442283116936243
0.4145836384904257
0.3258589176608655
0.3348201786731175
0.3078799618590687
0.37299724484544927
0.2873230919582627
0.41191794095262807
0.3576509635265739
0.5737380681182371
0.4144663835237311
0.30999916086854257
0.38932143789064777
0.25941172915220606
0.3968267560632284
0.28677600534487396
0.2779704778302016
0.3018337936988819
0.2743443508819148
0.3927772227923219
0.40721892401944704
0.32333107885595486
0.4239956986742895
0.31376508436032735
0.4163896376720558
0.40607670945533864
0.3381130445652307
0.4313890580693055
0.33031297296904094
0.4209273484862906
0.33169213369832334
0.37637140742176994
0.3179681212568667
0.3054880859821902
0.4324075739101535
0.38556093482893666
0.24347568691195148
0.30197139807429685
0.28669145409823765
0.2827661961179371
0.30721101276417323
0.18773191305346398
0.36817152155578386
0.3365353955503014
0.3820994758215016
0.2940875522337274
0.2728139669075158
0.3208900448082325
0.24553039103918273
0.26931691692258175
0.3076618533342096
0.45617111970789026
0.3278354964484177
0.31542552718402084
0.31041732713897185
0.48968889924202375
0.3865999184255731
0.34818666127156384
0.4079478644287294
0.3799774716765842
0.3512408900373824
0.2818082550102227
0.31543345441372644
0.33296354401781986
0.4941109547212012
0.37777231385806936
0.34407600359030016
0.32376475784471515
0.34826444715615534
0.2927714845596866
0.3639041663749367
0.3786626633202854
0.424306864499945
0.2799837545023916
0.27210216812595156
0.3893310801333529
0.3974507940391811
0.3895996977386314
0.27626642282875624
0.3071776335370377
0.30209994787751404
0.27754258960240713
0.3643328344911557
0.35277821662532166
0.4066396986883844
0.36653181733688067
0.3287892997801555
0.2519530917847585
0.3624741282983596
0.3983138163735093
0.343779183223852
0.3774670320220343
0.4010161499838277
0.3520193939801954
0.32667181482002516
0.3622579136316532
0.23398527784206127
0.4206770836468734
0.4202443664297483
0.4641084777385903
0.3950410631908209
0.37123142949274307
0.283620727605521
0.30051287899393675
0.26173622955310333
0.2156545107310743
0.37196475470789225
0.3917756165176791
0.3067698858300625
0.31141903827377493
0.3888503990227145
0.31837278480045683
0.2868349867993874
0.40843400942522223
0.31783692941958636
0.39192567977677445
0.3342655063027985
0.4027808190453812
0.4122332982652096
0.33292816245158047
0.26051039649480984
0.31235375268134313
0.32717170093077447
0.4102286462317767
0.4109789111235024
0.3570992693565157
0.3331304802244371
0.4126800668358349
0.35960204866801265
0.37282367783630704
0.43205568392827937
0.23926821814734714
0.3301912418192589
0.32185065263242
0.464739674305514
0.37634577039877876
0.30168527131559586
0.2867014736032326
0.3858071480529151
0.34424855247936564
0.3042330308022649
0.2872447412252076
0.35659815873813155
0.3310216796247653
0.32470368852385934
0.3588762784834541
0.3933915258866201
0.2777048810793871
0.32159514456937355
0.2976146529241919
0.42837855204843034
0.34908748613318125
0.2720872950511048
0.29426945976399327
0.3640063706228932
0.3664480373453304
0.2822590902589444
0.3022770681666804
0.39138212616678386
0.4205664690818052
0.3728987015676068
0.4102720555338705
0.2488493180165763
0.39034126877510944
0.3453154564346067
0.4110309159207189
0.33281684618745805
0.3503307595836612
0.36291025597028326
0.3622263649616073
0.415814443557314
0.4263808477120879
0.46577423231085796
0.306766272127875
0.315376263909493
0.4531791674458551
0.36538308935974645
0.3969368503746585
0.30069985738041755
0.3744387876167495
0.43443561499632305
0.3305795456698793
0.4603767552697504
0.3282287501355227
0.3233269050099941
0.350597481796767
0.32361744779650853
0.3053319004111524
0.3359180567900865
0.27846301362371056
0.2565759852819283
0.34021343119470976
0.36163149857664917
0.2707466646425078
0.3302000372176771
0.3327587653665331
0.4991518792605656
0.28259819930876423
0.24478640406724386
0.3209493326708399
0.341429085710712
0.3417221518865321
0.5545647404371804
0.3531593181066445
0.3972131645245295
0.27989683508476726
0.3872736336925096
0.3416160638609326
0.37836742299214504
0.31464982124419644
0.29434475027660784
0.3065322349667749
0.33320569634548913
0.28429673509104714
0.31653179647877033
0.2964184361424984
0.29445541637272254
0.3641427559025999
0.4111912186014877
0.4354287330367964
0.3275100685762386
0.34018415619007186
0.34264117690472184
0.2886656267418079
0.3689594171633444
0.28366432161757693
0.36077057684816866
0.3252797231137641
0.22149447712584167
0.34878145286612416
0.3083178426203596
0.3773769223141775
0.3849949117801448
0.3423388875740049
0.29628931276083953
0.3912612498256031
0.2851469126458992
0.303226616693157
0.3256600177766446
0.33856525961890177
0.3093400311065036
0.34505627077024786
0.4633116591027232
0.27167801687400883
0.3403553243457113
0.39999225759137974
0.37715237237974186
0.34242814558807455
0.3807873720102785
0.3593181363627711
0.3275301585666231
0.2773686784092997
0.3969382046030827
0.40439139863868645
0.28192096276927464
0.3549858394570557
0.3082024391312453
0.31145289959207295
0.4262623384997473
0.3456123769793742
0.43200230632697195
0.42329084876282946
0.31836758216207306
0.26998097720020103
0.28337218217225024
0.3018444680018272
0.40423523136688283
0.33160567011224557
0.45076675307268405
0.36988401605749
0.3073841233449985
0.30681171866828644
0.3148117017545366
0.34994221308038576
0.4131910842654131
0.28691875647723114
0.2866579094743407
0.2708380936657451
0.46847134729073986
0.34401799320868753
0.41537168763245697
0.4067097536501227
0.31590813824560043
0.35393647477773904
0.32612262809408227
0.3214422938919869
0.33040541760430825
0.3021210151461592
0.27500750399015406
0.3281901231654089
0.3170637711125105
0.36682973634057225
0.3935012862391429
0.27488533170376084
0.3876383013179224
0.2980144244523027
0.3042413809626111
0.3458764846440429
0.2698239011998037
0.3646706874337367
0.3366045285444459
0.3848973488881133
0.2984002597116654
0.30192498892862396
0.3524147580104211
0.43568087603967015
0.32158525911230434
0.28953784235943103
0.31891168533686187
0.3144585755954107
0.30289849657557677
0.36673055479670397
0.338138623808551
0.38536086066111563
0.2849555954666333
0.2907970481023153
0.2769734765969769
0.3158816979847526
0.4201400701539819
0.26579721883955637
0.3200907268574695
0.3198389990647951
0.337445523021218
0.3915023899085025
0.3652104723164601
0.4415593041669005
0.36898559174854295
0.3274563394580746
0.28743032464503815
0.3864166611166405
0.313431063377067
0.3640108860259014
0.42028791492739
0.34072297889596254
0.40208998846566035
0.40148633400342465
0.3798424866852903
0.3190224672494975
0.31642406374120247
0.33124944779390536
0.3066971050840779
0.35230100095291544
0.34585805166203404
0.38769917672686566
0.35837537869406577
0.36504577521384
0.42050150347782694
0.37686746107849567
0.4092279738243451
0.39359944144260894
0.32048206263682116
0.3909627160890161
0.33310131053366754
0.33262264542789377
0.30951088639086977
0.3806770295056173
0.2964945018534571
0.4543631131747422
0.2669410818599917
0.27265242142764234
0.39380460670753564
0.4111972707106402
0.28587390681038993
0.3161244677922138
0.3312478702406337
0.28941858753026434
0.4997108202871287
0.39395626788395827
0.44360382617098804
0.4488618885411066
0.32601193134127293
0.28051330872032415
0.37990330497019975
0.40521492839057743
0.46465564811407845
0.4680315595334042
0.4556534940958636
0.32854506922250293
0.41904790138892456
0.38530398545943645
0.4026132495309368
0.4053391732571111
0.2910273046235883
0.39748990728347855
0.41363194744336995
0.2941818236853371
0.2994126309909582
0.28215500378598174
0.406022283775857
0.4517284593081684
0.37293646052942825
0.3865509347528602
0.3738253308915684
0.39361317128440215
0.2854032237792913
0.3631872006363314
0.3570284080374321
0.2814280278414003
0.36869307191110295
0.3867996206798104
0.44100735793164697
0.414797046921955
0.2894227110733724
0.44336868280741604
0.3946895359877756
0.35664800398338364
0.3762928443835266
0.49182398355507023
0.38574355083065387
0.3036566476887689
0.32347386110193826
0.38822418088727717
0.40490030430561963
0.3192043281560069
0.4004468896866505
0.2939116905720437
0.39336777975802734
0.3428176128175598
0.4371758240613328
0.2856726084444898
0.33454172003452254
0.32661002188169064
0.2878982381759254
0.40500182909038784
0.37744344210984176
0.3404584720287323
0.32051407748915534
0.3656249376913073
0.4123367132688814
0.3915561924976765
0.3184961369787938
0.3088361968458585
0.3017377078195688
0.33360720937329436
0.3241260835981683
0.2939564868381922
0.37303066492818204
0.2865382003326142
0.24442284935373987
0.3850618123805364
0.2703963433663248
0.3330169011151569
0.3282549717633915
0.31510093474729833
0.2715597904681917
0.37966047473226394
0.36748203358191733
0.42227670893166797
0.2842096693302187
0.2761597510024662
0.37783875461660577
0.3867119817738776
0.40317723018099455
0.31352983272006935
0.2995628575942574
0.3861976565980493
0.32479123263191784
0.3448816085097737
0.334867590347844
0.3612786951333794
0.4301208645956606
0.433449243039403
0.31547606007953866
0.415995953835828
0.3398819882384031
0.3938011436321757
0.3768575869935527
0.2884135519564906
0.3146520272911709
0.3516106446443164
0.3642704069832449
0.30135720229976426
0.35509102266455167
0.45651573436646997
0.42232394231572823
0.32652372247239825
0.2959827180037689
0.39092029484840063
0.295836370664912
0.3474250068814264
0.29804161182906497
0.3428680859178774
0.348212018250656
0.4048997554508105
0.42503843784783246
0.364000288882828
0.4322707413365027
0.2575449276086909
0.3556963780424076
0.27746778821461365
0.3701667023445899
0.3458740442959917
0.3935271808794083
0.3823337348339158
0.4217549295460415
0.3598603298608464
0.3545578504147162
0.4282630188627793
0.34841811130789996
0.344126301727399
0.29564306963857007
0.33855481216195343
0.3104441214217263
0.3767690580221339
0.36918880851168695
0.28192335806510227
0.42460530730774215
0.28952756663456636
0.34634831345665085
0.3999098727534909
0.3274948224017173
0.30561481866716933
0.3536524370467957
0.29212226091120436
0.46600596811744555
0.3814668749076526
0.29704295287443705
0.31952885883182947
0.2674752654611063
0.3260714462432158
0.34270896233293524
0.2892472201876844
0.37111988265961476
0.3068421079916654
0.39580824961794336
0.28262182883633064
0.2896782656871243
0.3909513633199126
0.3573876911390484
0.39260084441864734
0.3873793371446326
0.348179318503331
0.36752066460821303
0.33868472589308374
0.34261874964709
0.37113237592902365
0.43611619878159763
0.272068995275317
0.3442431584419284
0.36922213195179365
0.2915732012457089
0.4256756942940676
0.32996169315673785
0.36323178694410746
0.3750056763111553
0.3543939023498196
0.5235662478153418
0.31600950184404836
0.42130378913465966
0.281559218705571
0.33810439234103085
0.3739690182344518
0.4043109341710128
0.34098381588160775
0.40827543065226646
0.3250055602216397
0.3123625136404818
0.26777175846852197
0.3748788761982352
0.2199923346762193
0.419670033778607
0.3880326310303579
0.3975653461350741
0.32358869867360535
0.39729293251925074
0.45791502349479357
0.3524263087467264
0.38620100866677454
0.40230538573891095
0.3446846623328782
0.36159786256361326
0.30344988475016393
0.3411021612398112
0.4204465279884425
0.3309925295229684
0.4974691529925305
0.3348047481760448
0.3571235168354442
0.23716976823142996
0.4813373387297603
0.37285893699725375
0.3337003268138952
0.43647675557976273
0.3203494451211988
0.30153940051610895
0.3074254960326994
0.30239963312360146
0.41879349190252413
0.3590111791851772
0.4829035990465094
0.3240389903180808
0.45560264728959887
0.324588509585816
0.284511119982873
0.36311224400805125
0.287343773472741
0.3456137399731795
0.3454418353256083
0.33132418808880165
0.33839188134219156
0.49743738056773623
0.4011728341382849
0.34873078039705496
0.4116270118850404
0.3951920038502762
0.30875609991466385
0.31980541630402176
0.359538816616539
0.28310679107768
0.29428271117112115
0.4011769335731482
0.2377034293722126
0.4092512963881413
0.5011371150364895
0.33552151601982044
0.29006822984441766
0.2071509410883183
0.27633633694231813
0.32114656351008436
0.3177345131195809
0.30397734788678155
0.4098437373900073
0.39693426234778445
0.29095038079292995
0.2930726708845975
0.36218519687921613
0.32957183682404634
0.3283932416706733
0.2779309395913432
0.38112986992962766
0.4295468780681214
0.2881023614605695
0.41295669608553925
0.30145589789077953
0.31379304537468333
0.37403308820624315
0.4176831916517417
0.3540655169162295
0.3217802983810176
0.404504205267009
0.3366809151208618
0.32774543832529174
0.3514626690343982
0.36586263529830676
0.3709576460069082
0.34206486839845396
0.3506782475980614
0.3645014795100506
0.41120867620832685
0.3409788417550057
0.3951648278883089
0.4024763915446263
0.33937087401341104
0.33088813246869625
0.37380315789512963
0.39778586909074853
0.3610952066962501
0.45472647238339087
0.2246271726657875
0.26926078739130754
0.39576668660698616
0.3261068834705022
0.29494743630129305
0.30139159987640646
0.33550566954271
0.3820984403737373
0.3202480669920082
0.3228973832938113
0.26806885205376013
0.3931750461561994
0.2900604708252588
0.31281783151060993
0.35722306915137614
0.30012014167736334
0.47425089373265406
0.24435115999365897
0.3125012614198303
0.4148317754919997
0.290232674435974
0.40634901695278514
0.3626856361373891
0.5152842661436478
0.34980801141504997
0.41056469076161206
0.3806155812681699
0.3536132248917812
0.4947882179170921
0.22953679478521735
0.3105997217553937
0.30537559682860704
0.34613715377548354
0.3378446559953559
0.3369756964859697
0.36700419342461704
0.3293246076056839
0.378018126968341
0.31213757074953763
0.33790850397708166
0.28243804445476833
0.3011710866246924
0.32726671966933435
0.3092783511877888
0.3824782698427366
0.3462747066009388
0.3023460842308707
0.2821847469106927
0.34700535124332627
0.43280076963776015
0.2978890867456842
0.2847366434639891
0.31425332194623795
0.3353034337831828
0.48282107696433824
0.3978731691927692
0.3200427002734164
0.312317051716938
0.3124269910345716
0.32967522837984636
0.4102285815635414
0.3455246379557185
0.3952176123832573
0.34941989109989324
0.2968232383497022
0.3409161331557486
0.3878675392400366
0.3954010978444426
0.34322964553895696
0.3017878798829959
0.3492677143252713
0.3713999377055012
0.25567224441363573
0.4593689425687365
0.4595441246330594
0.3471569333086361
0.3684126076975623
0.26956036160802377
0.23031054563581788
0.4769598788717523
0.36112868542911536
0.31492712394873884
0.38435613786245615
0.3454704309269458
0.36539874166415237
0.2563265692499564
0.3435150227155101
0.40362374420570546
0.2919453169452876
0.4009035204866086
0.2793037675374215
0.36399897197710457
0.3215137966482882
0.3161563115667813
0.35735653217674357
0.3744902588811014
0.34228625202378515
0.272118840721168
0.2778181258427774
0.3402123522550049
0.29180595430691464
0.36608590508213457
0.2922969895221855
0.34921617052663684
0.31685645328245376
0.3758204332557831
0.312161323258373
0.3897884875334826
0.3744107483011796
0.3544780825226106
0.2943968266126555
0.32395678508648795
0.37789578249518047
0.3208548775985868
0.4537612495444006
0.3183975496997274
0.39794302021310024
0.2512683645171028
0.40663866582335734
0.35942366113656005
0.3116165488926037
0.3628784227030489
0.3570185575387784
0.30717317937044836
0.33953838361060096
0.38327965830707367
0.4529907197321027
0.377521997872402
0.3567859423096522
0.3976138586070263
0.3217962496016816
0.4573694712309904
0.3250886383334403
0.3004957876438497
0.3758712291522844
0.4056044829707483
0.34021800740560015
0.4147867948388825
0.3554958949054386
0.34382585910426583
0.2979964283817076
0.4049251220215505
0.37319809330365755
0.29516352831311476
0.3130754440902633
0.43347352116751114
0.38725162821306713
0.36430771520616684
0.30353718363639215
0.3934024777935916
0.39052564583628346
0.3242043523530695
0.30149742097306287
0.27992830896079
0.38102485532856756
0.40126094772134374
0.38331138435481343
0.2749473244111981
0.3566948640152953
0.40949315440280054
0.35208404671676485
0.33012617298778607
0.3928433650046031
0.292899563713374
0.3856895447161973
0.20222500130364954
0.3511259123764364
0.31544094433572595
0.36370567309071156
0.36617178941950973
0.31446033018188757
0.22566778849170238
0.3483551188245188
0.334253069657953
0.3479950076428073
0.2936314367300409
0.24534323678243258
0.3645450786832873
0.36738056484522086
0.4172907143964179
0.3465927332088848
0.4178346664616762
0.31662561840047304
0.2642544367436122
0.4378858959881543
0.38723685806703395
0.3543421614505503
0.41499844863144736
0.37846278443405623
