0.26818933129860006
0.2695062289291258
0.35475801521772027
0.39359488358988126
0.2726083909702725
0.34150404536232887
0.3251949714739732
0.37900146060390977
0.31695887541869633
0.37419948560122424
0.341144583050935
0.4524743227381441
0.36710090199740153
0.3186129242091677
0.2676382683501315
0.3107466282921977
0.27474960523700975
0.3364775311795262
0.34810218302192664
0.4087338023596634
0.3937122952628098
0.32620607317585515
0.3918209328182686
0.38947511286776565
0.3619602609679983
0.2682383666748798
0.3624404650701232
0.4991407596513605
0.4027171655350355
0.3738645005916988
0.2852269252945538
0.36252954244200075
0.44121852624829766
0.41030050470437845
0.2812578071214302
0.31752989293043093
0.28590252798596144
0.27602376189544187
0.3275197890304697
0.2992273477657509
0.358303568300465
0.2639362107282971
0.3271193860049429
0.3097958382478659
0.36907991926570166
0.30155035540681535
0.34300244993138795
0.3427691275504989
0.3914872620498064
0.3500968074350997
0.3169504486984247
0.2911260434087748
0.3919080315659276
0.3284732214543401
0.37144690928845203
0.3186696330360673
0.3176673855357247
0.316538169504886
0.3908695134333849
0.3044582949762275
0.31826745738211937
0.33608000918241415
0.40183885507908956
0.365693193877392
0.3034728592215905
0.36901918197844913
0.36179222340345135
0.3731754384714909
0.19749679028460593
0.3144925668256008
0.4395664329850565
0.2965390880607614
0.3843093714237708
0.25710416693780297
0.3426195578821466
0.34057305891391326
0.4022812353978013
0.22659818531085357
0.23474454117790378
0.30048165325786275
0.38511650796614044
0.37147501057391624
0.35847634187764255
0.40137150207236405
0.4304557912512048
0.32029920112761817
0.2931975012453073
0.24586880136866404
0.3904009231683053
0.3178961786430092
0.3627539396644896
0.2777246768912009
0.37359100707255505
0.2872048237920708
0.31276570721355706
0.3871191608461552
0.36111903763373115
0.3443255569832267
0.34730705444126764
0.4061868636851602
0.3917646518592156
0.3206355262973277
0.46368546142795364
0.3987029170199024
0.34138950336356005
0.38177918775565445
0.39777885350637987
0.4118494929973337
0.2832493789747786
0.3290409443997363
0.3318918681427456
0.3952328065799752
0.34841597843034533
0.23288453621613217
0.29012378414531614
0.3905369360566491
0.3711364436116529
0.39778004402697065
0.3430168282787878
0.3005661309632725
0.290520215931719
0.36347984952119694
0.33172880650980335
0.43380792220995495
0.31406559109660775
0.30223905158173264
0.4059740415526346
0.38404611888292167
0.42247183541627475
0.3295409194982575
0.35444182580621786
0.38684464551956715
0.3101138179679224
0.336583216845914
0.41142841887515486
0.35834591622085066
0.3060330234826898
0.35254811020130905
0.4084482372060836
0.27258058522934653
0.3249850528090281
0.396435079619886
0.28505226974331677
0.2434233595776285
0.43315225781162553
0.2800114711642329
0.34478130604066354
0.532125569532111
0.3131189332098474
0.40128162184458377
0.33790926155136614
0.3900816117374718
0.3232814206777131
0.44445484905337695
0.32899690282132127
0.35922580346091737
0.3039231227006471
0.3428726327391959
0.3404560155812701
0.3977029697748881
0.3135579256062057
0.40844088359687136
0.3232030643467133
0.34276876183340377
0.3896168268883613
0.32442064490930167
0.4098152506194708
0.3137689505315194
0.45405421551191727
0.4072028968982241
0.41111273387426883
0.22270872684391768
0.3523374126195414
0.3406709504733664
0.35691583055213016
0.3377600538504983
0.2960187149111636
0.2909539621730646
0.30744696886326145
0.3466097379018145
0.45545291864568266
0.31793164962499554
0.4149046049945362
0.3605852881314451
0.4180727967370589
0.31923936202224995
0.2862976455289743
0.357473875929672
0.36363630353577336
0.33041263882344307
0.44037887944230947
0.3513063236178965
0.3626262232656823
0.33490872854917614
0.3492932604586203
0.3602225559131723
0.338069624990697
0.33924534558485625
0.3225683866485075
0.41089371283994386
0.4532951616258611
0.2165260986399052
0.33625088895816296
0.30033207259433475
0.4469835465254866
0.36050666336781645
0.34981178821679637
0.3285392186502749
0.2905299888086433
0.3848318679410411
0.42277354450902654
0.45663075840099476
0.32671452675747337
0.26710456742181043
0.41636555690411037
0.3527642647101135
0.32711323898149386
0.305920298452848
0.41840335036095616
0.3688245186856477
0.37880179563742616
0.29255459041191645
0.3836128944282414
0.42127892135071876
0.30634674262039996
0.341439872774347
0.37837190876843924
0.3473900628237749
0.4412692955375453
0.35633978116105014
0.3626081693551929
0.42623824445789266
0.24338391334927928
0.3565821572898584
0.4155361874129176
0.3841435922871598
0.4068156042900001
0.2651460537165469
0.29918812779195797
0.4001688735004881
0.2840918926007419
0.34557850208365104
0.27520905264407014
0.4062101543940942
0.36954307828167465
0.41465671947486127
0.3679801135564423
0.3169338441777642
0.36545216592921786
0.38352455031897675
0.36503204560718155
0.3775806039411161
0.47209295268883655
0.41321567142964616
0.3663584230470006
0.4140886171690223
0.3653807441615075
0.3791080622613979
0.3516196579142024
0.33628771821452674
0.29242615945406963
0.29887794687777436
0.33923712386370974
0.34573750498178263
0.4601269006764137
0.31798895747262257
0.360542761931265
0.303418955188225
0.23099541130633777
0.2888912156596268
0.28330915640126947
0.34223484165996254
0.31114336841502316
0.3794918803510789
0.3076721142138789
0.37362104843921506
0.3151242975522263
0.3082795252887266
0.32071325304417647
0.38539428748203763
0.43864920570433036
0.32002891552000906
0.41886408877531534
0.4208115224659955
0.38374303351974803
0.31785637467915645
0.29961271208385026
0.4264205055814607
0.35985877925325993
0.33938213661056515
0.33809060138825825
0.4502324336231339
0.42866653347529116
0.36745491516934925
0.28919387536456065
0.2995034082946046
0.29999450167502495
0.40287727114019795
0.2880007745805865
0.3387960597479424
0.42555395225942
0.21382480651039967
0.3392588657704192
0.27163709540288117
0.39450058258827486
0.3590143226103976
0.3589678113891702
0.3641899638107158
0.2548193019057508
0.35675412387106903
0.34211847537104717
0.40484787672471434
0.41189185904174924
0.3100661449579165
0.3231878920439043
0.30689800406475354
0.3336845005284972
0.3637677054295648
0.4108768680468914
0.3665519532481747
0.39267089355879436
0.33166568858560425
0.3011153851834789
0.31105021555584517
0.37547684287568744
0.3468398149058434
0.42152164529281827
0.3444710468505936
0.34320502051046503
0.4106552964119176
0.3542689729547659
0.37161248388335105
0.3743725214539999
0.28111524967387935
0.3333288786740612
0.30511060255756617
0.32945219592143205
0.3025160740107768
0.49027366718651544
0.2996097917743869
0.32019470720919746
0.3710729623828576
0.3735637572673128
0.30775295895544913
0.3050835918104766
0.3176242275548125
0.34973265534775416
0.34823488303793104
0.2982332302514669
0.3004150578355972
0.3239124313891076
0.3449490479833794
0.41767029725767707
0.2798498473346019
0.31663019892375577
0.537296089390908
0.3507215911455358
0.3247961220082178
0.36281535003999044
0.3189431085077908
0.29109828720836517
0.31242860958406954
0.4040667668621604
0.3241169577918662
0.31131917089672717
0.49275401980747446
0.3762906133805573
0.3249202965755873
0.33801026611781426
0.2689784792900605
0.3934062054478259
0.3486438394879374
0.3916308772469898
0.42709664797952107
0.3010804183667927
0.27794034646199717
0.35581163200728455
0.3453369612999919
0.31623908381182847
0.2837869371001692
0.38991463520248615
0.291537605866127
0.2846887666195907
0.39654330158314993
0.3335130769045289
0.32704503678770547
0.4193953111530161
0.3595556867447212
0.4007451905628826
0.3068162703144838
0.30873636823572387
0.411157974261486
0.4041047769672572
0.331187050309461
0.23214154091275377
0.40073383194021445
0.3853952650706529
0.2941151064941644
0.34162293256324405
0.4559117339453481
0.3682605975154268
0.4651332676405046
0.39873998539474015
0.40289467099524967
0.37583704984520544
0.40620302264729224
0.4722314609265644
0.45978499863475303
0.3676570208478834
0.2894323334246656
0.30318509211854894
0.34960620066094383
0.3426346567449633
0.3255793447615042
0.46290199424099193
0.2861165857447941
0.3104952362509457
0.3411444305737823
0.2921252305918815
0.4173623127097701
0.3753391022658471
0.3785970147965427
0.33907531656901235
0.3303513159044466
0.2327286511734574
0.2692292841862733
0.27779568497055546
0.27789009801593967
0.31253133810568967
0.3312450255524314
0.36340584078197585
0.3046271684058539
0.26981186867800117
0.36781682153525147
0.3237933589513646
0.35544737548080785
0.3187266452045088
0.3627228739076625
0.3414692775782619
0.3397261500257659
0.33465842676367
0.2660327216058837
0.38117984093662294
0.33786115594757876
0.20591586197640735
0.3426197979377206
0.4018923399682214
0.3446325232470086
0.40605776458893467
0.43898662266069516
0.41197214308709906
0.3320558037222809
0.2693925180452903
0.3264289006727204
0.3017415345594456
0.4637045198963829
0.5775484719531105
0.25296830325820796
0.34722450551339984
0.28003871909793215
0.27778313946243083
0.268476454738432
0.3378003421689656
0.42799998930445293
0.2505853928003122
0.33991953270095027
0.29491366985012335
0.28127976991511516
0.3762188678253162
0.28250024491851666
0.40977102706552676
0.3005566560834652
0.396430615554078
0.4555128383102141
0.38967578135540787
0.29999350739472813
0.3043062539921554
0.39867203495180076
0.3033779047108689
0.2765394847981437
0.4038636843788366
0.39868194672542434
0.2954314980827291
0.4079327512924628
0.30622772053419844
0.3918014991754991
0.24292334769547344
0.32883132601063403
0.272553815733368
0.32281276725981034
0.4060419673436716
0.3016992122862114
0.24090308859175905
0.2873808766775359
0.37180204322851246
0.37821806185269685
0.38354319118633184
0.39413131187767875
0.2980174280886385
0.43772160493212336
0.3689004346670562
0.3186279626384294
0.34190570439026136
0.39138501474094944
0.4418459070009182
0.3223396335689642
0.40038841033242784
0.2996420150332851
0.4058420474030571
0.35273339172267826
0.32548170443034796
0.45632135402622126
0.46817725410455424
0.3315619954087343
0.41612136132791405
0.2928281934978193
0.2995880584732225
0.35922355686102486
0.4034172187630225
0.38305727874964307
0.39012438358933793
0.3746237058753633
0.37274829188598757
0.33265039011535114
0.26762367958318656
0.4425905832186333
0.27957122942245693
0.4295432759128015
0.41315849973875
0.37310890248139433
0.34057750390906283
0.3621989661786072
0.37845845269159556
0.2878463654099395
0.4020512902453353
0.32106677700554864
0.43050412855438935
0.38809644057160075
0.3828539022736875
0.319483891566983
0.3642173512372616
0.36156732495611754
0.3216729659027028
0.4250063109832407
0.4804778724267711
0.34529023655363517
0.35354704005727616
0.38048905656086096
0.41382698550656405
0.5166869010268846
0.5139927872886687
0.27450578447927126
0.35362838519372264
0.3151747768553524
0.3743576686401102
0.2820634453876202
0.4180029538465715
0.2833757845115032
0.496136665068085
0.3207415598469861
0.3839829045314814
0.318536942427415
0.3890328859765029
0.3753559474491722
0.341652250556874
0.27418926212183714
0.3537491084254388
0.30401622738182643
0.34840623686432803
0.3295844759133268
0.4524151805993541
0.3615271532230377
0.33602579100007185
0.27498509820728706
0.34630074768575936
0.3212130664899528
0.3627734101738394
0.2886865891772633
0.33324869522002737
0.4264135074495782
0.3253715985894621
0.36291303858316826
0.3690880385294723
0.43414728984098766
0.41923339001714216
0.3057633484189028
0.35437532575948394
0.3077937633726124
0.3392124491385458
0.37266957116269833
0.3951276678407378
0.34065284585817973
0.5689510677454364
0.32273464901976984
0.32334533253343445
0.41495573278221726
0.4551861115545299
0.4338107083508589
0.3556930228544976
0.28257891609140245
0.3380165848749932
0.29257514468720575
0.3101183599744179
0.39629648140939605
0.3496417637146611
0.3209768782915751
0.3427927100316936
0.3399455844898967
0.22644231116312544
0.37207939194190304
0.4155013777962666
0.37049107165691264
0.3406712405691268
0.33879272424825785
0.30307429994252655
0.39507896279802346
0.4817717852147545
0.31719007461179793
0.3848061665541534
0.3510631725095413
0.32615018445457505
0.31142609837730767
0.26255721261530723
0.40063031547521766
0.3305477695116296
0.4183655912874661
0.4145057755594018
0.4116071901536847
0.377272029322406
0.49746802331977547
0.2580687527759305
0.2902454554613552
0.45297458828756104
0.3700295480078735
0.3460716423975825
0.3839128635748514
0.29185908481005
0.27337740292173013
0.28528994931002727
0.294400811426713
0.4233197513857282
0.2576209299933169
0.38400739940502265
0.303343379222701
0.386076336789048
0.2937421847943003
0.2891655896001066
0.2815447592702168
0.27442685007833845
0.3920914327955051
0.3445489153655316
0.3227083825244159
0.3846689072619732
0.3844800656501362
0.43349316474634897
0.336856889927439
0.31845318780492526
0.46317444927594487
0.39991865244150127
0.2604456929561229
0.33696561402330094
0.320664703096225
0.36753220482787263
0.3967708052060686
0.41921894268125587
0.3346912133705565
0.3315401477162925
0.26948855056258797
0.3577982459875553
0.2982580069363852
0.3085311500149895
0.4167106400574141
0.3764431556266813
0.3338611389219564
0.27302248620251734
0.37696238509177005
0.32123793989456617
0.290941313424659
0.3021672056322625
0.3571547167946843
0.28900748791338454
0.3791373212293271
0.31910210648692083
0.2711012205869089
0.3894539629684814
0.283997802921952
0.3277980428253961
0.31248337968668227
0.36917158519507753
0.3093675295251744
0.4057182772153083
0.36226731209921
0.2932427872394897
0.3238928369701408
0.2925172530051615
0.2350296928407014
0.2804965241796692
0.31434720524009985
0.41737831891127947
0.2870373830916719
0.33030402608336185
0.4223730122965895
0.4749948139385346
0.43389310112059093
0.35076785624070217
0.4032780142288323
0.23333384901915283
0.26606782328388767
0.31712759691913217
0.3495546499700627
0.31545645879972295
0.3930190641293694
0.25632232639059127
0.3755195526696493
0.32785388149881667
0.3599682407221039
0.3425789622598199
0.3258629314425895
0.4594842876781554
0.36404061774987806
0.29350904682463425
0.3136116720567458
0.369053577383026
0.28864654470191
0.28582319922762683
0.3578051329621872
0.31246433561189607
0.26465676450194814
0.22887769912606376
0.2880255350112647
0.4557888934211764
0.3481896090276616
0.41708707485971547
0.3162075832253094
0.31105391823285305
0.345545048192338
0.25909060278427737
0.2427427672172313
0.32240726592839575
0.277728425949874
0.3496854493511526
0.36435559988472804
0.38477581084979173
0.32133598556719045
0.3281111702865652
0.37897867742623303
0.3443880591988978
0.31725439553764173
0.3864902491922415
0.394483891801333
0.37722817520259516
0.39537643533659633
0.3248358904413542
0.3526480685887672
0.38275666536923014
0.38828651307657563
0.36585671291146105
0.3731420111584554
0.32569609103990094
0.3167601594967518
0.27495023209400815
0.31305733304535205
0.3641377449420586
0.33657093178527153
0.3281926119527008
0.41042166093011884
0.4353916298143931
0.3676340015571454
0.2627075160572133
0.3488655468018408
0.3929591810012403
0.31384442872772095
0.30204648311158405
0.2951792601335596
0.30307215008744026
0.32140313602451337
0.30725604146737384
0.30988262719178944
0.42756285511462583
0.2788365087069601
0.29973000474280936
0.3200954062711684
0.3531764330564832
0.3233787762865249
0.3959279320950575
0.22147147021879582
0.4217889108850551
0.2459883757830166
0.2808317672688781
0.25534143687194566
0.3697570655691704
0.2857245270619118
0.28913526712393595
0.3480501829465359
0.34135067347661674
0.31078399008916757
0.39832935449153106
0.38481810013948237
0.32520089485292725
0.3398013289781683
0.4763839219454455
0.3827973333270383
0.4055384727194455
0.3500444816637617
0.34902827285975935
0.4532718583367643
0.3301512578371894
0.34407400925102033
0.419645025110015
0.24279491332831457
0.3697792335113618
0.33349917854086936
0.3913498074935387
0.37605459394485735
0.40749724239945756
0.2698310200564275
0.3218976245814584
0.3141954087308384
0.29008656953752626
0.36354588353660877
0.2794070098404041
0.3488156991535788
0.28645295396561765
0.3747705992644862
0.2849407193951594
0.30048136413652804
0.34822036467186185
0.35127036128868705
0.29199163188359845
0.343057501718141
0.35965585052426813
0.3660238660254172
0.4121607667317319
0.35050741931709245
0.34630191643566305
0.40261161686419755
0.3452052824492577
0.368119141505545
0.24022332347820785
0.3602658416431657
0.2919495541260423
0.3105860854090157
0.33225466716153634
0.2790219662117903
0.3549041198792079
0.3197503501689234
0.3254674182619486
0.37925209004276256
0.3806289211072693
0.3010729129177182
0.33686967795056844
0.32384915514962237
0.3165842503623556
0.4128649164799263
0.3504826193900311
0.34434023830917143
0.2680990020912302
0.38423731363948754
0.4227055126212204
0.2698944367230938
0.3960058362043814
0.2908206660178791
0.3516083999595856
0.2724672733892918
0.418572447374916
0.3537099153881829
0.32180061457802356
0.49023492310399847
0.22847034172855044
0.30988847099395717
0.2915455192664765
0.2998968413286031
0.3933208497695598
0.3872939723144167
0.3587522858499882
0.3202900621249912
0.3247851798619366
0.305036266754203
0.3320362385767445
0.35208696529542355
0.27745642521314484
0.4074940704660971
0.37261158210942064
0.5227016971704075
0.3189939948805194
0.3515196801335039
0.3537972328227273
0.40145622036691536
0.4298100042506465
0.49687439701861974
0.29713369457051064
0.3254579731019639
0.3841272011931979
0.3332204824739041
0.41827757790587256
0.2950202852697549
0.3583277434157842
0.31723287795241684
0.3527231924583908
0.3528049283003126
0.24644608916086672
0.3852154797082733
0.3692183243591175
0.4005833750060533
0.29744723583616534
0.34626626284899015
0.3147764484587101
0.3745830081014287
0.3925797461636677
0.34636259749096965
0.38700426912177266
0.3581598646554754
0.33126642382645605
0.2891051479215328
0.3685751556943521
0.28718619074087104
0.3040362444943116
0.4670123843919732
0.3797038585701166
0.3282473533184833
0.298064551208647
0.3730461839655143
0.415013181848921
0.39073157874174286
0.3417847015047357
0.29325892589474095
0.2505100942182242
0.30103317432681675
0.3140930941579279
0.4677434063351099
0.4203218984861087
0.45178433696702947
0.29250283028513785
0.3015674446624726
0.29254723648034936
0.28942658101374097
0.3425935609252333
0.44669310464032624
0.36363795777558766
0.3341370605751177
0.3358053674742977
0.3003881240607908
0.4390542944407309
0.3109023247795627
0.3168415252001021
0.3128016493439999
0.2875805316857392
0.2758881823852445
0.39118622302075684
0.28350347883103477
0.4262812624482263
0.3515485423837889
0.39580664896457773
0.2971572092236107
0.3435565934982707
0.3280486751595473
0.2904523706743563
0.3333943421861285
0.3085632334371694
0.18682572643320672
0.2879393497618668
0.428898193432162
0.41808131150634936
0.3648484109016935
0.42681699884985613
0.21896589815817397
0.32753115019416373
0.31877725810910923
0.34874050729454964
0.4216334041118888
0.36709856679694497
0.3305591031691294
0.42176493554600625
0.2943144484635915
0.3586577809947181
0.40867507061004665
0.283733466599236
0.3059746981305206
0.3302423284468358
0.3358790433093401
0.3613466713401022
0.3837412362698661
0.372306093232835
0.403801152329919
0.4097078211323045
0.38522944792114217
0.3460128218644748
0.33879485747445914
0.3836021296259381
0.3577387578339418
0.30883373924113733
0.35474324442712546
0.4230267056502213
0.4083402698867896
0.2846617854737698
0.41896208073273866
0.275989602628595
0.3211554628008382
0.3199870843486727
0.37474816916301895
0.3628159230443064
0.1592472612495193
0.31893070095619264
0.39449195890101546
0.30799461830831315
0.39200413771852594
0.2768457191616807
0.4025235531135056
0.42341755875828657
0.3999891242673747
0.329835466009349
0.32669458331767665
0.24265062467553522
0.3443697321511966
0.2959930168135207
0.3637318732636844
0.3701755528214483
0.2984170525708016
0.2855473861836154
0.3360411255845723
0.3061306084283364
0.2754205686080552
0.34121176806122505
0.2710257815426542
0.39730568729564336
0.3075501333240998
0.33243452063783735
0.37027406815202185
0.29756959775244457
0.3712154179731594
0.3391323269156463
0.3329641002636416
0.4394146970830632
0.3110987307094857
0.4545131459731812
0.28348493632519584
0.4111029161305216
0.30591062139446984
0.45030023883326137
0.26809723127116936
0.29972277809150344
0.3046972359606942
0.31683606086644717
0.32379092217172006
0.29999793555172943
0.3240255234178095
0.2720957924806734
0.3008160658434885
0.3932218276610329
0.27971015538332417
0.3567506306634938
0.3232826422740996
0.3589168538897407
0.4227870832681968
0.32900445719478083
0.39667445469784096
0.3558840950357161
0.3701625643152345
0.4501338289992412
0.30700226795432134
0.3554394561415739
0.30873438713263385
0.27171779052984857
0.3366242463503271
0.29296921078898047
0.37869027637369884
0.3411406448030133
0.30083051655743465
0.3372581603658543
0.3287208305293826
0.2809829152521654
0.41328713277864615
0.2700918784203716
0.3916894866572673
0.37994053622667867
0.40971039318199826
0.3453380657433521
0.2817941525326048
0.2795931243836801
0.42061871268780043
0.3453095549129549
0.38562072620291626
0.49909314905072816
0.28371378642316564
0.3692734744376869
0.3208481564123393
0.276937671802483
0.29349853354281724
0.29619199686241443
0.31078972950692446
0.33101426098703546
0.2945224275381089
0.406066373892004
0.27007089821658586
0.4820748735951582
0.36578950052363646
0.198863938124927
0.31272404604381
0.2837697928449606
0.3136612439120688
0.2857601007000145
0.2810102165943503
0.2785536916604818
0.3150728351528754
0.26912405270428097
0.354594832017784
0.38088796270143865
0.3459380619837924
0.35461976758610286
0.2921949700884376
0.39703655184110914
0.3268103219005102
0.3266077390317468
0.30795354721625884
0.4378169926819566
0.3555031948993651
0.25511336699233467
0.3870813750495347
0.265942788701306
0.3278429701365843
0.35945864409074413
0.33424241453365017
0.39257517882994414
0.26627576083291954
0.3333881715068856
0.2528657761136903
0.3115395109202988
0.30100016374257776
0.2885213116746273
0.4347723442280506
0.37518589290605875
0.3726328454430548
0.39018774609761003
0.2855380210790225
0.3242724034144192
0.554230908771955
0.31419117434204713
0.40772677062987994
0.32264012382701784
0.3240348797186794
0.2737793861773546
0.34834627479562347
0.24825271910163935
0.38863943059911443
0.31480019970627765
0.314402754207596
0.4133670474465571
0.39109630835821113
0.3765160083537198
0.3714680348757485
0.286513764110368
0.31788897912241965
0.314482444477573
0.2855068682852278
0.24809947187096687
0.29546607468494446
0.350588671992393
0.24219288125613192
0.3831445700763969
0.33915548203410995
0.3050300054371963
0.35022116584618307
0.34766055845980615
0.3666713963494666
0.2696403578466728
0.346022303722963
0.29373161376927354
0.3321096593105543
0.33712523601297406
0.3851722119745867
0.3284641063400796
0.3245916241975576
0.31352761139738866
0.2851712060506235
0.3885416292837962
0.30658631502666733
0.3052042690580633
0.28595070026184344
0.35601287959591765
0.34325565624205995
0.32641337698072487
0.31207450614811605
0.4664372261134805
0.36570089074372303
0.4189764298868961
0.392788391781244
0.2824752912781955
0.3063280224688263
0.33263849522704425
0.4354301665241199
0.3341225301595644
0.33923403160112936
0.34029842935148225
0.364271897971
0.2562753357736013
0.34934236995609724
0.36317719555028305
0.33307833589046265
0.3746555122555236
0.4302488000069854
0.36642245103461707
0.32405645669025457
0.36162007466067847
0.3354034652733953
0.43710828547089375
0.3549047257055257
0.3998337082853686
0.4310000373199883
0.43991485249425233
0.25040694017200393
0.31030102927299186
0.2800246841445095
0.34205810849556056
0.3491114634449032
0.34537505690733894
0.30366216427056225
0.3257300810984241
0.3955206156689755
0.3361454013965328
0.297005901487423
0.2954063676390469
0.332920508356251
0.3266660158153505
0.34889540156199295
0.3664562085316394
0.2804304862610454
0.3555565589431723
0.3060843893487367
0.3430353073974208
0.28000958263548037
0.3293318621071598
0.4523122057461658
0.34709446221962775
0.4510848285201211
0.32021269256624313
0.39030800445517716
0.34879207278798324
0.3241232925886593
0.33052636222313203
0.27547967912464444
0.2818347004960445
0.38737952615596827
0.35268431221309016
0.3429549546732195
0.34613518477339794
0.3550369638351537
0.3358128743670983
0.34661806365694603
0.4314549851307747
0.3860599571429957
0.3386932033971702
0.313292431896077
0.36946458161393236
0.401692061479612
0.4218208821624436
0.3598730311793175
0.30698635560568976
0.24645477303641602
0.29733730393513674
0.4255111706187831
0.40654217191869957
0.298708678679894
0.4350356083977075
0.32480770285562427
0.38083597960423893
0.40912105234179286
0.39591732530268314
0.4573918632085637
0.3142891062709895
0.3950033037972008
0.3193374409439029
0.3736591039037936
0.38571530413199334
0.4921709526909569
0.3032394319486945
0.22489899965413834
0.41271622715826034
0.4089291342757903
0.28255237846962006
0.5489726588592903
0.39272256015853746
0.38109760755786737
0.33297157247031434
0.37815429177951826
0.3225863632516433
0.3472288380674711
0.46537029198023355
0.33217635028105097
0.3302444942817945
0.41381288655437654
0.4249619175351861
0.35839794109960166
0.4408359351472933
0.3348332912485123
0.2857243002522517
0.395833112714251
0.30034833018385165
0.45820051677572604
0.4011418335862825
0.3182334285556964
0.35642585251110537
0.3412297507585745
0.27099681903912676
0.2953252984306493
0.3733138044894927
0.39084358432125277
0.3670462284542575
0.2827431127142945
0.2504271876986363
0.34129984997575796
0.34229444534671283
0.29701264515504466
0.29634333724659917
0.3148493843610468
0.42727806334966467
0.3176858184732238
0.3245586427149929
0.30567975970865247
0.32444996182726116
0.3702844083443751
0.298603788521277
0.3757393248087325
0.29438551941956104
0.3520325107048821
0.22628061713837816
0.25433230946085533
0.28759929132209744
0.3150313533342482
0.318366487202636
0.35462766963159637
0.31373214495705
0.3636737018298377
0.4301537689171582
0.29426524186304603
0.3558373792759861
0.32194062836902765
0.3332871556412882
0.3747410466585163
