0.29784191013540584
0.30936242231681654
0.36568407858345237
0.31356413956814
0.4293011224378889
0.2721197504734226
0.30268944853513335
0.4572744369954956
0.2881309405604714
0.3612582492319473
0.29172265809882214
0.29470950729497436
0.3676166095985472
0.267511029578257
0.28031117139186423
0.34057313737371464
0.3969503161101374
0.41878285011762445
0.3897861002246671
0.4351977252204848
0.28738933831060726
0.2865103569624762
0.2530613645013847
0.3756506186475867
0.3536936294554254
0.4026484467829739
0.3818254953353081
0.35816837292439346
0.27883576258449433
0.5309315767451249
0.3839633017530432
0.2688001394068862
0.2781606361375836
0.3599627766912434
0.3135331936035336
0.40032535133706987
0.34316124121382013
0.35732536275417
0.25486276806996605
0.2873625535231896
0.31232571801696746
0.28070371525492627
0.4043059568924244
0.3375271158425211
0.29222617448131033
0.38839447017537454
0.34423664237678275
0.30252845992106014
0.3834027200802976
0.3721807641675463
0.45935728372957785
0.34111167990606306
0.348814231374423
0.26972510760113894
0.3269210796951378
0.3268748975757561
0.3130974191920407
0.24592341970742526
0.33509484927183514
0.332613420556356
0.4969799368098139
0.47158868476368115
0.3232953981482738
0.38658444854047463
0.37981867566400485
0.3283783897788497
0.3290075155829538
0.37114386173820846
0.35454216204395184
0.36120144448285485
0.47409490274627475
0.3889869400531704
0.2654941134872052
0.2870404755222481
0.3589553028304635
0.34028815437124876
0.39395928830001836
0.2936297442527766
0.4015881719346433
0.41040350164518563
0.37114733161868024
0.40734228120412647
0.3060144287785044
0.37337801918501917
0.3533193327393392
0.5375536197986169
0.31238354414136205
0.4902955410699173
0.31852565896863616
0.3367994888286225
0.36174360361923114
0.29783429484194773
0.3910998757575457
0.39274197224736584
0.33091131576068133
0.48189215214524644
0.3774743945023483
0.32587145407009493
0.3393840232629543
0.3839970815954419
0.38648685954743783
0.36236209993841173
0.32142220825055734
0.3469740606089301
0.35392714804219055
0.4399061880947939
0.39217595915637904
0.4294125646707073
0.21340543750118124
0.34970355108803963
0.42342784686297474
0.3159987911466743
0.29477764457871586
0.3298595026819821
0.4057582520393765
0.3489934578934222
0.27443816521291314
0.2902254532854123
0.34141212852031366
0.28526250191740704
0.44591133821245543
0.3372041862243881
0.38372114470140106
0.4345439593437633
0.3886626940729106
0.29733984286196197
0.348722509511136
0.36278231465382743
0.2803194390057661
0.2825663489514107
0.3833485046619365
0.32209430771403413
0.2965128019788983
0.2917232945083719
0.37487771425394845
0.3819493567473722
0.40315458240558283
0.33417420632695966
0.46662718861822206
0.4177679252845534
0.2998522170694688
0.3511560171356491
0.32636529987889307
0.34166635008246254
0.37359510357197223
0.30047790440922095
0.2913772009628441
0.3561640168951229
0.3245789414562559
0.34007180729411474
0.39738853842880484
0.3213405337897934
0.2685081620941168
0.370750774538546
0.4331546958232316
0.3612943242707082
0.28952408364230486
0.34970834775208953
0.30666115136878175
0.3994897222656342
0.317474532028406
0.24326353354877628
0.3002612425495782
0.334127142970312
0.2766031769946503
0.3853100964243093
0.28533642013854726
0.2783400945434754
0.31596363927763027
0.3029789317643204
0.36093305186960023
0.4122737583117468
0.24164163201610744
0.4181263850341248
0.424364960757204
0.3587756134747656
0.34139009094580347
0.3637927822810623
0.41829772754144673
0.32127726784236627
0.3063202667770545
0.330778262637167
0.31374946460778064
0.32476080052950357
0.26926108258550263
0.33296514111840214
0.35271423184569245
0.37784155203935743
0.31458613308470595
0.34242187612662606
0.1863671756837752
0.3505355086612607
0.312058064998201
0.3768208776019608
0.280209547512225
0.3914044173369126
0.4387196650540484
0.3227946225770036
0.38944119215251555
0.334350931758083
0.5135212513869217
0.410593781301394
0.297807726037089
0.35586982435781483
0.3645099890737473
0.3835420153476069
0.3602839565661828
0.3008419890909351
0.2844665548589779
0.2842504457616312
0.34514056001372767
0.2719816059994199
0.2997579514651548
0.32126023209983523
0.34060655676754387
0.41028192112310813
0.34474424460014913
0.3231704529219985
0.3423152043357693
0.39500957801515646
0.37904946237559345
0.2452295628378364
0.37383835116818986
0.3913094129999872
0.2832777568634618
0.4200229851221151
0.33533209257501395
0.29668704158089065
0.299844643502882
0.413480217280769
0.37269128965066534
0.30956469968331246
0.2900363662900376
0.2940736015156617
0.305537899328758
0.32474293127081205
0.3528255122436411
0.4269070398927968
0.2837606791798263
0.33489134242019564
0.4022634062124237
0.47038655226522874
0.30745844949113654
0.3245443630592
0.33116473441528693
0.3784442970735729
0.32213746772164126
0.34179688980814105
0.34269696281095724
0.38522611523154676
0.3164215561353801
0.4332905857327292
0.4007247711035744
0.38122806427979483
0.37641316003035247
0.3058837279122463
0.39378082231072387
0.37340711654042985
0.41839855228897604
0.3722967227896643
0.42454522448973625
0.270069700566447
0.3145434346044689
0.42080265395661925
0.328712163728095
0.31079895682755687
0.35794525523993465
0.3510660995862787
0.36721329651265094
0.3948999293049618
0.37442689396360185
0.2932766722002933
0.31601140417179846
0.3950881669058812
0.39424817148114194
0.2810496884574514
0.4096652250777232
0.3942127870895874
0.31869535059873333
0.3483087515547714
0.3287116325549325
0.277208227507705
0.2676873236982432
0.3511420027892244
0.30378131133499736
0.2054371391952852
0.34857109972841666
0.3478156854639972
0.30321932527168133
0.30108839407386445
0.37494354936078456
0.34414535705112925
0.33021398692805165
0.35174361732172293
0.2796140006032465
0.29995992395923127
0.28149051862509145
0.38817874569561994
0.29393905427800326
0.3843850517990485
0.2675683514912842
0.40837224010557854
0.2687379326107585
0.36192251525740876
0.40719997972835015
0.4076373333340895
0.29977368714037034
0.38797009233244195
0.3033300493288222
0.3723337420838146
0.36651129780559116
0.33772897279406544
0.3053937734924991
0.3414484218648482
0.4623802746006453
0.3251812276464646
0.3635811312046116
0.3193697599538505
0.28828788665647137
0.2912481084801486
0.3302985634401392
0.30486492731489906
0.39568764427509046
0.31652279626003266
0.34996855751994704
0.36350287574812756
0.28969032567008657
0.34230465950791494
0.4033258680357288
0.3071835222668252
0.24528807332809047
0.3195473267184554
0.2920560282557081
0.35879585006472886
0.280892593804189
0.3241830763136411
0.3561386802447508
0.35192885699500664
0.3078743373209098
0.3294351908168064
0.3710754076868271
0.3450300560313024
0.3264577952395059
0.30954144109304693
0.3217428731821889
0.34211834382418216
0.28099664501798105
0.3164701483570641
0.3548062039717215
0.28476515480524295
0.24838119922734944
0.263651551852499
0.416392218364745
0.49595577246860556
0.34700069381909354
0.3626262986520569
0.3669016415939684
0.37395418071740627
0.3628707090750245
0.27511679968843
0.27732357495480947
0.40777609042235147
0.34583842593201375
0.4087655742553462
0.305659674731539
0.21782109249987563
0.3595681788893197
0.3552163123569911
0.24211042708493705
0.3939838677825346
0.39212508644339295
0.348516197452036
0.31461844562830565
0.3855629268140134
0.2892641747814087
0.3178730569158996
0.4131968051898591
0.2872870366696136
0.33154186461282775
0.30675308157386844
0.26333424570337177
0.28157809573622367
0.26947866357085587
0.348145897834934
0.3450627164935935
0.2943634272064848
0.22489004733914916
0.43403583592148876
0.32859940445083924
0.36841575393502496
0.4223349870900505
0.34651375136428864
0.4111944185030641
0.3301958448233463
0.3086272143996495
0.2928588777143296
0.27287251160062564
0.35829464487056484
0.33526901905435846
0.4376229772410611
0.36879373202400934
0.30932161338503256
0.3843353097339049
0.41655590083857075
0.27125147482443734
0.4034221056539241
0.33096414831210325
0.324077491321125
0.3193049601015583
0.3910343572651985
0.4058005485835056
0.3278407472159027
0.32831146353445495
0.3440906977933339
0.28449115903742206
0.3560502883505483
0.36211486996431996
0.2817155931422024
0.28474873499415865
0.517011993238464
0.2796306232809912
0.28353332137648324
0.2685332796822939
0.3263756419683962
0.3654913974689762
0.3010356053527478
0.40898318126050914
0.41405301246715376
0.37857274196464435
0.36935429194788694
0.3226591596866557
0.3698495702818916
0.34069617541479397
0.42614090406709415
0.33829228410043294
0.40501798507023234
0.34515543790457764
0.36798048504384434
0.36506479989068336
0.40103614536129123
0.3832899625520524
0.3289884884207625
0.4163510838247991
0.3328827117820664
0.35697317216112673
0.416528691081759
0.4544968727140044
0.3379171227046277
0.3471417882587051
0.3933777064642477
0.40423113351084533
0.45357568762038064
0.30287596614631734
0.3233169284412966
0.3593811694951306
0.3874962599711844
0.3275757743596712
0.33311664523933215
0.434579006666863
0.2757854303064679
0.3905826173639155
0.3208595381975708
0.35501780088624474
0.36152442230758286
0.3684006756804694
0.3226825701523356
0.3549339890741631
0.392060951242944
0.45597082324798893
0.257228440750761
0.3754168405510407
0.2950409342716654
0.34946550785448316
0.3655649073752672
0.35048368943912717
0.382648588684395
0.352458124679319
0.3522174407875211
0.3243892055341575
0.43882202315844576
0.2901988143052674
0.32755776330222003
0.35260933717202364
0.35955051591653486
0.32334256434184316
0.31362380774320897
0.4086420958317504
0.33599539284136687
0.3826799620223066
0.3827776909568729
0.44151384862578336
0.27693838137368626
0.34263126574758024
0.35539291559354813
0.27853310141102855
0.28677870526211624
0.28491735639356397
0.410966468874631
0.29883038544815244
0.3578106502851495
0.349429880227524
0.38294831392116574
0.33947455156813516
0.3554589086681558
0.37897997434999076
0.3290916755292171
0.3997634346453823
0.33139716576608985
0.26833682000392345
0.29675722962
0.34502223053606085
0.2703159573388991
0.35345406854328965
0.339622595326997
0.31062626949922995
0.3523201544368551
0.3314634869225023
0.2743012962289814
0.3266322641845089
0.31573567708636413
0.34113004251572066
0.3660874158509491
0.3046749650526967
0.39526483313394484
0.42139984260858815
0.2621125856188583
0.33679366639411107
0.3397720333099969
0.3994215724726365
0.3370093399813018
0.3320019228156017
0.3699231294038722
0.3336360955678871
0.2771564599125609
0.5485485294621646
0.4137824756338259
0.3714106921942428
0.3577950610064809
0.35787515614218396
0.15677417998147838
0.4098183573285417
0.3633314047883723
0.3600832444081925
0.3380957497170504
0.3136299330768882
0.36615486445013185
0.27216662286909393
0.30115910436718957
0.5534466405449526
0.24974837202159683
0.3663669257516645
0.32344678892952494
0.39546075068825554
0.3130443553350381
0.3491951964355408
0.32132662215449853
0.3650991889660583
0.2928995717291727
0.2896311658445091
0.31568539095553055
0.45755121743742344
0.3831544682547829
0.45224721650998745
0.3840283206978171
0.42924071122701796
0.2502951423177716
0.32153921718756967
0.34582633440906557
0.3704348542917889
0.3929424807180504
0.3169426224094303
0.27671309946355777
0.37584540578692144
0.321836474698418
0.3394205469770105
0.24476960826275876
0.32579467714076144
0.2979960574687177
0.2934323125409346
0.3452344872851967
0.37619240422346056
0.3748201776152184
0.33733435389746685
0.31986562314637423
0.39604220071046203
0.41673960364609625
0.3382023885788361
0.36192758858897106
0.4632809361095065
0.2962300950306641
0.28341159787997333
0.41155492299497726
0.3981024621035306
0.3571258911319527
0.36594311671350055
0.40013450067540707
0.30064193856882293
0.39630006164988124
0.34013586816188895
0.27883297984701316
0.3550425059381129
0.28153883400737095
0.3383860659179267
0.3240159033220836
0.43472546579400684
0.4000280376052456
0.33865779914059163
0.2917919881413895
0.434338868352814
0.3026582014137934
0.2875206934716703
0.403129154307694
0.3478198667658304
0.45517326732246477
0.2920942999229261
0.3118671453540527
0.4075840609375851
0.31677193720442187
0.3090779721405527
0.25547299573910187
0.3174942898215966
0.3177900568050078
0.3195948646520756
0.37281685807807635
0.28856091288314883
0.3220652988743675
0.32863334840520136
0.2991726655025981
0.25432054526683806
0.2795791591340384
0.2820689889480396
0.2895701219729287
0.353307635791213
0.3173217459303396
0.3848595262142597
0.3058853384518589
0.40108659010467257
0.2825456378132509
0.3401555124771665
0.3747039765169476
0.3364128928304493
0.40552089196047475
0.3262160964761302
0.31587842423064383
0.31729464795034507
0.3183171189441407
0.3702411533206747
0.2765790091251593
0.32709551601594883
0.5670927889832327
0.3043592476194425
0.4219405863587007
0.4893197316104307
0.3163646842496593
0.2909429670426734
0.37210735743922174
0.4095608699718491
0.44388577626561576
0.35364788913042655
0.2945165879422946
0.32369068205905266
0.25826433391395953
0.43185888997781047
0.4066556630158595
0.41815448647720793
0.2821151056601681
0.3060735961208769
0.3622600119423092
0.3721368602423238
0.31787424178130025
0.293193211397174
0.3102427259179844
0.23011716300503907
0.37488382456176866
0.4260092068810309
0.35178484277790684
0.3625592503339121
0.3273491385239127
0.34575168419012775
0.3979186520179722
0.31422915556566006
0.3886419448447514
0.3732724917044608
0.27100293320916935
0.23484983420555702
0.3474552142816546
0.38635177539887555
0.40793057285246487
0.3052890526301595
0.3078079978511048
0.38054061570146247
0.3461537134637194
0.24636819504218857
0.31866777854058076
0.2827921945376083
0.3956272354846793
0.3348870606686512
0.36128827293441634
0.4000797273201394
0.4057482338166342
0.34395404423299747
0.3898484658725011
0.22101998393282166
0.3900868559459861
0.41855069954723295
0.4268035249752532
0.36937254717786666
0.3361061203443624
0.3144076961452559
0.36405011390158065
0.3023365462781974
0.29977392906660477
0.35858244735675165
0.3781706270591342
0.2562302003467677
0.3192624153647202
0.28852282255034184
0.4519905132948652
0.39639831126154684
0.3443749536619842
0.37586682193211723
0.3133049726161889
0.3917034871701501
0.4516851066069053
0.34893645695652625
0.24259841585497555
0.4670208993126478
0.35202885852960014
0.33186993612168764
0.4127564938618661
0.3104489542455774
0.37344018252900574
0.34275817975565775
0.4055065325718737
0.3614955149992853
0.3725665923251482
0.32894882084458943
0.30161711242087486
0.26933647369610225
0.40116176853380336
0.3075493662949843
0.3327296490102354
0.26887874374200316
0.3191907068137735
0.23838615658941123
0.29895057413929554
0.27913075433559587
0.26674693844757524
0.5223897854427312
0.3912561319225162
0.3849079596226662
0.33583904406571424
0.33542293402020357
0.24172626557330046
0.37608780840661676
0.34243720053714355
0.3073356413892535
0.31852720185444805
0.3003275271239233
0.4535550765411997
0.3489148333511747
0.4186517904524397
0.3065944456385041
0.3923470538175333
0.2789596909898201
0.34051045047340167
0.3558836582720284
0.22837806378649544
0.36700588807617907
0.3326073683405492
0.33154799283850567
0.3621670181503408
0.2931642098930956
0.4541678997031887
0.3538081236717608
0.2648012330610225
0.3315063311556846
0.32927368794402606
0.35396083321532534
0.33227649152934025
0.3831764266758486
0.4912086976038493
0.33140701714420456
0.2856085152240544
0.3055467524931922
0.29940678274192395
0.34759865676353263
0.38290808881408134
0.3239143884298978
0.3242185761846979
0.40489671796115495
0.3018929623722607
0.3436777970930828
0.32491134502218705
0.19619742549284938
0.4080941701019311
0.31544338499561564
0.32542171278421567
0.3939742902134281
0.3472531497894798
0.28830472230642856
0.3653417672832295
0.2999699558215187
0.31652710203376333
0.2863238456228959
0.40011092908936163
0.32679418284758116
0.21506236932834497
0.437152772710784
0.28858350380029
0.3102770742618282
0.3353185110522526
0.3323704651160285
0.3105759221113062
0.37183111679400543
0.4498900993133835
0.4679834198866781
0.38805630471546465
0.3825108396735298
0.42149834947870785
0.3517450198629745
0.3701272360231502
0.28223285998636555
0.3018608721387247
0.33568685412720173
0.2835717813299666
0.3690072587139149
0.2599311251470537
0.37374666266007256
0.30263777024018373
0.3418544575590173
0.36900366114237554
0.2967442842692834
0.278857340799327
0.23908565263361
0.3437282225339881
0.42551212482886175
0.4497997548722344
0.22376322566646395
0.35404846710583193
0.3443288098122
0.37849562846502766
0.30875594060723777
0.4111030218416793
0.2413542247724685
0.3202209305581886
0.37909973968242466
0.45078356670662556
0.3313254035114682
0.29226493141898086
0.2737540435010417
0.3997358252208111
0.3006175550611827
0.27482825191514965
0.25496914563831735
0.3141535404377787
0.3207750041161536
0.3175870680798919
0.25464665751285864
0.2826989159530295
0.3576881125768097
0.29939215457339946
0.39503484604486333
0.3391007990334342
0.34788081568476115
0.2991231954545739
0.3387595212628881
0.35031133452132296
0.27689211912786843
0.3222452410426113
0.41100909791279483
0.4342783685218334
0.35205859838861847
0.24808332585138704
0.4223101963887185
0.3625528428383827
0.36328570088931383
0.3357945292620124
0.29288829825722507
0.3121872441380137
0.2706097338102765
0.37786589915377317
0.389862401972199
0.34969761668737526
0.36734700458710456
0.3335631771692521
0.38359261201322936
0.429687204634683
0.2997410640726632
0.38077494167161974
0.29865625803651114
0.29669286692405494
0.22846712651300832
0.3464214656533048
0.2913290457457997
0.3198106280952679
0.3007083753351584
0.3653114330448427
0.29853219015974797
0.3497624659455666
0.31422134175716226
0.31815719548502813
0.3350831472487735
0.2943808012913602
0.35424778947356433
0.3130026490791056
0.3000961324177267
0.4026324433254252
0.3269620516269431
0.2883463802582078
0.32918849701173936
0.40088461608141124
0.3209196448895273
0.28481081153760335
0.34930912196750347
0.45040469585827314
0.4019776783582964
0.37385410315596235
0.2829090254449586
0.3580711698954415
0.2910218366971668
0.4045350732527424
0.2653761674060212
0.4924648916272569
0.42554778879821986
0.36153663167282907
0.31788721491257715
0.41498896338007146
0.2840854519801932
0.4005027981826161
0.4013761488816064
0.3265623344572596
0.4329603032008193
0.36337560343382264
0.3218157291863896
0.3124524106714964
0.2822118519989121
0.4541260345835725
0.3576726826468339
0.3916421738700963
0.47979936898149617
0.291058255843053
0.2908737298687879
0.43076788952335426
0.39222672373348855
0.420863360850016
0.3296624838001831
0.42152214262399007
0.35650179510146873
0.4967880558993057
0.3337675627415581
0.31221685593326187
0.3846049722730081
0.29649412962817834
0.43979711081646233
0.4184103154904406
0.22790197323966568
0.38011716379504523
0.41874061747225744
0.33215637798434
0.4002740962465918
0.37541854618379467
0.4130581671352922
0.37834825170870584
0.3106097843852723
0.3789990709634878
0.38008408095443813
0.312900617035858
0.28485389439590175
0.36613178246316397
0.4020411293825965
0.36973672012708053
0.3946132616021202
0.36776340608101443
0.4159215483995701
0.4121085118475155
0.39222492240948903
0.39644269172986285
0.4217489266409922
0.32186752624043985
0.41264404254193965
0.32971819631208893
0.33728446501065823
0.3087234778255605
0.4062243932681152
0.3843658199716162
0.25003141252684313
0.3885589565240914
0.4650761017334351
0.38952824750154547
0.3132415264741216
0.33097700004342123
0.40128876938737557
0.40946097176354757
0.2764543041831599
0.3894403597097988
0.3334325970545721
0.41033433036312345
0.38062746007998155
0.26709577291692405
0.41735783331519594
0.3651877901074168
0.31169992597085633
0.3418483674222869
0.2985603218577802
0.3879251755751832
0.31230453485516324
0.29775571284778957
0.2859367375109502
0.3969290610280843
0.43859348280150073
0.42045473925099086
0.320782084618761
0.41063938618755524
0.2302832985701567
0.38410405138062664
0.4518777102937679
0.36078600030953634
0.31241497903839954
0.37266668465942915
0.3009003477587348
0.34439282233983676
0.22596161823575703
0.340942700944344
0.46392993790295256
0.29049611181093427
0.43394779412884815
0.2864569543748104
0.32984856030627036
0.2994806545138356
0.34413827613648007
0.378121294352456
0.39107666404883373
0.27398381413100864
0.42923811451954125
0.45735164072029794
0.39253031866377536
0.3836063563543736
0.30318717604430434
0.36811827437062034
0.23261552832725516
0.36336523632253254
0.3074864821097208
0.3701489811309218
0.2753538412831611
0.2686910148930627
0.2717730744038418
0.35810248352119295
0.3026879907253113
0.3967663897239777
0.4636372158514084
0.22146725315040547
0.2984101535765052
0.3585812328583197
0.26670296057763393
0.27981944014440363
0.4266696391084669
0.48182739490217896
0.2955613906406317
0.30587633189014557
0.33413311614783003
0.35578340598996716
0.3248481771701727
0.41289075811529247
0.3269806393402379
0.272704648565114
0.4659748824014747
0.30975082502613255
0.35831517943252783
0.3848743737182912
0.38327207331458213
0.33607400814196353
0.37373426073600785
0.33102983031224437
0.305069385868707
0.27156373355198155
0.26527378717722516
0.3955036002309082
0.28270077879613126
0.41113652583492816
0.38685544012926465
0.47407564409934383
0.3451628085580617
0.40996316698319973
0.35045935756595437
0.35521308286337333
0.4307790034385022
0.3002896254026178
0.28676084139191926
0.31294868017400856
0.3909280784597132
0.29180889327290194
0.3900376048427479
0.3430344954428826
0.4376926679742965
0.3202763801652471
0.34153972865852367
0.3901958482058233
0.32248843323311027
0.32909732785227863
0.3548852664911788
0.39539588817421506
0.2958497797127431
0.4537382158833735
0.33889560493655535
0.2657758333435997
0.3043381827422288
0.38998935905903437
0.41202335056586653
0.3413965426657832
0.347866053505908
0.3500716774549667
0.2879505631360175
0.23148915358712335
0.3136289806832588
0.45048664284797235
0.34163289734039
0.41979356891039504
0.4175076327066182
0.41588022796217594
0.4030382576668865
0.29392525072711223
0.33767727201889985
0.40616334260265824
0.29992562863305566
0.33931854297471503
0.3898520779989086
0.31491871664352983
0.30814902252288034
0.25231365779481885
0.4550934762012394
0.3618472010658342
0.3477558787164805
0.37384124979314964
0.37596647261952
0.3649405797838291
0.3915151641644041
0.4276487932577261
0.2852150440406677
0.36837981289780614
0.34531016858499475
0.30555190101103236
0.332758842034151
0.3240385586737055
0.28200668281914876
0.36853676363018106
0.34426919202983236
0.3039643514706016
0.28964322597623043
0.296631508943285
0.32410762625758127
0.3238212082484405
0.2835748061326228
0.34031337014140317
0.34580366538310814
0.290193000846674
0.23240015422229987
0.35335371470394145
0.3365690176005271
0.26917030575004497
0.31824265257363793
0.3499258686741706
0.37067805138606935
0.3391951983626438
0.3198065999681906
0.42302842886914266
0.3072598882452774
0.32065525604919454
0.2784794964481964
0.3419768249267745
0.3182175139026898
0.310233440316893
0.3400863449357306
0.2748099431161923
0.34107316125378556
0.4181044247162031
0.30311335158459846
0.3440403408654181
0.37229002378532694
0.3778532754578867
0.35197251423647513
0.3067734555764403
0.23359614074163204
0.34225546988280275
0.36344800227903057
0.35710033908506567
0.3196499442422068
0.3226101051585559
0.3742180215111857
0.34914450151320114
0.33202845462719743
0.4557634329903929
0.40652516766425356
0.4292784832595197
0.2869632784294675
0.36827206637190607
0.3201811065652638
0.41849038593668564
0.310380204283204
0.3162413856059827
0.43964998658553245
0.39790995770707555
0.3644351243568856
0.3587759504242771
0.3539506594487204
0.2881419990921818
0.31726481989984157
0.34540221654613246
0.3084782057415287
0.3465985467016068
0.3823896449700735
0.3925831875596669
0.3596411655544845
0.4205991860045592
0.3319375405515286
0.4125112358118124
0.3725947667726079
0.31812741363426983
0.38423259992016234
0.24195912084768628
0.34093813407740226
0.26716701776270035
0.45866860584512154
0.3216281104221303
0.4256160170361485
0.2687899750501209
0.33561093146859833
0.4388983851630887
0.4987865752822602
0.32370444535993387
0.27360735985264817
0.3866612571671681
0.40741639967715304
0.2888456164846921
0.3226347237397662
0.38480756131109667
0.4145338967800176
0.36712211567784736
0.32630054756722127
0.4627172386648434
0.3260672758880499
0.4367757637447463
0.2520052042308666
0.29787338933056745
0.31398632582224023
0.31210993377284507
0.2551603012770975
0.4209098934257375
0.3552314109648894
0.27572034085970853
0.3132871822958823
0.31404129662751407
0.25995198310065026
0.3412298713949295
0.4293377542600164
0.3596648620995829
0.2852364188134887
0.31736626038332355
0.32748735635359155
0.36077876296771194
0.3233977915358724
0.3369864858124754
0.3096532030894704
0.41364491055712294
0.34631616398979975
0.346005346238779
0.3179917265940672
0.36881384082695745
0.3481935087862185
0.3918309986551765
0.32584238482594685
0.3173268480164922
0.2745029820078955
0.27332413395392935
0.3019125153587709
0.363757493354658
0.316065982744423
0.33241889625204857
0.3917306813125395
0.34519094454191407
0.38211220670042456
0.3405125179514281
0.3018695956074785
0.425499993543307
0.34840228159125247
0.28486887073162054
0.3506883156973311
0.4261274886774703
0.3074968656039677
0.3052990636038874
0.3387835037040578
0.32001814655985145
0.2919467090047473
0.2949678555741509
0.28461548388218616
0.3250378817708572
0.2912827839572391
0.27919320336299186
0.4139892342634636
0.3109215093799903
0.29671094137268234
0.4538239674392391
0.34010875398257134
0.33299700330698073
0.32421147146230783
0.30394066239466444
0.19800937506420682
0.32596487970393956
0.4404492236064681
0.39768095226990324
0.30536667262159606
0.31301775181081776
0.5767759302569634
0.40820477737864247
0.36343769855993474
0.3965210004407621
0.3370959021929492
0.367006979578097
0.3231511609887393
0.4174090652345825
0.3866410648440749
0.3427798001678714
0.346328976990765
0.3166654631535747
0.37937185149388036
0.279322912772652
0.3252918286703397
0.36877874356221224
0.37308763636565967
0.30326672999693116
0.4249415663376218
0.26745223719293015
0.29135405279830673
0.4463935393008228
0.3381954976903127
0.2930052820971712
0.3179910334068384
0.4984727201534054
