0.3444151160836613
0.3191586260395022
0.4030555498430469
0.3921361952406294
0.3862027143579874
0.4825897722423536
0.3592039272038754
0.4032441582439214
0.41097686124647104
0.34354258846644276
0.3322823656070341
0.32543236478213916
0.3020782595854274
0.28039722361621516
0.4324095410962791
0.32669596353279734
0.5147911508015259
0.38412987263742504
0.4162350040293032
0.3264056897553551
0.302210718684643
0.31909759322175746
0.41086401707647485
0.3250123271216225
0.3598775869554112
0.29682675262428754
0.30738753458382256
0.3140083731664884
0.3332545670137896
0.33405992200359175
0.3165176296835742
0.27821448369807866
0.29696941769979207
0.26789484359769306
0.34870658287795486
0.42115968553946703
0.2506705191420452
0.3141224505967456
0.35928436181645684
0.3166389391567771
0.34725858418810207
0.3581399670706077
0.38891888744378394
0.4494260756153245
0.29959470222210455
0.447595366424554
0.2728904716265449
0.35259874353408255
0.3485289949612928
0.33033651083943505
0.40178883324832104
0.29170565027713485
0.3458485363870232
0.3217250756015428
0.3743882381566616
0.37700662572985527
0.36142352145215056
0.4201275702001104
0.3027073068199422
0.4287512662334165
0.39314016190600026
0.3716966222949038
0.3801864976678661
0.42216315185096437
0.30193668477805136
0.31568985939901556
0.30359139851756395
0.3651345974516439
0.22936253591917466
0.4301593300215608
0.2927171593275714
0.3414602541976554
0.42061047939381857
0.2730273160420477
0.32044760656010324
0.4041648628524496
0.47173888518503443
0.3788280013864225
0.35115362975254477
0.3104355763289494
0.38281216139117913
0.3377443651113385
0.3500432642876347
0.24971360905560927
0.30624960024952524
0.3401854901466851
0.3242193572454671
0.4262697371231096
0.30327792099708845
0.40006782078509556
0.4121002169906537
0.41912165180616084
0.3241285746239874
0.3152792615385834
0.3082280363824004
0.3267709660168464
0.37294097484851263
0.3103177779286801
0.20182050022543674
0.29804148112113077
0.34939348758185973
0.3982990595941961
0.29708571965254366
0.34604734036135126
0.28762523631654224
0.398277718423292
0.23434016693865384
0.4270667774059894
0.41109146914339684
0.25621603224692124
0.2833359462852842
0.4285830069893491
0.3279107535692506
0.28815617358709444
0.3223716833110084
0.3785681544626177
0.3429750941484951
0.22840136925923132
0.3527312416906401
0.39844743915961695
0.2835180487204663
0.28869079942497516
0.321447517816283
0.3618348821031658
0.27011525533519126
0.3125408397987203
0.5239712595000267
0.42582725381458475
0.34878213139385544
0.24518147691090528
0.3063321744253827
0.3739153948406068
0.4027558989331588
0.31669829483731726
0.45468263037835643
0.35524570279952344
0.32390670698214047
0.3391050611315535
0.3832794987366908
0.35702030441582605
0.3835107134618886
0.40452419739529333
0.3138414997311488
0.3131122253954477
0.34525086836012736
0.4230431913046427
0.2900846414751664
0.2808711735145191
0.4686660776762754
0.33194708882739943
0.33103294930213545
0.3641553274588511
0.3290873760817471
0.45730461805133615
0.271661274729788
0.3200130712361482
0.4162285577906159
0.2749738538328859
0.3266371028686491
0.284250948732003
0.28934381128735137
0.33514392934230897
0.36898512272642314
0.343200910984005
0.27191653661780635
0.3462220730146733
0.41911975435747534
0.36750800774455
0.3327937064120968
0.4531654652705221
0.3179993058986465
0.30928539286276685
0.386305771134631
0.4415464072969813
0.3354350066384403
0.3981041203845918
0.27309824028302604
0.26727999173212286
0.319895394773127
0.29718798102579613
0.25158187914306973
0.2965304104151698
0.3230063352121821
0.3402377901669293
0.4301824933469309
0.4036226987825807
0.35421306487240906
0.3948318048295756
0.29783413108073
0.38794956679025955
0.4163072498762404
0.3358269175810005
0.3409325657859035
0.3022552744263609
0.2953485679435381
0.353506268989836
0.2590711616316515
0.3140303888924351
0.29841009413015473
0.34586580350188223
0.39203900324338326
0.4168665060502079
0.3456988456555969
0.4364046329592351
0.3986699072057539
0.4600408149553328
0.2802048366990401
0.42884145179886535
0.3412171275485212
0.3708648061421045
0.2839644609696113
0.442548791237653
0.39899841808435077
0.3115536620108343
0.274860773562331
0.2919422736895789
0.34427432327892016
0.3361156409093762
0.3362235727260983
0.30850213073329114
0.3003473679448418
0.3865193767701915
0.28595434739230813
0.3616429756907446
0.29892215087015345
0.37487000290041694
0.4130940450981953
0.39185560476315756
0.2537063805160846
0.28505157373718965
0.34642366348816894
0.31149991450114123
0.3516864594068827
0.33075526529452864
0.3049886801631711
0.31352580220146525
0.2936388587587095
0.3893851917647444
0.38324252987749907
0.2737050166530394
0.4013623027981223
0.3953956055210168
0.475205837968835
0.31012118528332416
0.34493717709834815
0.3138539959750208
0.29800356660663796
0.3078249985486918
0.40200448489007345
0.30298928609044506
0.2711947440307145
0.40030654274098937
0.347974679055576
0.32530458869348866
0.3776017330693963
0.36706584990068075
0.39393598312047956
0.4666237594089343
0.37371056056198143
0.37753291628554053
0.4137243335167559
0.3116459989667005
0.3722670813934416
0.4148763233211995
0.3406469545956744
0.2864756079800986
0.2912056808314797
0.3518068185283386
0.327301092299672
0.2998769383402453
0.33208693442579473
0.31833674220322533
0.3834574538184639
0.3552877019363384
0.4839731766025553
0.3145846431255979
0.28758736428470844
0.3097752434039204
0.35608723667122233
0.43569489429949665
0.38200427489607053
0.33658327476605415
0.26053888991914914
0.32964332098612126
0.3672387764635831
0.35003654269621765
0.3191436131972174
0.3364360435622
0.36019372743235717
0.3519185525813318
0.38210302539406077
0.38957079473688877
0.392091790767643
0.3555478654182358
0.3409329909359263
0.3107613616760225
0.4583368054702094
0.37356900905932067
0.32291346864209597
0.3912110207877113
0.4656868077618827
0.42172902636599796
0.4124605356968108
0.2973357193275818
0.38888471216761905
0.36999248460294387
0.39415728123342314
0.33205409535235964
0.3121446969609688
0.33820855911867803
0.22729682441217502
0.4229160610933538
0.2522658752649952
0.3902717858197405
0.4345292110286445
0.3603644935343241
0.3282437508245475
0.41285743017154275
0.2985873892432978
0.2813902590066259
0.337130214289691
0.3460952962276414
0.3072926999689526
0.35068219251788735
0.2709008862366897
0.3525277874032616
0.32794706744254704
0.362098713347564
0.39778063469481184
0.2567400735231888
0.44389906862306866
0.3117483643708888
0.2625041716744694
0.4211304303013378
0.3154128014795572
0.35039984681616787
0.2936663965829498
0.29519357276500835
0.22151683805926614
0.39471837158245476
0.3490304848192181
0.37865767478658297
0.31536649308360437
0.3280565982211245
0.30750259071510583
0.43041110001147537
0.36221344311240267
0.3000164867769146
0.4292635733006654
0.34610278556124585
0.3866125032970974
0.32375036942890006
0.41568871098204385
0.31906098342207934
0.33877333464694753
0.32539001058762146
0.36604788608012434
0.4237078320857716
0.38494908277696016
0.29525898694371616
0.426213883448842
0.2667986475859207
0.42303220656832496
0.3161197486335435
0.39211624573285137
0.29502294768796594
0.4245156335317992
0.3801700624313673
0.369406934892234
0.30614705145031945
0.454716996909156
0.3217144439414129
0.40014316303070974
0.3838837828225299
0.3376525888310991
0.421261946367022
0.40216069504529617
0.4108054310580581
0.3292988418284878
0.3152672126769546
0.2841883261253844
0.31318508684839963
0.2846735541562514
0.3746466965032586
0.41129171768344447
0.3043734851198218
0.26497182362018296
0.36383614885724336
0.31192990726437847
0.43303508633022714
0.348337701588997
0.3548695766804775
0.3324419753815875
0.2947280610567268
0.3654515456660761
0.4114117942605991
0.4246256808881636
0.4195160777936461
0.35323167959754076
0.3527776344289195
0.3371602446513658
0.3442387165854975
0.40647348226241103
0.28067536123677905
0.34351818139898693
0.20773345539737426
0.3891509571210817
0.26953110720001816
0.37280669698813557
0.3199283291388074
0.2964343092409836
0.2225809716499709
0.2811216172029656
0.3771257857052993
0.29191225250097724
0.4172590335990262
0.39325525143271195
0.31810058176819833
0.3733926671199804
0.321514417239186
0.3087367636166616
0.28646396558756226
0.34709837846493274
0.32345793838417564
0.33722345591044733
0.31887974988476386
0.28480769397736627
0.40939876793447905
0.33154721259069836
0.424130997210045
0.29185884743951646
0.3439933917099322
0.35270004682942036
0.4268118658808295
0.280284509025164
0.3577303461741606
0.3915500473609118
0.3504132501179801
0.30092049939147997
0.3055610411466327
0.3021236441450048
0.32424722786432014
0.25217702402808606
0.38071096075770816
0.345280147758137
0.4052572937507067
0.3080223887067991
0.36803601568863437
0.3722051608807159
0.346372298576366
0.34166355136874377
0.32717967464843695
0.3541554822473165
0.36880824992643585
0.34226071413312464
0.4112058438141293
0.4181441460968596
0.32297973565062943
0.3958411583601988
0.2820495719816227
0.40314165440530864
0.32572476888007906
0.3284547537746273
0.4164614429246317
0.3408591830855203
0.2902411291444123
0.2997183411874914
0.36562012004637146
0.43795778209251746
0.39929449301545056
0.4127806109683405
0.3803653242658398
0.38591125006702437
0.40805932048641463
0.37489638995963154
0.30259258145725443
0.3378910379586685
0.4320808980462801
0.39498299988856056
0.4152882531879976
0.27234414497725257
0.37100484951894824
0.4174458535295213
0.36680647866318755
0.3769411812589255
0.3796055314063941
0.3216991666130838
0.3624756687895629
0.4147618989073942
0.29004453061172575
0.3680574572376943
0.36383789382569937
0.26798785339047665
0.3976440034460075
0.34274689455156526
0.40849888833497555
0.3777318700474085
0.24230138954531322
0.3693697517114393
0.4632854077415193
0.34459413357399765
0.34937541315383136
0.31709225379416345
0.30376266250056416
0.39176855447016207
0.3970266831425244
0.30765372456180257
0.2914351559414517
0.3467538606022873
0.39807995778752986
0.3267799213147497
0.36825393540107065
0.37867394307680097
0.4309672898937902
0.27801734973056025
0.3288440308390088
0.3903035017210818
0.38712869381543136
0.2920848739445684
0.47922191318105284
0.3502787896850029
0.29373158457284226
0.45454156849020716
0.3357504579021198
0.41029537836506647
0.2864628219869158
0.3365039569895659
0.23087304290635455
0.3051059251800659
0.26174917065225745
0.38814413190915126
0.3990435081080024
0.28814846656803195
0.30678197952762354
0.29901119340102056
0.2457274501315564
0.3662483993185552
0.2565925968990362
0.3264734820638864
0.37292081859211934
0.28829296840420865
0.3412397467415042
0.29331224363303976
0.3083400639136308
0.40659731999125853
0.39833160057412054
0.45708191360586864
0.31365650849836896
0.3605524345043486
0.3650959715191055
0.3039077477786805
0.35757048521648
0.3961210289141853
0.44865651193890627
0.3281750100266216
0.27517488875034884
0.38566631272674295
0.28779286918770997
0.36801004663628184
0.49268289995906633
0.28521487902683634
0.4604713624402097
0.41335891784583295
0.49805010473568223
0.39438536510146427
0.34627660472930083
0.27759531570534474
0.464491451531353
0.42129518150388057
0.2833707764038074
0.44679267234065484
0.3126196938838632
0.412698722316833
0.3066694910008677
0.3598439060029617
0.35168022864190435
0.378898181039168
0.28929663354754065
0.3529515287819584
0.40563071663092926
0.280434564507067
0.3017718195142858
0.31291612048888784
0.3868303399809478
0.30604059135456946
0.3339780607868895
0.3085225686732489
0.424088916519788
0.4063105766745732
0.29696879573101315
0.4577087497250936
0.31958256067948
0.30212778853085476
0.286421242297352
0.24719834150829728
0.3328906879770735
0.35647973410077893
0.35933126300087864
0.4522038058893358
0.45561394653590975
0.2881858136961593
0.394013511228012
0.3130031225011392
0.39738784336514316
0.43247874885783144
0.34383908886551523
0.3467159616377516
0.3269397372391993
0.4041492657470015
0.37166432314535724
0.39258131748614733
0.3527759367817191
0.3590047099142922
0.494389751968941
0.2870643285491702
0.3433696177873479
0.329140224062601
0.3501569266454606
0.3331628965065326
0.34788124907674794
0.29292216047751835
0.4056495949037289
0.3607369124913978
0.2726213321594927
0.36436086027396175
0.30387806967094033
0.37186657049050703
0.28891050028201365
0.3370711129491357
0.3180575471536646
0.3281923774478233
0.32862138976161576
0.3237843476576634
0.2985044161605444
0.278442123864639
0.3216453460494012
0.4202790497757128
0.34114383438168716
0.28737567952191345
0.2931065056474026
0.32842908859949477
0.2971808432024669
0.33323446865317274
0.40556696440562584
0.42660254033980516
0.33346072888931155
0.3443023073957824
0.3017004444758515
0.40201567491343004
0.3303187293036967
0.34853691698790645
0.3750452833400118
0.4284436232654671
0.3306589199902599
0.5754016648586611
0.2827433517535986
0.3403417635307563
0.4213542903088824
0.3263789135794787
0.46666547302074707
0.33623086741835134
0.29107546938286655
0.32239131269747134
0.43063254360771075
0.3073267444990738
0.4333535646350673
0.307419679039031
0.3888552506985403
0.3454214178089426
0.34951698008499316
0.3356202841102442
0.30289361668257975
0.39399699317076653
0.3466475219911071
0.42534388498395276
0.3274251740064946
0.31545398975236466
0.27338605744992933
0.38275437404636237
0.3941082859333505
0.38126437934702706
0.37477184657025586
0.2967031692748084
0.2752722594094782
0.24797430799728198
0.39441665400183784
0.29894895335786015
0.32087496152762196
0.3633800822414101
0.27805803769806803
0.2300367097382398
0.37145900988887776
0.33951490054109673
0.33730456665152275
0.3287102432398778
0.32473226879975486
0.3565539770598352
0.43569839872959354
0.23088653487224736
0.3004597920584329
0.31642552551923836
0.38672824377669734
0.3318133063094604
0.39629488732080587
0.2905575054428722
0.29534081213279484
0.28009618780770773
0.33545886312707035
0.3691318347840556
0.3510143025022378
0.26679644169473493
0.3641548831580287
0.3468500736234466
0.29707614274512906
0.34497399815437796
0.3580205455311244
0.3094303745770225
0.4056578706278033
0.34208559254791904
0.3329199529306883
0.3556841421321694
0.40179389503459323
0.30155101073762197
0.3260903444159682
0.32206085688564884
0.3665827754445891
0.4162214687756515
0.5547564284076367
0.2787357719474193
0.37636263620168126
0.39129759392204816
0.3228600036010574
0.40359476901629593
0.30777286714381236
0.34220879705443746
0.409036087459994
0.26357524184829845
0.4089467986094348
0.30232656620857856
0.3844971900195299
0.36970483799314735
0.307699476495268
0.34416813222904824
0.368137502030273
0.294204495317709
0.32458234178941014
0.2730720323967299
0.3557805801326102
0.37675652783161184
0.4689748101921734
0.4533758603199787
0.3220713084151259
0.36368865339068734
0.43468072881566217
0.3137801853685829
0.39609621742727286
0.3310012943232694
0.37157272453813345
0.35375436598139653
0.28286118641287367
0.36022984459270224
0.3459729356980911
0.3706236223510961
0.39443076029675567
0.31780095491942906
0.3593368472324839
0.3937399116267471
0.2840629075451156
0.3608030794023772
0.32936669835188676
0.31304634024257266
0.328436610119007
0.31941981244747897
0.38689263938635293
0.2985186726836549
0.3918703995178953
0.31585280423026074
0.302246676969628
0.36042049985295405
0.20383144221331306
0.3409240784819877
0.35384751111786333
0.3752495046516276
0.42645347725524174
0.387700490542223
0.27569320583087065
0.2823000433944581
0.3094656245617698
0.33411801321306045
0.35178632805020493
0.25983405629905537
0.4668098520796638
0.25648602021342365
0.3275499252371024
0.3439630822323624
0.2997617655886728
0.4516524421046883
0.31662772948558954
0.32363410618936683
0.39419665287361544
0.3860097132690729
0.33328042710845435
0.2806080668190175
0.33052126115153607
0.3091930732584974
0.4099706975693777
0.41761677329914065
0.3459245688434196
0.33413200128789106
0.36454431181723657
0.38851799040549373
0.2731827979929181
0.35462059351085573
0.31283535130816137
0.4060103698018673
0.2877863434864259
0.4254057143727745
0.43931686598911707
0.2986024791918719
0.32178718244428683
0.2623447533301077
0.36356275636114804
0.35304219041975937
0.35042495333164214
0.30228567804585066
0.38594762433455065
0.27032472996340035
0.338701384064919
0.42894424111245477
0.30247399285664156
0.3652600260649564
0.49800376436081817
0.3048805064011847
0.34759935081429266
0.28583672716659814
0.3034688441167692
0.3024660082744766
0.4062341306877714
0.2776996762281723
0.3144237302104512
0.40670878570607905
0.40507656833664635
0.38516749697588193
0.31400689381306335
0.3538762219379559
0.3431125395477879
0.357970553541313
0.33161058588078074
0.3252191212807456
0.3081792027554134
0.36782745555507096
0.4361018001921521
0.3662101218036175
0.36914307419107073
0.31568049458877834
0.3358063201243657
0.4541827885427403
0.3975642820659244
0.45985160103087547
0.42060655054629575
0.33163849341864726
0.4261874740504151
0.46864117941580774
0.24610573258022272
0.29873989730345324
0.48288405113465865
0.3810382454547813
0.38320125376317865
0.29854738093671873
0.30088017175047665
0.32542303829400004
0.4556405862387406
0.3111319009679201
0.4955857810459584
0.37136657950153157
0.3782589460024851
0.4138792606326653
0.30027938208807137
0.3788084599909484
0.30059156852050983
0.2892812642200432
0.29045962630796085
0.3282518902637352
0.4416973055362881
0.3199214800229308
0.35954280189559706
0.4835657341291123
0.29158782635653374
0.35536396977404733
0.37800514129983026
0.36740113013213105
0.35792876322041484
0.3120198969064894
0.4631237004002598
0.32783747219071085
0.38646845571470617
0.2916288090239638
0.3693827816122024
0.3694430077515714
0.4335962643852414
0.3042104456513941
0.3504382234391357
0.28226680691858397
0.3509170527277424
0.3047318421911366
0.3092118218701591
0.33110437852412405
0.28296473364882857
0.24499000270532162
0.32360587391478257
0.44127912435360556
0.33983103090335454
0.29290717097577024
0.36197984416262746
0.286099663903447
0.31729906432180294
0.37459161502534977
0.3250728281910915
0.35600785574692756
0.4779043527596376
0.354202523613532
0.4396932788538517
0.3338802149190297
0.33720904245117994
0.27016581067945467
0.37281760804642133
0.36164194389464366
0.40982235534306377
0.3965127604095351
0.35281535209129905
0.33888248731947324
0.3385858490221004
0.37176843279477495
0.27670649591649754
0.3659111395395892
0.3254032107169257
0.31057808414720156
0.2871156541339777
0.3151828821604844
0.30867396921321977
0.3643111137615853
0.2900927671433743
0.38582095921180143
0.29452682417115655
0.33112288718160876
0.2788841152119403
0.3883071804362787
0.37973729194636796
0.31846000828062754
0.3161938957206874
0.5791464169447061
0.4240310954416295
0.45859782067302685
0.33665916426995013
0.3587773159397968
0.3926739369796627
0.443925012902226
0.35815590463321834
0.3345431628771399
0.276840992557341
0.32663773678186453
0.3399733152883796
0.3661821404751738
0.23501631457312414
0.32657488495147635
0.25693160782155033
0.35745585887777326
0.37833251105253224
0.3870329692660182
0.3785216023211282
0.4373741919448706
0.3923921510616722
0.36502423691913843
0.3152321220050582
0.2725295928838182
0.3254591198797448
0.3878383120574912
0.3348865384395076
0.3879524197655549
0.4026761358752961
0.3117232852241514
0.30828429690085446
0.36862165859418633
0.23887398461279064
0.3087422270311973
0.4027070350193296
0.4053989356360826
0.3293519687008374
0.2710766621775065
0.3489549574092068
0.31973972982557824
0.42527507355037497
0.373501875834152
0.322236087865345
0.32204455594565456
0.272547038891447
0.30423625222406914
0.30390414187333964
0.31184763465194937
0.43781958128774856
0.4998876763636179
0.35319972913945846
0.43505014871503217
0.3209075996934383
0.366352916861584
0.3873562463648038
0.4281073047431454
0.34470265185745225
0.5365216164369317
0.3858361962573477
0.38665473056274346
0.3645000604450707
0.3309692480775416
0.4171535778154555
0.34961948707989027
0.2717229076986193
0.28300446985523314
0.31304319503878025
0.23490428405900962
0.3961939563597962
0.38535659967115854
0.33793975396341985
0.3982256969157989
0.4022806051191306
0.34443484895705245
0.3334596370948474
0.3427541882249731
0.4381283193021895
0.36186811066015334
0.32523836266945816
0.24902002202046913
0.3555535951050187
0.3901588889175927
0.27560656375218556
0.3630230634959858
0.28581068886184213
0.26814388841082865
0.34563237366155297
0.18836391207550535
0.3574366355999542
0.36980179842956795
0.24790508860690552
0.3239608160502244
0.36448290379698267
0.3596070371536198
0.2906909355955264
0.3647821669301293
0.35793239202566235
0.31896168694904337
0.2248333935548099
0.31822793081557305
0.3433936018695605
0.34309609767233795
0.4223527643157147
0.2922193562561332
0.4610707223165343
0.3068487026354057
0.3667086892594257
0.39074034216930564
0.41174210786262005
0.39889764579231074
0.37514106430479327
0.3376611741080544
0.2939994359931669
0.3414257534982136
0.33423770140882153
0.4154798402062883
0.38191974320147426
0.3317499737338549
0.373375293989821
0.4052184702314311
0.2849930371981707
0.3362012812720835
0.36025375594420217
0.2932830412228416
0.4128145189809891
0.4212972059394882
0.3084141587674017
0.37037861914166514
0.2900952473395553
0.4460786461979038
0.3278858543767315
0.2731850683685377
0.3427620909792826
0.32420272032508457
0.3692630233865679
0.32102608645969344
0.3714102003246883
0.2791375128625441
0.4035820893620119
0.2940693097461561
0.3247773453365068
0.3031735381670265
0.27671586509511636
0.23558007156171826
0.28352703840573035
0.2802994231523561
0.3739490848335192
0.37309570746531195
0.37696616973564834
0.32110338819708206
0.2937951250009995
0.3332939397658602
0.4176207094100199
0.28328408572113684
0.4067095460801595
0.37688070502328425
0.3719639550750532
0.29488445807190855
0.3412142488099348
0.2989650583936037
0.349932401340987
0.3765998338319464
0.2784750566235336
0.3602075162028433
0.32632994151290134
0.3325305812761315
0.4174948151328513
0.2904507387533185
0.3415061423165301
0.34078099405677786
0.28750884609875516
0.3027542974849082
0.32900617501007295
0.3711172265206439
0.34612544503480275
0.3920586391421348
0.3509062732311019
0.21650599708443596
0.16673370194213136
0.501928343946574
0.38129227685685313
0.3807448713846358
0.32053753224933623
0.3044032949040364
0.338697558764745
0.29594275261376257
0.29491030663101453
0.39570624178758873
0.3870058177175387
0.3454589043082506
0.3291076624087488
0.2704920219756962
0.3305213600096831
0.3041950215868568
0.34810351379346693
0.35816161726284573
0.29468471969609494
0.282591448029218
0.27384875348151066
0.30274068251644176
0.32213765923411547
0.49988578057881244
0.3200282487494269
0.34235499801271235
0.46349561666507416
0.3633643973914827
0.2215074034950869
0.346448821561584
0.28749169331616303
0.32508682144774037
0.3350535038761838
0.3774046797703035
0.28820272638019306
0.3449273372766977
0.24435881247785138
0.2727898569255765
0.41338896680735593
0.4650292987239941
0.3545919384488662
0.2871433923159909
0.34657421356583434
0.2903775343517221
0.3396863721687468
0.3501904226730354
0.34482401484732383
0.3471489510547163
0.37667025063206455
0.37535947402124653
0.39628775399382876
0.2846511697155053
0.3895668191566248
0.3656641042406882
0.34920158974061233
0.2698663071700963
0.3217030407858104
0.4110766380412153
0.32201003727538896
0.3491529279065523
0.3699525575732582
0.25720703941184037
0.4005249175479162
0.27367964380735943
0.32828789277548315
0.3811152418179906
0.33850994574897186
0.30316332761207343
0.31962778686060356
0.4244383249157062
0.39782581899403135
0.33982984245468456
0.4895740403730755
0.3941652807591062
0.2805234022323271
0.38720682996450434
0.3709870390572983
0.33409618636478067
0.2900225086757037
0.3824945640144317
0.2859433133291974
0.40204916774863314
0.40013851586119176
0.35103903805891445
0.27802878973370615
0.29870554481886386
0.32756598533603043
0.36380237846227753
0.33996341384278955
0.5365830690426509
0.40427206486998896
0.34001780558114475
0.35698230874454345
0.27148026597937086
0.3222210279750189
0.39947409218733354
0.35276782071730406
0.2968410084483421
0.3772741130703589
0.3630031227486188
0.33034315273302034
0.37816149439196056
0.3167890722899816
0.3516059513622893
0.3769613725264033
0.24773754115737207
0.4069502948713911
0.40846865027316975
0.3364018617135555
0.3260865264650907
0.3960663643940609
0.3271159652831279
0.38285368389485347
0.39674135070720196
0.3571817957846919
0.3599472866829178
0.36945870813807435
0.40510469011059713
0.4071593250618077
0.31593049904811404
0.4158201821432159
0.29408440921651163
0.3374784978305986
0.3067333912899224
0.5514506739416963
0.3720397366796467
0.33528907932673363
0.3176206676366309
0.30139746543743545
0.3183683828518581
0.35824826233894996
0.31973901938637583
0.4674160055063372
0.44690978527884095
0.31882106421480916
0.44548997571378335
0.36691108334209604
0.33043740327417837
0.3193966041413864
0.33860325721734685
0.34673615598491114
0.4074093541345061
0.3521121357288708
0.24493571729656285
0.42278733363866117
0.3879841623338195
0.5157989618771469
0.41480882223573234
0.41029597014415375
0.35148972416715285
0.32403577643133213
0.31985911531126743
0.4547863022801674
0.3418706758698783
0.3287697451020538
0.30086700297545255
0.2965598703265097
0.4166401557495767
0.36695480688391713
0.3885737204710347
0.3131007455616241
0.34311376921232606
0.28374557085946506
0.3549525622450225
0.44674317794260754
0.3141243969375774
0.3213878933207158
0.39194669364188606
0.32657154124188587
0.3389544823488792
0.4386795742758361
0.43522889362527045
0.34326125582640266
0.32088212688804674
0.3576524726998919
0.3628554575126266
0.3433970632042994
0.2390833002942207
0.36481171149353087
0.4582541717871331
0.33919205704404354
0.2630178439851857
0.31935885065058095
0.3898719947704476
0.40833641237817125
0.3127729683751752
0.31834408933269975
0.42247396987681446
0.34401384700172327
0.3819457527108573
0.3204059203344872
0.3586017045954266
0.29507268813396437
0.32533925261095803
0.40302268354201626
0.2532344902086358
0.39853671512148664
0.3482549065380612
0.36590477725426235
0.4129440367079732
0.28722492108816805
0.45375096813657895
0.34414369794718885
0.35171533421873413
0.3708370512486745
0.3134943603632043
0.4228128059089814
0.31618856356434705
0.32212267268250994
