0.2757327514016055
0.2890181714754742
0.4546848267213217
0.3577290861010485
0.35647903605780856
0.28849852364418255
0.42409374993685345
0.36358294621896703
0.29947712838343976
0.34417298273479724
0.3905672529463522
0.43444473634613473
0.4398375298664382
0.3243150333940692
0.3910915889801347
0.35263556488297576
0.2873819916826758
0.380702933783976
0.4223788046689602
0.47476123786677554
0.2727149984476614
0.3980229469723824
0.49234042402212824
0.32355434198777183
0.30634462243250077
0.3699701199946133
0.4254747023911287
0.3342913176515858
0.2995331757528558
0.27844363186017335
0.425904842527921
0.32665763617778626
0.3558271523580371
0.387343718857897
0.4036656334336919
0.31536965694753305
0.4306934730338685
0.3452579527074501
0.5230156345649308
0.33361286723340994
0.3797221724970991
0.42412329020268913
0.34221071566166994
0.3027018398339577
0.26485538788403173
0.4239969579049152
0.41633858534887364
0.33807713240723003
0.4112409485760252
0.41747707517743937
0.27954127150149977
0.3922045508016187
0.41484956878157164
0.3820301809870598
0.32491456557384096
0.35060170015936015
0.3680391664640467
0.3139568929785966
0.28179308878719955
0.3717096360177935
0.3429009821759762
0.3164284137814766
0.42559806005516704
0.43381140289428516
0.3724262702095224
0.3635909507240213
0.4611233716810072
0.36791627841792757
0.31395515772862836
0.4067177818315828
0.3401887480787994
0.34449513964617406
0.27389955898289925
0.4261903668987366
0.38879166971800866
0.41205359772725003
0.30538643518963066
0.38971491122364377
0.39739730514729527
0.32882432536206335
0.4350738003200448
0.3827981072010146
0.4152877839969782
0.3486840938772981
0.4236072356899402
0.318357419720641
0.4115598083842784
0.3377904680435617
0.41427807300987096
0.30994082200740236
0.33470242384045223
0.35125473027636095
0.3519763295224034
0.21649383382871845
0.38827704359211224
0.37866200674339506
0.29571961259468144
0.3697920004911868
0.33841946136526546
0.43087546036587976
0.44588147447237175
0.284152026100379
0.4211135777677112
0.29439842001877825
0.3949524019344283
0.28812805929279983
0.35026524288698074
0.38153939685108085
0.3046702886681827
0.4034178689538515
0.40167858257429884
0.21018275205119244
0.3169511354998682
0.32877706135045437
0.29567320044283524
0.3604074842315864
0.36258182670302574
0.39616698898193614
0.31349950866182064
0.30381077511335836
0.34116941920610677
0.41928604709287665
0.33109879536603093
0.3498314226767334
0.4920120567568299
0.3801265683532238
0.43098049056457743
0.344353411958716
0.27384597260069865
0.373512749086497
0.44759335686127094
0.3292352179041535
0.3794818516969677
0.4492942082335829
0.3128688679313244
0.3060937273730404
0.3477975075392879
0.3118527671892631
0.48877970050043895
0.32051882458146796
0.4216991900721362
0.41772665164081346
0.3357427586860744
0.38958412938365217
0.2912298303367366
0.3712005181921675
0.3021388904759718
0.3327414608887901
0.4134186092696811
0.3082325458880662
0.3252066316943917
0.3191513375531452
0.4934621921198649
0.39103097915037915
0.3676612461253129
0.3425797180499704
0.2860687346266279
0.432157554020804
0.38470126111625585
0.389493956567581
0.3288143559336673
0.438942143707635
0.31180273718504237
0.37839585053526636
0.31821629788130196
0.3011230333178536
0.25153018689962464
0.4844304675303741
0.3241453105736327
0.3027631032451285
0.3404933367361032
0.2822425764957694
0.38004902148845315
0.2863778887008379
0.38400071007251324
0.3504879746524052
0.3109507102465177
0.44360911891818994
0.4067806802179318
0.35535944126746405
0.28837004978607916
0.32312507229943355
0.3850033571408707
0.41285341605008496
0.36838164969952425
0.31780430791645004
0.35774714057429463
0.4313787264803979
0.39213457714143635
0.43067423374393266
0.44455870171420603
0.25771242767697494
0.3780105069819886
0.47856751549140564
0.39627121754105094
0.3892430761061394
0.41128069985059973
0.3555070371017174
0.34187259661406694
0.37918871452944697
0.28469763304660095
0.3241502302473106
0.3321710490156454
0.3290927295414343
0.44531037907864357
0.2923125184244686
0.30505339857925234
0.32199293420536285
0.3476284175642821
0.36313678427685747
0.2718214403860048
0.4496361029287342
0.4391522418979341
0.30284278057316866
0.37537692047379073
0.4175476679795533
0.45761487675299983
0.35220390629804943
0.41358281339204234
0.4211700390735973
0.32937897401942656
0.32085083328497643
0.3861215049795436
0.3601763378995125
0.3402319446059893
0.36310429919384113
0.3584252252548906
0.4934960402838842
0.36288972015486665
0.325813388487837
0.3207647116154152
0.38605851807110786
0.36967017121810175
0.33845444249553647
0.3893129130884237
0.20091397192217464
0.38827262608914
0.3377484691344298
0.3166958961787516
0.5771338390794646
0.3896962733939583
0.37327515378732307
0.44643983253838665
0.34218140723023505
0.3887796700091858
0.4078080487445461
0.3693148791533269
0.4919343983886998
0.32276650904973553
0.295414803916073
0.4254893555271652
0.3372513076337156
0.4238829252450987
0.331677584871324
0.36904769152126204
0.29885940955069423
0.2704075478723116
0.31903382290250865
0.38799384068819975
0.47348090624601846
0.4012372753782566
0.33577860286939265
0.4177781825789365
0.2908305368954625
0.36918283586521816
0.36795710264088993
0.34636464887976537
0.30669307879680724
0.3732571179669262
0.31519216203010797
0.33821601115867295
0.3148733006730776
0.3182709567194124
0.4113315447299326
0.305649033258267
0.4253382052035483
0.23822438085507286
0.3887933361055316
0.3851168411358822
0.3118822906707353
0.29033966887869245
0.34895169705865586
0.4542059541881622
0.4228988491790738
0.3439364029199098
0.48602324154220783
0.2471531596268146
0.3545659601211475
0.3450002839998562
0.4523668928327436
0.49153344058610726
0.3449653788918455
0.39011856616514357
0.2399400920541255
0.31297441070586024
0.3393943330416685
0.30743872736522293
0.3917180461235142
0.34406976587289884
0.32972764889711836
0.2982803410559999
0.29219228995152974
0.3023475336986044
0.3670488935306535
0.33254285515438864
0.37834126668652907
0.339683965142886
0.3878415991642727
0.27695266329226503
0.33666387214749366
0.3688862512340233
0.3926354361668942
0.32500685730719414
0.22269213562782106
0.3316728900662204
0.33943703499751726
0.37788282061427375
0.3907641361847657
0.4056849997503306
0.281568338507831
0.45062730581953503
0.3566900714500162
0.3594492070332628
0.41586251128328683
0.49559153609944795
0.44169697203419117
0.37936281284517726
0.3759540014067568
0.30622508887476824
0.38171019709551907
0.35466210375988116
0.34410692270730725
0.4802579491190415
0.41573284322509896
0.44687718057830367
0.4832740049420913
0.41125451840813854
0.30461095671695326
0.35285753350173377
0.3291928834551504
0.4207958759597193
0.3284044529208153
0.36263657895956
0.4179789205670383
0.3431159253787379
0.2961869585202852
0.31016591581522435
0.3463072129267781
0.32188430682005903
0.34919434871149785
0.4416679488322531
0.3758827654427858
0.3396992447847579
0.3391370405394498
0.39514461212700136
0.2980790420081918
0.4100451096484507
0.3894199959525558
0.33623196982607184
0.2932866986761228
0.34294850355986845
0.2796826854136104
0.35277156347776184
0.32696740509681216
0.4138166940089146
0.35985528364652164
0.36065321371576065
0.33939553063201744
0.3009148560744709
0.3901815194470082
0.41380470165740524
0.3996160420887415
0.3337096498870066
0.2755441521184101
0.3225491108565699
0.4595985857177139
0.3096955208604959
0.4257135967565655
0.2867253485002767
0.29124459270907743
0.4211149506879435
0.35201030148314966
0.3395251365490879
0.44716011408417417
0.3876246183891415
0.44049201485226186
0.36673942420131167
0.34248775303532764
0.4169591760653477
0.31948411629455103
0.3693643534980074
0.2882905618269659
0.3551611431601125
0.3454170738171198
0.3007208360990953
0.3756381092713266
0.3865007372570399
0.43877921463838493
0.28625120265562337
0.3423341913158808
0.2877175117672559
0.38986583327478036
0.33638131414028405
0.3363351795038268
0.5380953673223875
0.28972479375160065
0.3349443161177621
0.3047822560847586
0.34357943514251377
0.32985830169180363
0.32602993586456613
0.3787317090833917
0.37343397639030834
0.4169309929350746
0.45843384540680643
0.2896390729601564
0.4441438217577632
0.3191779232430537
0.35104225667562633
0.3420192833707354
0.3928236558979567
0.40527167084659665
0.27780663824667634
0.420993292986669
0.3401234655691578
0.3177126489371534
0.34215815849549247
0.38033237803766096
0.47648408122152797
0.30976518624050303
0.2776188009142542
0.3475107289849614
0.361490827559648
0.36260300649053523
0.36971247032793325
0.4283918519399874
0.5299098257541286
0.3143538760975229
0.5567112229248181
0.36840965246172774
0.2827135883835288
0.349520903864716
0.27737595574238516
0.34251456882685777
0.3687188876866246
0.3892040412370681
0.32961344081907634
0.3699919737678918
0.29041952088028317
0.44127340394272363
0.3135979578144721
0.41223029753990187
0.2950493467611314
0.3822064190307983
0.4074957838128476
0.3622284541298776
0.2562997347142658
0.30189776729263496
0.4279016149856862
0.3739793482785258
0.33272011945192975
0.32747990826349294
0.3940585779061289
0.41834902888384085
0.35347687617296425
0.4619552939467435
0.4447225988229142
0.5147406074511972
0.35994531629891485
0.36288818400132805
0.4112333064516246
0.324561644926083
0.3105310584418862
0.35576575629230656
0.4075062429086029
0.40745540910131006
0.3321939654211758
0.3040329796063743
0.30895340366933904
0.3497483227708323
0.3769609972343933
0.34132194691713547
0.3624705517738812
0.3459132619647998
0.3353519985646884
0.4812866123504712
0.31340019785758927
0.3387215286237909
0.3577052227857929
0.306825778168869
0.31049296710213464
0.3595373648561228
0.3114156486595658
0.34665562208927725
0.3901741814246636
0.398511927160423
0.3132563790522689
0.2761086977792437
0.3592111818322742
0.3189067630462361
0.38586682482622425
0.3604360728639958
0.45681964415099563
0.31282910455978663
0.3651434269441023
0.3339368798893889
0.284034713684032
0.3165556837033718
0.3103528469473269
0.29888159262978925
0.41047885067217166
0.37093795014285774
0.3867885553492055
0.23674185363766248
0.34390533774389037
0.32983311567911905
0.4464756968712164
0.3157186524183743
0.324238525575478
0.38242614226867827
0.3034494466681134
0.31357932132358185
0.3596905584693805
0.29905188160406504
0.46176318675175404
0.4078803165702452
0.36048117489708353
0.2862946723369803
0.33089410815504183
0.3390995239558447
0.349594631969288
0.379051328568707
0.38850050305727696
0.4629486808029863
0.33249583554866075
0.3171163162813789
0.41734285773659013
0.36540606796460096
0.2598844783889937
0.4091197131398481
0.3859902083553741
0.37678478341386373
0.38849221610315376
0.40527310390746
0.4335451844370679
0.309897397363773
0.29968570409550577
0.3540789790969875
0.3900628283598872
0.4137035017979413
0.3495945670982586
0.3004277485364349
0.39070144679256696
0.41271605851339926
0.3494622483916043
0.35873009289102975
0.3297756497243204
0.3925600303160356
0.41555049731978744
0.41000898886702397
0.4498272885666169
0.38113209430393097
0.3653889784643996
0.42194216585353467
0.4062162090098032
0.3629935006055334
0.29804976461367566
0.3707122966883032
0.3844760297683327
0.3997586343447428
0.33006418946199606
0.31945605989009246
0.33187621963900704
0.3579878091184554
0.4256880381897552
0.35638125826351946
0.30440835313684717
0.31731085842507323
0.4033119317245317
0.328782803030315
0.47200618225992264
0.3262287227978373
0.3482295038618159
0.3203742958604271
0.30385440727373125
0.39866760761642284
0.45118003813329854
0.3461124562085524
0.4487492552303524
0.43939632798371403
0.3771097685557912
0.3464448499446114
0.35513422579032483
0.33461500076899847
0.28687368592330037
0.4390534512635045
0.394101747757769
0.40019929662171516
0.3274919983612147
0.3447362962146466
0.36693241396210813
0.4169374404594847
0.3695710483219641
0.320369801544047
0.3545009980064762
0.38324912733333466
0.4532317512402386
0.3457585838879272
0.4479432404859656
0.40676089402196536
0.2678586401041596
0.33696872438190906
0.3729888192408291
0.3451358833555227
0.33265477410551425
0.33798963748996746
0.47360800522682706
0.42194922291068615
0.2931310417277244
0.2932604435007701
0.30797478040341053
0.28173656293935306
0.3306664652834504
0.38071328757286554
0.41739807271296375
0.2982535372367715
0.4624786588724941
0.3128347056259828
0.4340977917671584
0.32315944003889846
0.31855440031070364
0.48092518512630517
0.37237733470106066
0.28719864190766786
0.40025701019731885
0.36171825884131165
0.3234937655301471
0.2547744908705531
0.42672471135614626
0.48368440950171615
0.3870728223729964
0.28549651272720655
0.33971924292721184
0.30692293839121826
0.466188025976078
0.33293110869029846
0.478022647390709
0.32244252916026017
0.2541712575185469
0.27611654327980667
0.37808031676531584
0.379816827016945
0.3103000470176648
0.2741026619195059
0.44709675720309056
0.31179836350754114
0.3178965370873886
0.3328070290836511
0.4521782309252188
0.3936409706415262
0.447747859947212
0.3791569481116696
0.35318009867461214
0.3210642329103577
0.38423762432548886
0.28581066849263626
0.3376421307947788
0.47442719634007224
0.3164980792252679
0.357061657714241
0.3951978854142092
0.26149537212852947
0.3922433249160419
0.5187389292970367
0.353821915274141
0.5014710392191758
0.4571133792602399
0.40064146367819226
0.45353565022402115
0.3874561239538198
0.372042283258975
0.4837940788846359
0.4228026583023972
0.4226921583317355
0.4160569185380277
0.38061899125518006
0.3255579357646909
0.4125411790977481
0.30110606833566006
0.36417471764253945
0.3209173432069338
0.22485660784535122
0.350617065981083
0.35003868089222884
0.3449071266618315
0.3533061736825384
0.3833575263484087
0.36485795922825576
0.4039875057791684
0.3579644689755398
0.43736788768670515
0.38164669260721046
0.4163125019805399
0.37679547642812816
0.31048996113540295
0.37669094478830906
0.4810827022680278
0.3325231717423186
0.3403493305216572
0.3615941229620917
0.41099863097834777
0.29862579906013326
0.4391166267596063
0.3890671486923543
0.33508796320892564
0.581840062631577
0.43508410842354156
0.31045890662763886
0.35145411266793025
0.4234610610701953
0.34768830216034646
0.3911942807141701
0.34296683710444753
0.2876311778769002
0.37049501003633195
0.2912753166239449
0.3130490860782319
0.43294712337479063
0.30209116663107016
0.40854897650993627
0.4064034771847067
0.5042982457221638
0.3490363554033647
0.32648160562971806
0.3791527873138676
0.34763176963021264
0.2757176443933741
0.372560270342166
0.3981352854751203
0.40166994404500456
0.40559326574979704
0.3298836823643494
0.3243083495707152
0.29958197076010223
0.34127104195507657
0.4346685316854088
0.5841066719653772
0.3656689070941628
0.24785866486233238
0.38658662976303454
0.3378655496436356
0.33282393969259794
0.3813739852629084
0.27904249972406686
0.34468695419366624
0.3552118103378478
0.3560268479031552
0.44740432711203465
0.3930516516479518
0.356186089651174
0.45016934488767074
0.3224378576025373
0.3066304498354695
0.3565303093643545
0.38889872514565155
0.4261019143139508
0.3540062826135777
0.447342601244371
0.32711131929423
0.33571514121390755
0.44133422156295304
0.41671496734249036
0.37324257433651264
0.3921135034791131
0.35573809575944676
0.3745527747956684
0.4725753982976644
0.4497323363798481
0.46238747198242053
0.35037571454073846
0.36466751124722807
0.31411917433685377
0.38094878812455335
0.3849974411725171
0.3832715079284322
0.29753893426942873
0.4015987924618951
0.4210432047400869
0.4342305319787918
0.32854608415754744
0.29572954016877656
0.4074162456506185
0.3443314990979966
0.3070155484638224
0.3741224642969969
0.3428676207813937
0.24437936120020953
0.28276734692720373
0.43074002835980535
0.2803575094669711
0.3774839772668611
0.3182375486190699
0.44662666088627234
0.39333633114128075
0.31842507342169785
0.3362371445492661
0.45915678779481056
0.32029044461520073
0.2980225387960907
0.3399802749588318
0.4114319104536657
0.4503268660887999
0.40853995647849073
0.4017573372680792
0.5247989501622287
0.36276033639778976
0.338090222587088
0.3150352435955611
0.4316037686212907
0.3369268296526892
0.415745176132705
0.3507799679271828
0.4556263709778206
0.3781632024712181
0.3403258342184247
0.39068820753318134
0.41382424103642546
0.48665349022595505
0.36790119701258056
0.4202373383624573
0.35382460149826117
0.43197898822983305
0.40299424730629607
0.32409060804383427
0.4631818674569895
0.4004013914873815
0.3252115038076018
0.32026131414105363
0.4112898948276176
0.4835503705681335
0.3645358475447305
0.29906876538950006
0.31234117659462013
0.45203676392194914
0.30823251354303993
0.263907072758054
0.4172757549524432
0.29434870671784996
0.3683444133983128
0.3322219903264411
0.40854367679206177
0.3563036786916729
0.33902483146748336
0.39987149221366663
0.30384754204731534
0.3534861609183247
0.31051184786062375
0.4510449759074481
0.3012184164507861
0.3944307464231626
0.3266807617615992
0.4702455782646006
0.529208302774148
0.44398114313128384
0.3527083059782066
0.3128957217977096
0.31467978952623576
0.4131845501412096
0.42370169434504945
0.36409675123884294
0.3840076624261651
0.36872030628724123
0.3877573157109247
0.46686940135631727
0.43567727283762925
0.3614821443970169
0.5609055178417229
0.52080244586399
0.4508036772525719
0.40692380174260695
0.3146133570569436
0.3683778263109748
0.38942007840068665
0.3180883932159661
0.4352407661540542
0.4176952232873326
0.34385733019270914
0.41119216123817903
0.3641564140260769
0.34092772735102733
0.3027180364465335
0.3921975184822839
0.31148064209042203
0.34107776817997626
0.38103655059719327
0.3986009625855187
0.303088738535185
0.3526672789205289
0.47881497494877706
0.33276287592174203
0.3181367389099468
0.42641097983885146
0.36892493290803546
0.4778189499339739
0.31086940229476256
0.3967658383235231
0.34843046680617895
0.4828059503621018
0.40098385386667995
0.28594729890375437
0.3179533797123881
0.33278865742928454
0.4360330336303421
0.4160250165279592
0.2840048662263311
0.28531170439975356
0.297914435313048
0.5048098755223269
0.3573237905924622
0.36390859802661996
0.44089529400858385
0.4675704229134945
0.38221817151537485
0.37352858752690016
0.37185826540394384
0.2721682261095386
0.24852086819006527
0.6240970020526148
0.5248224083286135
0.41212910559285443
0.27487916253043815
0.30118188965861786
0.3731841373260734
0.2561051407750179
0.3498143080546931
0.47741716875390017
0.4198261535257795
0.3756911420009589
0.2947774827242943
0.3651395353913252
0.297827712295994
0.34976935165179507
0.4109902302898469
0.2685894347123843
0.38779473550541876
0.3643952248891153
0.29587334374734503
0.335049476783886
0.4059529423190423
0.35617941490479693
0.4920650447479888
0.41855742701131626
0.23723559694505905
0.3645597982384491
0.40508582133080673
0.3448675029798949
0.29044569157404415
0.41739407092363146
0.3394515994984857
0.405364590938822
0.4426725686529845
0.3580827335162394
0.37829763805119154
0.33587493057621887
0.34630933202517344
0.48898919445038147
0.328041365791645
0.38199124730608974
0.25527019686272007
0.374213949851442
0.2959999643758912
0.4079590799324473
0.26489239225276673
0.35934953833002975
0.3382989193641255
0.4925381069650384
0.4079373173870076
0.3653395227338572
0.34959951537293676
0.4324122783657431
0.3860370619298551
0.3332390260745347
0.3967825004429672
0.3556444279700016
0.3639708157189157
0.3226459812865714
0.4405057469461994
0.3345885082143359
0.37393763861676765
0.39835112169149534
0.33425014051109125
0.4466137933050495
0.37758372117673483
0.2973155021199372
0.3963752003626206
0.42349749990865365
0.3658312395859974
0.3147598729517126
0.36269003992308596
0.43661442103418074
0.30605660817820857
0.34675024831953255
0.36249111402103096
0.36833623760085277
0.28732594979777343
0.33210775270644627
0.44011680619880883
0.4043739941517339
0.383186899262982
0.3269368397934158
0.390065036511278
0.314297918365328
0.38131220771744717
0.2921702381120632
0.3928137753489115
0.3389801339010471
0.3107462313802814
0.5568497839295171
0.37734794678108097
0.4365829797621062
0.39714656336808074
0.38391716950308813
0.3140932434733867
0.3799972962158705
0.3573331159136719
0.40174306855589054
0.45895273709273954
0.3557400369981799
0.2557426335888128
0.421869229879247
0.4394307338895708
0.35974643363486336
0.4268314382599598
0.30494317777718427
0.33950826278634655
0.3726665136714664
0.3563142034037124
0.497231562823173
0.36497858656859045
0.4107011653331233
0.44415657486205207
0.46088191794894695
0.3625843967685802
0.2660527857345875
0.307912364688447
0.32529042286542936
0.3113484148684279
0.36561319925478386
0.42713258034355917
0.3675160985574955
0.31800381366341324
0.3544695993532245
0.2983117112222768
0.32625739811032956
0.305590915445505
0.34097794580003393
0.36548353891629437
0.4280530845232656
0.38031467894333154
0.3650030024815423
0.40932359357880804
0.4435103898220276
0.45268929329793284
0.35346324899147036
0.3713347999481809
0.3032217655154168
0.5226681398371803
0.3133664266269209
0.39180371751833704
0.341148293700849
0.3892504663641329
0.41226272145142007
0.32550846146873097
0.4236444864377195
0.2792815887380491
0.34005564766522567
0.38491349742072956
0.40274630055110766
0.3488868827885784
0.38368147006128767
0.4244436086389139
0.39909725952084046
0.2958787087278569
0.452634254487531
0.38098342968118704
0.34035170305359164
0.42742069634801155
0.43413153907421775
0.36954222061260167
0.3463748886834971
0.45621304278448943
0.308928174793224
0.3660605805755212
0.235352994544337
0.4136733264165689
0.3256781342711131
0.3437115020126608
0.37629048669692267
0.40966861548199734
0.295164399348772
0.34352093772236075
0.4397968820043022
0.2779509795227247
0.28501742822066667
0.3377125145686114
0.42108180116428806
0.4658209871542954
0.31877290659821345
0.33785358831181356
0.40273986780252724
0.3168101727548379
0.2943654179637769
0.37195517967577424
0.45524963878755614
0.2761554970109615
0.4337875698242913
0.34138814823167757
0.3087244033593741
0.3482764743157622
0.357204861582834
0.5328164985098142
0.33070234013470334
0.4301063935925517
0.31908237384251287
0.2682879565868863
0.5004710635022178
0.30013505733871054
0.3951483622324941
0.42361358775439584
0.34566367664118564
0.42088322852353394
0.253147716426551
0.43082861129346667
0.47085437182722445
0.49798643386416414
0.3988547131188114
0.3409810633907667
0.26391438967720127
0.37006186092025284
0.44122266829196977
0.3106867080660338
0.4319638874278571
0.35359172364368935
0.34749902512494146
0.33530736334515165
0.377107348389076
0.36241437782618785
0.5095259423103065
0.24976535966536734
0.24414979625834057
0.3042719150644457
0.3511877411194425
0.35675842217251263
0.3786714052473034
0.350563351175507
0.26780306402692583
0.37171502535737166
0.37599274855241716
0.4521709907013437
0.3815865038826254
0.36087661741263793
0.344476098737853
0.3496750430538413
0.3755588465622247
0.3700784565705171
0.44571923836095245
0.33594593902010694
0.3437299939843275
0.3031199816839698
0.34068508605522185
0.30869546447511514
0.45344662272239183
0.41481229334609165
0.3157690368852342
0.31925647891773606
0.2808991186024805
0.3411220781838708
0.39673348640962475
0.4616138170103711
0.5331366108253097
0.43578896967719216
0.34470953621732564
0.2847688071133448
0.4255309274860487
0.31486309451576827
0.3472802205652662
0.367828377371326
0.3691734214436138
0.3827381452196822
0.41701169146898953
0.3838475030351726
0.32326223969754764
0.33098859849638856
0.351664558932261
0.28325260851345846
0.365603201185511
0.33522396442941443
0.33180071594712013
0.31813990585924623
0.3472564668321906
0.4773531068438612
0.2979984191260957
0.3660108483800163
0.3335944978346694
0.363459378382821
0.4207677768857147
0.3579169333429198
0.29370943990770876
0.3372202579583128
0.5052174782931667
0.415151961174075
0.39053291237259086
0.29960578980428004
0.3343226723751644
0.31017177894613357
0.3212955505622342
0.3705478251616198
0.34148756238664996
0.3535208604933894
0.43649158105727653
0.4115539501053789
0.40621171899105357
0.2946621344114829
0.42288204871612434
0.3271564394337662
0.33805410119701
0.30818929030683256
0.4453086379393194
0.4752494095044575
0.3354600912716611
0.4049621768497127
0.3990025065114354
0.30606726045043264
0.3976684060343759
0.2933764185482542
0.34467607626063546
0.33488352405766075
0.3125800974917324
0.41785074300371267
0.29828878936801806
0.3240739173506294
0.31917881144162324
0.38307820828013356
0.35848545463197506
0.27447854117482
0.35245918337654114
0.3567488063795327
0.3982238906308486
0.357267454615286
0.33590788227885887
0.39080725413695466
0.3546450668949924
0.35069476439208247
0.35702045590955095
0.2616318879039316
0.5174729066584709
0.48374150026692236
0.3971936715626969
0.3429407988076945
0.4859771213263955
0.35143176074135923
0.37333132008611086
0.33504401241358095
0.34081675814898393
0.3008014794315469
0.40634685263538145
0.4035474619044059
0.4276263772971341
0.3420054220290148
0.3537154316774758
0.34439908800750374
0.34922045158267506
0.328168188401926
0.29823593263988046
0.49343710811926494
0.3660537886312821
0.44906950012110136
0.3592451552796949
0.2941334835053102
0.44987091818766733
0.3010969637656913
0.30134452786419075
0.6196325447024739
0.3249541275729891
0.4235831884304721
0.3030718744946797
0.3394999938449735
0.299788315133389
0.28618269798189044
0.3328835068418804
0.325619800243621
0.3137939692770251
0.2888275503949425
0.36136956012340044
0.32506178554403903
0.4837648816562752
0.3510513187221594
0.4383824444473536
0.4311471589065687
0.42196342283089777
0.37098588157916984
0.30344218554179075
0.3324405085280581
0.2948484548658873
0.2905404905525308
0.43711931051901043
0.40354382240189846
0.3050285623500627
0.40128464017268295
0.4711461521569031
0.3579508208245334
0.28000577993542897
0.3294768186139318
0.43632796935152696
0.38352708131794655
0.40168246906223787
0.39653368903926367
0.32602272268871646
0.3607500332108809
0.2656813058979033
0.35937330377462795
0.2985207161616024
0.39406639231586243
0.3703400268836316
0.3726680061540451
0.3848455585898851
0.34978867459028784
0.41435979575320264
0.39249483745100666
0.24349378589709894
0.3350898854925481
0.43736937098073664
0.3670769112866122
0.4445602426340735
0.4218383378608695
0.41480182582709674
0.3808991677146757
0.38490350880761837
