0.33774249002700724
0.33147744921890904
0.39686769413685874
0.4074583258583377
0.5182533329043749
0.48902911849838554
0.5379146364956596
0.41104966562170947
0.36023067246143997
0.38868349013126136
0.2553086942165354
0.3863448348499795
0.3398956926389557
0.3005962858317115
0.32947706164460044
0.34731814396940575
0.284383952413668
0.36845282259633755
0.37130125960482896
0.4015129215221034
0.32038348323898186
0.2855882142399233
0.43135706160891957
0.4719593201238504
0.333906854774219
0.2838031066131774
0.3817807113616947
0.31293860837445797
0.34080763932705527
0.405950398769149
0.3497353579096659
0.33184118804037516
0.36347984627370883
0.4394505625404047
0.4215953362482779
0.4390404840417243
0.33704951929549765
0.3187333094985787
0.32308444947962756
0.3229758000554771
0.3436270173949882
0.3998346292796784
0.3766298655008572
0.4945098968318976
0.357782220362361
0.35442226011373507
0.34334133925627075
0.2982391608509527
0.29743479489748187
0.3652517775156022
0.3461130238779196
0.38044817093001654
0.29574293825089065
0.368828324213986
0.3856496943210061
0.3576634089279281
0.397904057608015
0.42503772100996856
0.3325034873388252
0.33507091217321566
0.4490255026366356
0.3639039521052494
0.28752596761799226
0.2794010874536605
0.4622925278301375
0.3687817187445821
0.2991164718745619
0.37895583692173446
0.2792640187778813
0.3293835654135224
0.39656603747752817
0.33247316046278597
0.31310696096937346
0.3757532129514441
0.3773784853977795
0.29265425569618364
0.35784609847164045
0.31134127432314923
0.4067249636066958
0.3420750614329709
0.33073198197649584
0.41418492851830513
0.3329644250730843
0.3640302710563526
0.2897931325320949
0.45134854816482184
0.36060409313739694
0.4769243314651662
0.38879865679525705
0.4101800116739213
0.3447151833439456
0.43041866593320244
0.33480024925217833
0.4205252219863496
0.34382313968316996
0.30624993379259446
0.3812496377090916
0.3186417570201596
0.416925257177826
0.2907784613614598
0.45088646778948477
0.4394754668620112
0.31744668454082103
0.3492666865764936
0.46215100485203087
0.30224193218368633
0.42277638740989326
0.40006878765264375
0.42666272604155336
0.4499786244428505
0.3568890429378627
0.3493638397423628
0.3164039532883203
0.3573588192912303
0.35625650104266204
0.3782263775362936
0.3227959535990531
0.22264967821149362
0.36430083726793455
0.3084890835460331
0.37691246119238137
0.43820090206795526
0.47964345317316814
0.35346400245877324
0.4437495818777833
0.3897722888435813
0.4371131094297754
0.42055073868014137
0.32466449519154533
0.42670696685206955
0.2976540264936788
0.5767301334370529
0.3638629335389042
0.3626809075463385
0.31386911004803275
0.41666797690771273
0.38822095566605497
0.32889850293677214
0.31084130712059654
0.3403082658765381
0.36478841146435775
0.37602812676062436
0.24378626158894756
0.28757667191520114
0.3001579826450789
0.3362730751982139
0.38874263412225385
0.45743975297305245
0.43553428347526
0.3076337960718749
0.44627956879017755
0.392304713043446
0.36854270498377617
0.3097014030571122
0.3361593083520868
0.3486558456390152
0.3794259483448176
0.4029060255154488
0.4356391188339042
0.33652263047662806
0.3765162270947758
0.36827352896173243
0.3652307129451857
0.355796511770314
0.3559300603337502
0.325427203551361
0.3732192383584351
0.4253675864323866
0.332577989839521
0.38990000084118037
0.2969518428959171
0.4310359250563491
0.4608280721216034
0.38862076870538265
0.3692801964160489
0.38240844276174124
0.3137113235775982
0.44681232846234364
0.48720607250048736
0.30292042389864127
0.34412586284696944
0.48305860938117184
0.40462461418198836
0.36713942224194823
0.3453046392919601
0.3895855544299122
0.31856671833311284
0.40842075836246666
0.43078999410491897
0.3809537783642525
0.3334947483976933
0.4115481891607547
0.43293751987409196
0.38458119801437374
0.3035866929898923
0.23653491100431573
0.31276766923075205
0.38579788751440686
0.39613698956961374
0.49305331756952886
0.36884438724313234
0.3507499319628223
0.3009990499412374
0.34645083765901685
0.3879670225002115
0.3578724051416142
0.41014611623184327
0.4077960055371616
0.3391194620235185
0.4307369333900353
0.3064981879015052
0.3252173603465742
0.3389381718997667
0.43451246451397607
0.36024952811291294
0.420675311053322
0.3492211542353907
0.3345901446467238
0.35454746096045703
0.417989256803461
0.3393023726698043
0.3247330838215115
0.31994990605619283
0.36537377647196506
0.4546450128496777
0.4255547878469297
0.3713338964477571
0.3383246176270823
0.43891191331935736
0.4052398313827495
0.31697776376507464
0.3313022591485964
0.4236997342694326
0.4921780593738904
0.4218687567343541
0.3418883976382522
0.38726545638754856
0.29787150510904276
0.32214523714738363
0.335005289708076
0.3141830295435164
0.4830558773725843
0.3802444818483066
0.3446463900076334
0.29888876389912833
0.3179265504417572
0.3184900981394427
0.2735725014943215
0.3756845382055073
0.37955745049740264
0.3565179637365342
0.3602368325652769
0.34394391916744904
0.3392756081126794
0.5292436843932572
0.416731316060113
0.32401063005481356
0.3783558206249568
0.3392528691195475
0.4544193614212211
0.47009070219593735
0.36840214693747914
0.34666145138959015
0.4326112769695912
0.33552707454987674
0.3819256211187352
0.3786860211549843
0.2754491428118404
0.44252488473880064
0.2993240689510323
0.3130636225045413
0.4521084712041271
0.34441368573912473
0.44610837640620626
0.3628934519150289
0.3062830973653901
0.27808498130924886
0.30087140249577754
0.4118744356663608
0.4230793684752439
0.5159667393678723
0.3123870377841879
0.20855864749983385
0.40692717502492803
0.38758930086966825
0.34067876913680867
0.29772917102591473
0.3173733435340772
0.3889414089225543
0.3125606328751151
0.4304782391677221
0.3785497443973693
0.305330625035672
0.37056986376763124
0.3793781081908784
0.40726278429729673
0.2544596724064069
0.3376927044314813
0.39478354495099416
0.31097984101926046
0.4485894217443491
0.39785754105204585
0.4077809292899996
0.3358071428780359
0.3482466860171538
0.43269766346116184
0.29706672432682063
0.35687935309834906
0.3569407284672213
0.33880132052701795
0.3677863278959681
0.33567894586792973
0.34033169751509496
0.3577967854733922
0.35178467663530516
0.28603625281131717
0.35026313273642545
0.33990516546002364
0.49993780785568065
0.34643188688839904
0.38485102583745784
0.3435206610077665
0.3841082738465362
0.41701901468715935
0.33888129141662277
0.4508342160126264
0.4078415192971826
0.2813964153416293
0.43073076895076295
0.33683008012052934
0.2754758494834024
0.41138358110931067
0.33886650986373823
0.3617493398135196
0.4363216234851363
0.40905455389029166
0.4802248318875652
0.34863111013059184
0.3089857788532733
0.30390079263420305
0.4930174799391452
0.3585974735174264
0.29291651239800265
0.35138891220911905
0.43883913056391743
0.37363719651958505
0.30988025351514065
0.309669373019101
0.27031219512887217
0.3605059448392777
0.42061881809590457
0.36574821101864496
0.38884713441140656
0.36345356315976673
0.4171512806841634
0.4053000468561424
0.31483664057781857
0.46149502257546426
0.323858540691028
0.3837747071531582
0.36518288155209755
0.32253420325526355
0.3442038263818005
0.3024109730707509
0.37038115771786506
0.4434779097887222
0.40722550823805936
0.36772118389555114
0.3686143747789616
0.47307374058785434
0.36984906668797163
0.3209888006207078
0.4256722596395492
0.3136218045605204
0.4048695158211505
0.310343824693024
0.3399712259789768
0.3385999752583785
0.2760932262022515
0.4834698569095945
0.2394307213585842
0.31589166264379315
0.30235777419575205
0.4297407399466002
0.3294346101311085
0.5150241982647632
0.42420742086244423
0.3406539570302754
0.3589462210026825
0.4403773329240397
0.3709951962812231
0.3418860550927462
0.3940324629846352
0.3805386007728532
0.31032179643835595
0.47464153047092933
0.36148653629906513
0.318830128340472
0.40446655526343694
0.3382201134392697
0.4226424478377464
0.522352624705062
0.3461125080494622
0.34267778529784654
0.3715490564431496
0.3142625295834997
0.28561681986437715
0.41904785801639954
0.3793319242230517
0.4322080620296242
0.32698540449598484
0.27737629314424905
0.39186219200515937
0.31971441168601533
0.4498615107517263
0.3015857000885682
0.3791346449587139
0.40492579440923304
0.46591417125936246
0.4775844990606707
0.43975806622248165
0.35244931300382726
0.3229984901854987
0.28792418031510303
0.40149948260024676
0.29916240475671735
0.3592338798520356
0.32354990164549513
0.3593869839019769
0.3242516852542575
0.41549915705900436
0.3179878744001601
0.36808332996000964
0.3696205335225816
0.3768731420655653
0.3189042036106935
0.3087361242759229
0.4175140539208248
0.32045599802096114
0.42198841786551183
0.44580000381051516
0.3289209569426435
0.32923935585607766
0.4915194178941121
0.4473452945605254
0.38361986517790087
0.33925009446240084
0.38826725793648903
0.3720873432451089
0.38360026210958365
0.386683305410353
0.29792588525473024
0.31925893036589764
0.3079153062765445
0.31257136791040213
0.35727844336353043
0.3442445250720352
0.3885270468048024
0.3653611815495121
0.3768455437220147
0.3650817049874776
0.4213792183728229
0.3478874794100611
0.3907610728105289
0.3618928914891272
0.3432843555401203
0.325853670789245
0.2778240940082779
0.2819027456916703
0.3311296793343143
0.3886119766427917
0.3858447788491049
0.34394526201587466
0.3495282415053146
0.35489640804953193
0.41020517652875577
0.40493587324151664
0.3524957760333469
0.3100713428661204
0.2639508245182654
0.3261481345836701
0.29708108707219616
0.3917557214947939
0.34713281073100805
0.37910430789665317
0.29408868901520496
0.4107150503869255
0.3279803001749668
0.30452775559276907
0.35126548705771626
0.34385232625844053
0.3052384270962787
0.3624220367389021
0.4340089630040951
0.4241443701508135
0.3021336515018012
0.3661840783465886
0.40847881313419854
0.3221078297928198
0.3285032796213698
0.29852985059872056
0.39712630488246004
0.293785800923075
0.3867645453024506
0.28255839552611506
0.39025518075586324
0.2772440803242397
0.3100041807444379
0.4834084777575985
0.39150294223743054
0.416606673801878
0.4168983730745686
0.44095335547232073
0.34452582947402166
0.295385211948429
0.28496481170501525
0.39948960881986484
0.45198071064793854
0.33329075778012784
0.31348745209180273
0.423287936537495
0.40375849958042903
0.4051340429304501
0.4093626063999525
0.3652845426905353
0.39311800496376
0.28597709751306727
0.3318608141617069
0.38356275724702554
0.3292013449826577
0.4023142257075686
0.30966252232150004
0.4204145044686123
0.33909155577641437
0.2955808103949316
0.4487560527632038
0.3115169760581564
0.39244701862224773
0.3974152920704325
0.4505975302969128
0.4523849067406786
0.3494839780872318
0.42094534339419964
0.34861922470146833
0.3679816295811803
0.27248220170939064
0.3686305136793748
0.3965915632579376
0.3144660325176873
0.38748730888634275
0.37801207304673307
0.29435347280816865
0.32212119230150377
0.342747991396149
0.4131313360324023
0.2868283362983395
0.2881189844444284
0.399697905288635
0.5246687240157981
0.3324731469026215
0.32143137064891897
0.3202151992385606
0.3991937460117037
0.4409073494912596
0.39140605948257257
0.33524183509815286
0.3265001296151586
0.3115807249243429
0.3185824019170176
0.42491279052953085
0.4179367528910133
0.3073118309821996
0.304850013775719
0.45680255000305353
0.41367679310312594
0.32778598539693926
0.40660114211472403
0.3713629085639124
0.4835273885763777
0.35303739515756366
0.2941585596186973
0.33897737602242073
0.3030920076276598
0.28297034085000233
0.41047103711375915
0.3782538799295088
0.32400833066174645
0.3845743010660009
0.33791003978450573
0.4116335104805237
0.36332971095207955
0.3484266313707301
0.30185061123013185
0.279787054418075
0.3736311860771758
0.26525458875511265
0.40085321139906593
0.3464595312654957
0.34070317802468597
0.46269979526632876
0.38238330860059716
0.2740963599468846
0.415948805990943
0.46572985088948854
0.33421017187261326
0.3065676494135527
0.30459995128858236
0.3365665248083774
0.2734723716740701
0.30360977930343663
0.3921177210131837
0.24671405332902266
0.35512058342621416
0.32715387585776207
0.4918053346737965
0.4617160527978955
0.45240298747925856
0.3560909177029702
0.4492946709522719
0.39783719794434713
0.43193250321830967
0.31031912547688656
0.29914062463884844
0.384593838067969
0.3629578651576399
0.29430938687149366
0.4505971991284625
0.37819159141726494
0.3117253874748061
0.47319063781488174
0.3547235766906778
0.30064332476144573
0.31637938136911675
0.37193207162684805
0.3319227669139653
0.4619828044750443
0.3421370634230964
0.41271512613794814
0.3777365735350392
0.3811457508521554
0.35303622834893056
0.2788857646523238
0.3977655035815691
0.39107251865804493
0.3828968786969994
0.3563472985930138
0.3930964653844916
0.3821852637348783
0.41762452897808305
0.39938608913967644
0.42174186800718994
0.345121398111789
0.3878657250049567
0.2832778331611153
0.34726129005028983
0.3550678081150011
0.38286010595393677
0.2959229594847514
0.4137533401158442
0.4315551521921262
0.32368763626454233
0.2945699105131816
0.41319592627641005
0.34872979583687286
0.45435058814128154
0.6238954788496789
0.2371930823989657
0.3241872073308816
0.3360152675376044
0.4253168542179276
0.44963813995037133
0.6190168411940302
0.24996361412395338
0.370909100027654
0.4006134976282579
0.47160851173236534
0.37357274524248396
0.380732297241218
0.29071168545364845
0.427151986952429
0.32001975608388
0.29539972895242644
0.302265379665939
0.3594357847297161
0.2900834540378829
0.31557648008656686
0.3337530995821055
0.3274434692604342
0.45997270265339885
0.3463054094917186
0.4113633387528177
0.29912868850696417
0.34181332769972034
0.3029529719755837
0.27669434993555625
0.42033495368483675
0.26350840142882853
0.41248867136653
0.3303924942890599
0.3662676515869681
0.5015369389710449
0.4432689009740252
0.36983959400663946
0.3455824407733149
0.4356331384368964
0.3422855262053985
0.43062605703305046
0.3959253317405297
0.33422942756316376
0.43442521964097924
0.45575271496960096
0.28635884616277796
0.3009551363375221
0.4206321618385216
0.39218620855106834
0.3960794764427634
0.34058735023915626
0.37667584339806043
0.46667903586169096
0.35044909681606723
0.3533582005596816
0.3280672169794558
0.4465503191032184
0.3471264292233986
0.3420749106935036
0.3844899936385848
0.42376884948186694
0.31012599265565355
0.37092188673337984
0.38863135526250087
0.2887035302962663
0.32816856185915827
0.2806963011521047
0.4112139801623939
0.41332173488264073
0.34952997058757274
0.35724335011808633
0.28954922992044
0.24343033992756954
0.4109420359412137
0.3569474614766258
0.33195562013103513
0.3926041821229453
0.29746465562577
0.4201595877845953
0.38383825199357785
0.4233463754849788
0.2939366723042756
0.41093709873561146
0.25959683663994787
0.4539243850449693
0.46138263249423533
0.3131726996248536
0.3726340836649752
0.4278923116649252
0.2946315053523289
0.3688842393012989
0.4456871683312284
0.43862197318058177
0.408723822084008
0.41971657211242114
0.2496006775232201
0.36514284921947754
0.4774390107307075
0.29561640382361665
0.3518643903928953
0.3147078885198508
0.38031793225052807
0.5610932681717272
0.28904774102554265
0.33066288918102815
0.31102415770604075
0.3658254357974736
0.40681618198575076
0.32364964053613293
0.41477083237728546
0.5038239045539941
0.38270827132786767
0.35039613735865544
0.49202324324263647
0.3637814228771842
0.33063599514908365
0.37560357421816537
0.298154520653598
0.48072360553502785
0.30746376070835835
0.42374858645502433
0.2952095507455258
0.4217403089108895
0.42092079118690234
0.34993717714903716
0.4009513494681304
0.4443109811222956
0.44490488459300526
0.40245038154633067
0.32609256035074013
0.4306505119475516
0.47630438602474506
0.2979120788363667
0.4071587929599227
0.41591470893190396
0.29092641155231075
0.3591480741344784
0.44924851956912426
0.3415817852286214
0.4514316787993289
0.410949655386107
0.3322210368034654
0.409860993394955
0.3611816167942129
0.352678287319636
0.4234318728924593
0.42763217372701723
0.3664783440223855
0.3729984798421672
0.5817107842292596
0.3723928394578849
0.38088265818160755
0.30616912337525953
0.3565232714435308
0.3429174773034169
0.35245717734940735
0.3921873515593618
0.45923580277548237
0.36381551331502693
0.40646886124656645
0.4208615605758926
0.3404152836074662
0.3115579928030337
0.4171066443594232
0.39879010346002197
0.34169248859396956
0.2560671424023405
0.45262361964625486
0.21617692931660062
0.3934505176047697
0.33058263851079744
0.30515577015438844
0.3605193953720259
0.3461497108061252
0.4411358201045839
0.5288263323711818
0.3098772060049209
0.31428030420663666
0.36208809645545575
0.36730025408416517
0.44760762246522434
0.4258732096466881
0.37425080871174915
0.2775198060244724
0.3200057210593694
0.3728174102645646
0.34567677007044384
0.4858762606852922
0.31919793535720636
0.3484606087080192
0.3624429922203745
0.43472068940900455
0.34525435486316197
0.48158351419104667
0.3895648843288786
0.2844575289695009
0.4018496991866743
0.3925167145159307
0.35682063654982243
0.328588141411228
0.4239294585727622
0.41084283955136136
0.2480239786414395
0.3019028287062697
0.2559786424243282
0.3181192975148879
0.38991854657042535
0.3395871699193085
0.3563008402543258
0.3677394857112372
0.4538322968166279
0.3235982275681223
0.3726642873897519
0.2998677895130541
0.3986361843451938
0.3087780843341643
0.3541107752740539
0.3556261874027128
0.3863090517815589
0.2759266818367854
0.3783660100108667
0.4664834830540969
0.4429153304789443
0.36906849709121875
0.39794174581868946
0.32049838332672914
0.24313786211454466
0.28721117091530884
0.3407244065544012
0.4173710683813254
0.4138571966639825
0.4053659697309764
0.4472441229217129
0.31374145346311866
0.3175867159913148
0.28746222613282224
0.3815425980462778
0.362235845667718
0.30454243999022534
0.3756813853879456
0.29285567513063465
0.3002545789418551
0.3409190574172984
0.3814561210269642
0.3166064638442906
0.36048273517646456
0.4139546293736578
0.31792232436140827
0.3288140589006122
0.4338494295459595
0.5096787758395458
0.42816213365803213
0.3228755032868186
0.37266425268098463
0.35100906417157246
0.3472543387876446
0.31053955827126445
0.35358933072969567
0.3546963886771924
0.4338759819736943
0.3320240120906822
0.3408035815795242
0.474784018340852
0.3350176657019184
0.31425026161635733
0.3637813887087009
0.3590542348541175
0.3407916236266455
0.30523275956803
0.33411182946002915
0.4166778601396577
0.2243633615947348
0.38822590359069836
0.28978314605818506
0.34320388935398294
0.37997327739505155
0.3391140594177266
0.34481563502910606
0.3175462846386263
0.36683962964670114
0.30748816309159
0.35816143392526856
0.39005743289619244
0.4490716661320184
0.5034852352232282
0.4010010826035659
0.2901644052325229
0.33740785718443833
0.318133385097075
0.35992478145433787
0.3375232448042504
0.26065059896735343
0.4333724567093538
0.32900139710606613
0.39861536130740444
0.360366790784846
0.28565837582424114
0.3143438357138876
0.40271472371617856
0.3695100765002868
0.2546111250681023
0.42340399591577826
0.3095286469708633
0.37999217421790493
0.34008283435577885
0.4915250754575072
0.3432376538028179
0.3324416576516569
0.3528931547165399
0.35009080081791666
0.4413539163026496
0.40225478878907134
0.3723979894746184
0.38577374336659687
0.3176171569851734
0.36485524046539336
0.30146701756669014
0.42179082446180316
0.4697958231683965
0.45641495428055295
0.36222709779313866
0.3391764585183376
0.4158585119663389
0.45816720190391974
0.35586938123437273
0.331466648221231
0.3718223185639325
0.27872264920741835
0.28807323769136595
0.3351561698704844
0.4060590119752648
0.3949725723840375
0.3823006759029299
0.2475679817625193
0.313075646786749
0.36381259029097485
0.3267444972992908
0.5060310628476034
0.3310827855762003
0.20022938492098222
0.28837473779172085
0.3094611989530997
0.41652984088521733
0.2636684344515289
0.344507248403254
0.38451333584975383
0.3453250137244026
0.4169261152354784
0.401496267836722
0.4106734684661549
0.37776131265470697
0.2859055433864938
0.38904274378651593
0.25287436472198055
0.3396519116867955
0.3322285394189236
0.4837365876047028
0.3399028677012303
0.3484233235241147
0.3622956434156181
0.3266532046999845
0.3898789734575977
0.39072328658247635
0.349530212083334
0.43684561318562204
0.2814361784769768
0.3809007989484911
0.3042604389552236
0.33252518367646144
0.3024739346063664
0.37031625817698904
0.3052517805126848
0.31278462846955113
0.26540413847066485
0.5841336267036653
0.2678627898253802
0.33720104630708697
0.3905709846733964
0.27873191314636847
0.4475699398284605
0.5226437786768352
0.4468636053199881
0.2974819614982286
0.42606686053364956
0.43966648180603457
0.36264258902194213
0.31272449430302846
0.4148618263849792
0.35324611003907713
0.29545486375311714
0.4707805397142748
0.38852648293713243
0.4436054091818661
0.33773033139770653
0.4255832533267602
0.32536771562327343
0.3495327025711876
0.44053781029867456
0.39617767798297027
0.42320811457121565
0.43606110622445077
0.3375108116391476
0.3529691803940059
0.3254946770156311
0.334085324563806
0.36228455106417445
0.3493961340841771
0.37717087964831747
0.29328555665416306
0.3250430416779293
0.4409543758062914
0.3796909772119366
0.33434815181430033
0.27563071380691373
0.458749053835126
0.32085639226527074
0.3481548863831006
0.304311337988525
0.29187420291978694
0.41146152218148946
0.4370958482662792
0.4139612070204131
0.39371334553080134
0.321610228898403
0.3425697349963386
0.39993657084466205
0.39131733715266254
0.28604801883980346
0.43524662423205907
0.31892394422394765
0.3774392117636288
0.23778471988467584
0.33752301432993476
0.36293675670501974
0.3504629203395743
0.3645582017070117
0.3029383706352152
0.3180602763156834
0.3951834580024968
0.32943041642286275
0.3250701178131037
0.3885661049862298
0.367182829194547
0.3728412093874601
0.4028799600953121
0.3893472786052491
0.2645794728022274
0.416136725399761
0.5201795239130995
0.3173382440259916
0.37030419013472343
0.444512333854421
0.4063462189089745
0.445525119107727
0.3846587830289729
0.3168687179271619
0.3538321823960191
0.3967844713490744
0.2809274206539102
0.48567344063432816
0.38917114256017393
0.3541742538270742
0.4156513364706276
0.3261532934079092
0.4383592069584473
0.39019883209402695
0.42680099771935115
0.532769642726506
0.2918758147106575
0.34276338742056334
0.38565796040569145
0.292152196807931
0.35331233488741054
0.3688284132729341
0.3379738349051227
0.3592271815321358
0.341336761382388
0.41148388679802195
0.31742433228091593
0.33679674858060427
0.40309085639577047
0.31555495736689826
0.3374297786032171
0.3874455090191839
0.47901434075234006
0.3828807018066514
0.41283583062499013
0.40160477085931884
0.38689082513545986
0.49170317967325633
0.38150241853580674
0.3434851431750143
0.30383724275857543
0.5567176219751633
0.3682967932171774
0.3552309867526724
0.29699404134314866
0.30283242992720644
0.47745016612939745
0.36989932745430054
0.2990887456661122
0.33616023867219563
0.474314425240359
0.2613729351555327
0.29792878788886995
0.3642732887933416
0.30008281592681574
0.4362031791878955
0.2715489439625554
0.2930162916664311
0.3296739536115966
0.48284788517953564
0.289069101864966
0.36847200536503893
0.44423620522820095
0.3113468503503232
0.2711299386932522
0.3959541115043601
0.30091546039188805
0.35573495857252707
0.2675896686676368
0.31641051338579806
0.3419002746561025
0.4379491132757389
0.4586993343265051
0.497201529750148
0.32578656423898783
0.3737996103964783
0.3415639717757708
0.3891025658118128
0.41315170392551387
0.32382919353269496
0.357207388159431
0.2844284898957171
0.3986383819310119
0.3499095774677589
0.37788284448236653
0.3162389339622844
0.3082689323266951
0.34990524884320046
0.4252029613299271
0.33559541489222733
0.2975076780757878
0.37133201909364594
0.3511520930186967
0.40669881299201915
0.39837204846086627
0.33483705688251986
0.4150282365616851
0.350841347320091
0.36948856139575764
0.41494282811292893
0.3696504336397445
0.3583834756494857
0.3892070555775443
0.34335694714923404
0.2826467757359419
0.2573069809668129
0.47797183052984726
0.2838742914501538
0.33508881240667276
0.3474052842579412
0.4167694083804675
0.35538478242012106
0.2865031188417167
0.4530295617752869
0.2752563982964696
0.32848118986967584
0.3159239375024785
0.35511155064773714
0.33262037797058236
0.3338626311707719
0.38441399624014694
0.42236470848760654
0.41357403767156786
0.286971064516419
0.35596278928745206
0.3145100179552051
0.25402777947767374
0.49684251775414684
0.33987812573015846
0.35942020994405915
0.36052910688744905
0.29869001639725923
0.332306369707427
0.38299287279547817
0.35365715752438426
0.41055509071238483
0.2937673319184662
0.392885270500787
0.3752426003529166
0.43900535956494974
0.4467711476466872
0.273207277250171
0.44677637193486913
0.3734725823556393
0.3346649650854518
0.37496201489268643
0.3941817145755624
0.3492213299500945
0.5246175080568377
0.328628771360381
0.34504128605466383
0.30591881347768307
0.4811395410237039
0.41755463989762054
0.37212575066563597
0.34701606708417443
0.26683706834290893
0.3249603132121423
0.322155127899507
0.2744703408321748
0.49080684100651617
0.2988578970474467
0.3324521446589753
0.3585354396368987
0.3624068521856954
0.5329380186529725
0.26785512825002517
0.4033789785164595
0.4355678487820408
0.3656791391522216
0.353633837665636
0.3067608703250358
0.3650980210585389
0.38950775221139805
0.3400598027881701
0.3280321796226652
0.43168994912559616
0.42304949989829616
0.31401233429666103
0.3546189523491305
0.4030891585359905
0.3133265499482348
0.3351803810248195
0.35211828861370253
0.3934518076000226
0.4156327183312476
0.3077012205971862
0.3256459150127989
0.30452300792686676
0.38164941495230753
0.36577847794548163
0.36995268038339174
0.3243963654384943
0.35201055681329696
0.333152194003589
0.3594688967702044
0.2851701732209584
0.3872633485418057
0.5555415846777857
0.42698668445512983
0.3256621439907663
0.35271606988794607
0.3808400319713022
0.33236182087638977
0.3553726262085204
0.43537465799031483
0.343437806186237
0.3107702289370113
0.3441561936838651
0.37786901715835824
0.3046652327092259
0.48605651182531995
0.3811344387374371
0.23526006489735768
0.33608708737148035
0.37709588389637405
0.44561987050608687
0.3748042537864276
0.35035238437902705
0.3096274901220808
