0.39386436051828166
0.35994303189661947
0.38360611931594035
0.36731194743510587
0.3852038638680629
0.3843498745698275
0.28979912842476957
0.43390131642494756
0.3229944450582458
0.4274008961934321
0.4807575388891164
0.4146456151733769
0.26239972092643754
0.3445697559134864
0.27585815705621886
0.3456471716030116
0.44516421230733966
0.3308083186290354
0.29458827167808777
0.34300200752769955
0.3413654594917409
0.30015719990512585
0.43696810055910457
0.29447398580110984
0.45995889662367745
0.35562231712037606
0.3272946366988472
0.29563995014130345
0.34280029142938645
0.33276196868413743
0.3972618919641116
0.3604518074204588
0.36737094203771564
0.317279160680749
0.40459119439296076
0.2912598109960894
0.4504239414432403
0.4503440008892607
0.3308589957775586
0.48207592074650285
0.35157171282675725
0.40232034183932364
0.44540588606573683
0.3377552636959152
0.3390551678823677
0.3909608982895241
0.3752271773057397
0.36212712828876814
0.3158637900780624
0.27366113143306575
0.29453624716839066
0.3868669319561658
0.2225168694297859
0.42543098531715334
0.42040091131825436
0.3332006662544174
0.37689845491021357
0.33927001380499733
0.4308201291961565
0.3447173162169446
0.3088347120503501
0.2806267670304477
0.32937019989224214
0.44193140335870945
0.3978905603226807
0.3159788954666445
0.37745570213393725
0.42022739315503616
0.40026432391838346
0.4201916171346324
0.30306157760123825
0.32184496718332717
0.3484850538874829
0.3533982953067131
0.46041586079629654
0.277268562650612
0.4250426148904568
0.3547699374854319
0.4200741416331947
0.3162937766412225
0.37820897215134386
0.29388871716909476
0.2882139623677331
0.4085131644648767
0.38121098885969323
0.365874393799142
0.4387077279335333
0.34940562881728526
0.5839972619445145
0.3083543281958969
0.38840766798092086
0.2840740448197203
0.409275470195646
0.25167446262184867
0.4784685739487126
0.33871004307645036
0.33676659315635166
0.32500127353931973
0.5813352176863742
0.2776005751865146
0.3229657560665104
0.358680272189206
0.3770316978675043
0.3810192272737856
0.3201219430137944
0.31168876683943764
0.39726873605183116
0.3835338415036352
0.45533471658325814
0.4302068537924004
0.34052955728655065
0.3794563456469888
0.3525809241087549
0.4121337523153161
0.35805564876159657
0.31697000608901077
0.2358510405231368
0.37300074062710975
0.3841906590384858
0.3345016053901577
0.32468458733911226
0.34558866656490805
0.33465174745638815
0.3762365506192439
0.3799298644853544
0.5310237402833656
0.33344989984687834
0.25377053143477873
0.44894070304131134
0.3830174381284394
0.4058889116598112
0.3596772852087737
0.4054685849200767
0.3951167708070332
0.43392488466614193
0.5096528669630184
0.3479879052594047
0.36743951991426765
0.30240918005174594
0.37830970674886355
0.3326910302590578
0.35164444463720884
0.32409489978200606
0.3747642705539826
0.42681718179229927
0.2965594720632782
0.38095772934110356
0.3244051953496401
0.19763958500428147
0.37931956038794595
0.43567690872181414
0.3410268936710866
0.3946623030948056
0.2625403507362939
0.45550351250831844
0.4460024220582246
0.4861894974462072
0.28683122775931347
0.2741165495138793
0.31912392832957553
0.46999007535235715
0.35000451018014134
0.39453929106028446
0.4149547231740559
0.3666915365554198
0.47899296762200716
0.4208865446377767
0.3430315353713309
0.3090482529791894
0.3322284700365518
0.3978066942209082
0.2933905220945948
0.41542309808277345
0.48872081712952103
0.40965218174279205
0.4065205828462261
0.446876959866493
0.3253920800861944
0.408049982294158
0.30176714747809996
0.3692871546690116
0.3581112312856049
0.3549611019992879
0.329266306967737
0.3761130726473118
0.3373470422489256
0.3272240320297699
0.40764716201571166
0.32409712118805006
0.34420670873587056
0.3511949477438903
0.3531663931317296
0.30293659069901846
0.32416484247502725
0.30646356753126175
0.3343764068155788
0.34101849185001576
0.33243439957201754
0.35788688255933054
0.3748689988335183
0.3765022278997383
0.3435316515264469
0.405537517253282
0.31871543706056765
0.41687042833645827
0.3307805434679188
0.44463887032071114
0.35206609897786356
0.32956576989588504
0.3334915616862541
0.3630548354850126
0.31887864118504083
0.33777869965320556
0.29294676186156154
0.49239024223094285
0.4169736850899783
0.3205922083705313
0.44868116938295405
0.46290693965090984
0.3704295104550129
0.3915063504096009
0.36811676271841937
0.369990669080155
0.4088140411740506
0.36040087902772616
0.338409374227681
0.28348667569498287
0.31218724228077027
0.35174600548382073
0.32162348327456014
0.29352507174027054
0.36937460310368675
0.4823664528099536
0.33821128134333667
0.34519787002449126
0.2843577866920374
0.3231326600471447
0.3492720996421429
0.3715932916321845
0.3505065267697984
0.3410687335856913
0.4981064136791761
0.31582071635676173
0.3944284846683951
0.3641285965619759
0.4624813734148657
0.25685189463187
0.4002939967787549
0.3415782187465549
0.34124020973526825
0.30995217454984775
0.23970467409941598
0.33006839938719357
0.3952730152609919
0.3327577151676251
0.292084762060625
0.3695378780808313
0.4567204244034184
0.3976829698696472
0.3483939072815478
0.31172770933025645
0.3566622491516877
0.5221929747144777
0.31430932475208906
0.34163985341349384
0.3323574061314333
0.3773267391159873
0.4224652794057972
0.4229247175092118
0.36500764852652745
0.36600867669758497
0.4397540834754591
0.2999885962738211
0.3898104102494515
0.3215657513280051
0.31558018406093424
0.44939296187124217
0.40998761746186924
0.3378284527114429
0.37536365209960654
0.29837805508369375
0.4485177681023825
0.3450760560146987
0.33672967679698346
0.4424520877929904
0.3051416456102365
0.3739491136317802
0.3247648124897968
0.3495594737746281
0.40561828107675474
0.35417016189415856
0.3398013378868067
0.5266989051377836
0.25510576838695476
0.40935302737891915
0.4007280420717378
0.47274140097652106
0.374818835405472
0.3776490819581449
0.4602797504434166
0.24499430954848087
0.3242770204211707
0.2999760227533812
0.27632379120474376
0.3155088088911538
0.44361562247317465
0.3489810243396995
0.4515905167796751
0.3078549862055794
0.3838634033709962
0.3869794199911876
0.4507586741005695
0.40252385095961185
0.3871477843795214
0.399368611827449
0.33129769370960044
0.28307970139158084
0.4107551069562987
0.3350600180468312
0.49036087647810234
0.33353678964192207
0.2771157299175731
0.354516935573614
0.375114187777984
0.3103659436914388
0.37911800421818764
0.30804306568402157
0.3606145598119593
0.3047993397759509
0.3910778709631608
0.31299393045946616
0.3429027286684969
0.4268374489032458
0.3377823296778497
0.33097207029407694
0.42561428766492215
0.35680417633184497
0.4258223165099264
0.32005474969308984
0.33700180986183137
0.38532951304233826
0.4027829768047893
0.3701009304958875
0.41363417095196153
0.3483028094190769
0.43589348295540725
0.3054746887963019
0.37251993552063883
0.38456036690705553
0.39136396153172104
0.4088566440604348
0.49082010528831826
0.32742711936988883
0.27074839271387524
0.329377022745076
0.4422446144242216
0.4328984707518174
0.4224147785645765
0.26496476630474686
0.37971894681580093
0.36278102197634887
0.43913032473614044
0.31111921545203214
0.3584914033458809
0.4132751711618065
0.3771998404114616
0.4520261929372243
0.3076914996048963
0.33049185173768564
0.35310909113384414
0.3460755900558301
0.5178812047250367
0.33008707138690657
0.3124824210105825
0.4550246503715251
0.3666759861664063
0.3590650609158675
0.39232081745073655
0.3008759678984921
0.36954699803132907
0.2890188389385862
0.3743064296189097
0.3876796141775095
0.4228065814880443
0.3219554109943191
0.3672572841768375
0.31462948136892405
0.3514758963457531
0.40051007196236815
0.44197103500912555
0.3411345137099027
0.3593117542142317
0.32583929618937535
0.38755207166832034
0.42176555097168267
0.43400067177436935
0.498129004124198
0.38912676473061275
0.41996691856424395
0.33587821873273777
0.36114235035569964
0.5021134660775238
0.32432043764341656
0.3928426137754748
0.3625314877034498
0.38454292765547005
0.36681623569157645
0.38246333752506595
0.36221309082363734
0.43898912523346495
0.33397957546156554
0.3376345704415212
0.4112625619263729
0.4268739944790241
0.2942407510563538
0.4595480854969827
0.3008673250016713
0.31073114640772376
0.38555219105415567
0.3530063022411238
0.3980980645623196
0.35899454598786074
0.41293254130496715
0.3108404491214832
0.3635501319368012
0.35344459195394423
0.2466290506610514
0.30580825720716365
0.4339043942337416
0.4604140922381181
0.3320843515103171
0.305607859297615
0.29636610723165896
0.3206406458667607
0.3578160046720766
0.30039190257584103
0.3664914779970698
0.2767251641660694
0.3118492021386134
0.3255603074492935
0.3675957415458139
0.23551439660554793
0.30805849158357207
0.3950050420745857
0.3166074767970159
0.2980244339921024
0.3054792100160149
0.35490029258870504
0.3646865893065921
0.2912608949467263
0.41479116953994444
0.44542833480092353
0.3551094651857265
0.4371041102003117
0.3954342761105759
0.4107635989470926
0.401890467549902
0.2940186760538395
0.3506052014750124
0.3587825418225272
0.4140527847902125
0.3529117328970972
0.3924918770333695
0.382838421952657
0.44444907430221153
0.3666538064054352
0.3123620149227128
0.43479588464755464
0.34079402119724284
0.3629886267784025
0.4798485519602942
0.34681648721877906
0.42086075282914154
0.2822795898323072
0.4583909097856058
0.4120854078361683
0.38159600388876813
0.3877697134140268
0.4659977425140312
0.2804139826924349
0.3598020163922434
0.3834092108367729
0.28783561866602997
0.3111697188339046
0.2974748849858233
0.4173307414581924
0.46385910390544427
0.4095695578007712
0.3532645216298074
0.33317502145697747
0.27577265153316205
0.35901484796411215
0.3857549734412757
0.33617700776178144
0.37628362501218693
0.3984193884485247
0.3113454299959545
0.4060821504111652
0.5087525278408913
0.293463950698982
0.3415895343107597
0.4437185272319188
0.32981124413447477
0.5238602652070238
0.42338534018063373
0.5207759623551204
0.405271817103738
0.3462092076868092
0.3174436136438557
0.3952502294456642
0.35405066213389125
0.3323397338052196
0.45806625178141736
0.4295469902112998
0.28344676220950643
0.22226081347993046
0.2756434448347544
0.34889249413781764
0.2945302161102368
0.3569438530391613
0.3420889931524676
0.346066647121619
0.31167326814033386
0.3430683744914567
0.30502378769888266
0.3607891449545368
0.3287173067444864
0.2970746302413636
0.4393419441697474
0.34550418606876976
0.35771737658541325
0.38074466135952
0.2996411730916735
0.34856477773934746
0.23454266665193643
0.3207177339201356
0.3526693434043482
0.30792342900523945
0.44902445449823397
0.2943012744934646
0.33342277996649244
0.28246521359282556
0.4320563228949958
0.44808286413279047
0.2865212677550242
0.36393740807150565
0.3632531350014235
0.4012738437531408
0.3524109521755809
0.45464369352877354
0.35107799270222584
0.33744976934335563
0.2943004008970266
0.40642694444978694
0.4376117266412443
0.3871236088826848
0.4450677438786886
0.33795535091450524
0.3030617045912153
0.3425864373285632
0.36371804013827363
0.399188415393803
0.4911393473432183
0.4107737142584231
0.3974506435396148
0.4809481471515601
0.4512659184986881
0.30545242759420166
0.3860413892177353
0.3212292766800644
0.3026499950140367
0.3498236912142061
0.24218205313050925
0.3996789271282913
0.41854472937951437
0.4880159260048004
0.3153752281383325
0.3673676062435586
0.31469370690788423
0.30587101882623785
0.3348932850429122
0.39675624559861716
0.3414331735506491
0.29560719921133105
0.2779920553968486
0.3191813723779491
0.399594526970932
0.3294707327449856
0.338245614958681
0.37000133342251273
0.46558201806151855
0.43481842548563066
0.38569298515885525
0.4012936993755394
0.44969478538035507
0.3302566619477322
0.4695637791821284
0.33617426135896344
0.40926733091882606
0.2554048757379184
0.4327220412991038
0.30700176412398367
0.3092617972173894
0.3475196318744186
0.33698877454252624
0.40460276880892365
0.3387485859904815
0.3557595815686529
0.2863210522037968
0.3874833659175943
0.398327029782545
0.29056513407063433
0.40733018585411807
0.4828578830489608
0.3314304925142519
0.27662853724465086
0.3053097292549878
0.4084912768735627
0.3368359115213951
0.3794024255594994
0.4475047806933952
0.43867402992563326
0.35299396061265326
0.4414404554606315
0.30640887818238083
0.3459928245984073
0.29642069942248195
0.3378290578495698
0.3571886975197973
0.4456901704018297
0.43496311400746906
0.416022797331332
0.41592559091942305
0.4738557210907113
0.2019856823859769
0.5534055398603466
0.3776637107879153
0.36969291364173357
0.488062068973177
0.3677245571030918
0.264201328421915
0.38488363756940563
0.2744907103808936
0.27099176083462095
0.45320812776214936
0.35477123509723624
0.38934981089996995
0.3786189403017577
0.3408321419738147
0.4155184334017273
0.3800859355101219
0.4292767454287025
0.301807665048801
0.4780822529779985
0.3430099408784068
0.3346306430636366
0.37087658962180736
0.36214859705698005
0.28484922172120986
0.31766889863841874
0.4115994696459008
0.37741693942049326
0.33570089953740706
0.35238109600502177
0.31758439714476394
0.43016218948669827
0.37156170393693383
0.40197558781045
0.4280980227823784
0.29041513622165605
0.31271377703469366
0.3876484428339039
0.28280392148844313
0.42066411947058596
0.3424839444669091
0.4506780951191087
0.4393473216218003
0.32681465469837817
0.312896345026458
0.3783833015090965
0.30523924561803545
0.4905934441861281
0.3346250521032771
0.5007730353644925
0.35680651461471
0.41048330078015394
0.2538701125516221
0.30120524489168826
0.4452836912815753
0.43191510665459
0.29380703847054557
0.3152052160336787
0.3045595692645452
0.3411906083173048
0.39176893983168964
0.42451710822283123
0.37078838348645243
0.33673126558772354
0.28655206018711876
0.3525751236662308
0.38560299778318385
0.37953408101916297
0.40535805494438176
0.4309811693348387
0.4062445917812579
0.46798654219777025
0.36966753243128814
0.3210779491696281
0.4777548877989182
0.34860242727965884
0.28214112455382845
0.434152586903774
0.4401697635519024
0.4053738879112795
0.36114256554099317
0.31275065182858647
0.40873327297173684
0.3156292818144848
0.3377104034060824
0.35572555351005763
0.3794086048091145
0.44577668061963427
0.4653417545639832
0.3633786529883339
0.3737436844350324
0.3466147974339955
0.423528567480824
0.3246665017891192
0.3828811193256049
0.3028875310915759
0.28653204090903844
0.2548751430952334
0.3274388205752613
0.32083741667402904
0.39934789586905733
0.4481308996073059
0.33949351260023336
0.38988898750557827
0.32842848409083897
0.3114847500239722
0.3028289327792934
0.37078796197174585
0.3228074134065052
0.41843742118733007
0.2631854061377202
0.37241325786468255
0.4755825482230112
0.3478322781719102
0.2714646259282825
0.2428493718252446
0.3966129168215966
0.3122391980197699
0.2970454251499459
0.30823510088733397
0.31189233396500804
0.38962376202876947
0.3787617691265169
0.35537285124787066
0.3887591838055989
0.3103308481376397
0.24124156225509003
0.4078971510571092
0.3908734618259509
0.3790447983385023
0.4162040443079588
0.3198542103649053
0.38821714901557813
0.36599902472086854
0.4465793795421037
0.3144491975500018
0.3253572847561154
0.36383877957656013
0.41415114743084913
0.3301739070492929
0.3129571918348582
0.3663721528485011
0.31612700089107376
0.2849606027014951
0.44304095690394807
0.2972135701220167
0.4766763316347763
0.2846729735807689
0.3168313027788823
0.262851600577955
0.4384060815964398
0.35763158100747444
0.3925099318088143
0.4223443610643903
0.38869228336685463
0.3108051703298433
0.34519376460009443
0.3605413487628681
0.4025027337217296
0.5368559767571679
0.37441338049204487
0.4379425806384605
0.35098376709093126
0.41111138285975185
0.29977996862397843
0.3362882498064943
0.32010134261741946
0.3460733522647464
0.4191772955844309
0.35702099501766205
0.42912639853236706
0.3010470749920163
0.3875190872755115
0.29749172179508254
0.34574500802366037
0.40583106014371356
0.3354892106804377
0.3072272848602209
0.33717837215623253
0.3472410296374391
0.27941588609786294
0.36448982025369664
0.2885981209884357
0.2917854873864524
0.3565561326637167
0.3913372708050434
0.37194618881698227
0.35945165052567885
0.3199577766050161
0.4060848443093887
0.3133184419651613
0.32866670256801506
0.3499471795822944
0.43116537474007166
0.3509066309154028
0.37991321829494334
0.4341647563601963
0.2967837658659498
0.34672940680410885
0.4194687894142959
0.4222851426044802
0.32634277924586147
0.32681685580205266
0.29419948255186684
0.3691701099502991
0.3860034166788148
0.3002296557420363
0.3840431949760228
0.4160204955732166
0.37583260394500706
0.3590746277217412
0.30983854620321605
0.3211435728107988
0.3384444709292151
0.5747234510749577
0.3482196652858089
0.4910612907840047
0.30511128885017424
0.38535515242779744
0.3384203636864412
0.3214234808916092
0.38224951722953576
0.38248182353630217
0.33267693270049753
0.3785506764465635
0.39183361694081037
0.3097079306608236
0.40780006836125277
0.38732181166315927
0.29054645918356675
0.42435810184624073
0.4097603998067946
0.43683654832334134
0.38359397608693724
0.41817374793689327
0.3486432195252501
0.35150176224286805
0.4207877691213872
0.3402698708813566
0.4419508343302835
0.3229891126539522
0.35626682099943024
0.3176287767137213
0.41109421284024616
0.4036023773877383
0.38805345605060393
0.32652697501253186
0.3638811254153942
0.33376729858109566
0.4212938458575886
0.532286842397757
0.30332195133885853
0.3359170814076145
0.34900980034679707
0.34019754112272693
0.3700899327131882
0.3391505795770426
0.33761968205725895
0.30932597973690784
0.3879225814086984
0.42282187178112435
0.3079617620164985
0.3346877903018547
0.4547780523102555
0.39025914892756347
0.33151569530027203
0.3494010284730672
0.29169926304874827
0.47748456119670973
0.36853609110809193
0.43472672470511686
0.35277940038211614
0.3870615769665994
0.3391478885523843
0.32570269280984887
0.31825330948779473
0.3536458228522523
0.33032379757587577
0.3340046690597591
0.3406102782837217
0.29968201336125255
0.23695103938367743
0.2831051324663348
0.34350542572805665
0.32742684783655535
0.366650681988972
0.4460662902433228
0.3521187873507732
0.3670972690108304
0.37545668831278955
0.3451468923886501
0.3165177862834702
0.3622485852280649
0.40108507239510544
0.48362885818461593
0.33270771154037176
0.3771345423990844
0.3499349876693275
0.3577659767476514
0.3631191283638096
0.3632220571266211
0.34172890950328155
0.3190989080658393
0.36555258316736355
0.4714309300078827
0.3558324157896969
0.309910539390781
0.518884720974884
0.4316339877205037
0.3373333398824054
0.44646523418579837
0.3674261260909716
0.33980069260251455
0.47195285372585977
0.3485630496798244
0.38540006884849803
0.2719405800834016
0.33414136824746843
0.4936777966867452
0.2870610890210978
0.33772911577809095
0.3764785346224571
0.4201018348159809
0.31385099242713604
0.36710849130490464
0.6156362248454739
0.3690092765208486
0.2838945970091349
0.41161423888123355
0.41598984678772233
0.4204081653055534
0.2832671423362456
0.30329093626670045
0.32619782916245477
0.37070732655694244
0.41567980898232815
0.2662891775054042
0.28955988543376215
0.4144653675969612
0.4290415187503735
0.3865725856304861
0.4199391833206227
0.43944347372123665
0.2920427629147923
0.32952135417277456
0.47474317980435343
0.3676142903949461
0.31694768211117863
0.3078333517810109
0.3573386656340828
0.323553178409785
0.44628137290008546
0.27431313326547613
0.30227882217239876
0.3570172790096823
0.2952347412200049
0.30028037511833844
0.38278427557462125
0.4211808283327007
0.2971383140691272
0.34783537538405274
0.43932706894317763
0.337579046584569
0.32901699536267975
0.41597538665587885
0.3616083091747316
0.31531318668554786
0.34085722779193994
0.307155074094761
0.4056370378278073
0.2605581546465855
0.384815440412635
0.34400111842968684
0.37126702058985384
0.2577460357007509
0.3469685580062242
0.4701183469268188
0.37079245946334
0.3754746216552355
0.622644625628665
0.35378142464961765
0.5156710747853627
0.45330818805710643
0.39670413176681474
0.2535699629254813
0.4180790540616091
0.27840958819489464
0.374917024758359
0.36094627553174186
0.42026926867986003
0.40033279603964184
0.34848419689689886
0.36836463520494644
0.4079646818302065
0.415349710999773
0.2666597867434491
0.3018887833394742
0.31272364766916766
0.38798430951927426
0.29533621893697576
0.3245693672458638
0.39632107616581325
0.34443657773264374
0.40406209888010297
0.2969384672172226
0.3724962426284152
0.2961402507911608
0.33645751273335994
0.2596459540007936
0.41186907468432554
0.3984358920632981
0.3043332425228913
0.31258399678316523
0.3756117608908201
0.3637001529172308
0.31360137164708624
0.39110344634393845
0.36779108991311976
0.3450914302198729
0.324720345457364
0.2904826174729861
0.3316132837169295
0.2943202908581201
0.38826549579476427
0.32697121665454615
0.35304019811730203
0.3546361174771702
0.31252897187262024
0.29528362908334416
0.3002635786091549
0.4750456796944649
0.3738706921775352
0.29840984822190547
0.4768716817013432
0.4461094326595933
0.3287363494688333
0.28486897080301055
0.29424373540536314
0.30267620093541253
0.38017328053628213
0.4354324684823966
0.43701434273881984
0.4126678451204523
0.3514705544408743
0.28052637968121674
0.41865279435302016
0.24463946760007274
0.32675894845246445
0.44145098170196273
0.33926288265641374
0.40830442287029783
0.34049183110165226
0.3573341841559687
0.32799354058193964
0.3872882680392886
0.30857706354356335
0.43464756336897326
0.4290568068223184
0.2354263142539675
0.352013059701589
0.3504551429139626
0.3661251727695334
0.3717779416685318
0.2868428742212918
0.24868955810107057
0.4151447368799987
0.422962543341101
0.36842526752441684
0.3325673606812835
0.3301344055275705
0.35469224598597454
0.36413251406827973
0.3553293917333441
0.3347754417939572
0.3333867587223169
0.2774003959211475
0.3133670105702138
0.3109621584109512
0.4457400143050855
0.3784353166019514
0.3118349388255824
0.41128433479133747
0.33056309981655824
0.4626716310432615
0.40151379345964344
0.3905240037771948
0.3008094201798632
0.38255423596445304
0.32107837726155836
0.3405643525041715
0.3352630634702125
0.4404221091124608
0.3605516533141649
0.3233703535742971
0.38027415084328264
0.3182458269365373
0.4317988455048036
0.3672594004236298
0.5239090481411848
0.5612377336534544
0.2614095202626534
0.3966724734950166
0.3714544608374925
0.4138878987461352
0.29449086892240434
0.3802866145698346
0.3826000224308226
0.35915202692423465
0.4239174157459611
0.27597187590254374
0.4243186311271357
0.3272848404093428
0.3064206908579541
0.28711892201203854
0.3552692556699836
0.4135169212127513
0.4561491530861904
0.3668799362028902
0.41609219249074403
0.4336878295921116
0.38615769318747484
0.44373072107458017
0.4688890457170122
0.30850737891071156
0.35839626568219013
0.414719598632916
0.2751715407108221
0.38829736667982906
0.2789306270190456
0.3677045320908637
0.36556049208151026
0.2970862451583487
0.4153092804907927
0.38575602094891137
0.2697818933885348
0.43789754621080634
0.34511850422073825
0.4305825719736504
0.4527805455565537
0.2853197940617727
0.3218118335650083
0.4229740770631981
0.3020091079299899
0.375120992534162
0.35849800430963363
0.3410357572064327
0.3579040015703942
0.29298458723399995
0.45200403843859677
0.3288754405739506
0.3908317082182809
0.48050930998307595
0.32289639364664646
0.34777975642243925
0.4092926033891719
0.2797878495071453
0.3021632825128272
0.3298436027640339
0.34986563113893654
0.4344171715748373
0.29611007320230287
0.4058226514026937
0.4765802201080146
0.3004878303616099
0.3626370894045409
0.3496347577105463
0.4355099408295252
0.33681566732470153
0.3091244027972328
0.2940693765854177
0.4075036901700308
0.39680849182869854
0.38640099214576884
0.37485046242018333
0.42372406425827513
0.4844765893482472
0.3889815356630197
0.3651977851100008
0.25157935412454024
0.41606678679724446
0.3642922603270336
0.3574470375553211
0.26199911442838214
0.377997533765386
0.41079902279425407
0.34626416525371134
0.3199800128685233
0.3476288373673574
0.46066598529157515
0.33365194084775746
0.2867392191829732
0.38089314803152563
0.4010249877269286
0.34298463870953316
0.4122512875862499
0.3760697746341324
0.3704245266240756
0.5273614946946098
0.33087587129450374
0.36133803804896736
0.27040446840913235
0.36119624156341995
0.34625510158635153
0.30254491340914114
0.3068046997306794
0.2907340531069936
0.3170561628247673
0.38278005004520216
0.3148647004336858
0.42493348006893883
0.2981831337269236
0.3179114542041036
0.4027196873417167
0.34611527960118005
0.3425186768040063
0.33421145495733556
0.320482002469904
0.42948339885872483
0.3148213498530882
0.49556824759273455
0.363855294921307
0.5078341411531362
0.3414271344177072
0.32947904905565906
0.3864930631642418
0.2705543902609528
0.28653084123931877
0.36669387425487515
0.39160984567698076
0.317999301970215
0.2950735818786167
0.3374474722580594
0.3244838518722305
0.3144819163851976
0.42181654960310944
0.3331135963703516
0.28166604421641345
0.48289465737680015
0.2695976274150261
0.2853049596748339
0.36420987289037576
0.37594920669530385
0.4749513247410282
0.2865069115030713
0.3489212073654695
0.4214155561584187
0.4022773250395128
0.3507103765271588
0.3010957931759531
0.381229981493599
0.368438591629909
0.3407567321953786
0.3328001632156786
0.40282203287748314
0.3689592049912617
0.40210840336620857
0.3950560701146185
0.2150986460654555
0.4093588937999281
0.41494241507830165
0.2820223514140054
0.3330577770476133
0.36840788182570755
0.39182706186062727
0.2919317328901997
0.4157527668221556
0.41333014340750324
0.37413716815249665
0.4001158606724796
0.3938978679585455
0.291461087745445
0.3532197680599491
0.4289199417577418
0.40930447997350894
0.37485363106619424
0.3048165434011376
0.3231846734316678
0.3889807975746954
0.5561810099503306
0.3338304825134105
0.36049330249916073
0.31446746837818984
0.4252934833087525
0.38413901357413616
0.3308971826121233
0.29220292495895045
0.34267584119272637
0.376659081304653
0.34435011973800517
0.273336002386328
0.48174579496014797
0.4157908743708918
0.27959837461497994
0.49032351567683924
0.3793158905111907
0.284573945322631
0.3241731086642773
0.3868518846231453
0.34217761194787455
0.32200536838276045
0.29685510794075415
0.4536278095846467
0.39525070761246917
0.3948628778283697
