0.3824404709954157
0.4409709251962897
0.45804284018740876
0.3884110255607507
0.42564498219725355
0.29384329243207613
0.32383514873252156
0.4357076725139352
0.3470294496839274
0.2971633996447693
0.43775273163465006
0.3323210522947393
0.3472091370123975
0.2767277591594403
0.3271011224468062
0.3509968221774228
0.3567344225345947
0.2903861235860427
0.2904498349656616
0.3949587127950163
0.256198767288392
0.3518267327909624
0.41511280833075975
0.3552425134395274
0.4415597575317043
0.3452048536346733
0.4456567721409312
0.3328727306688307
0.43332505696891893
0.38002059323578813
0.42540163763958727
0.32433877435781766
0.48772034222661476
0.4202796444245918
0.4530533507054246
0.3668217898933392
0.2547496304563173
0.348673586976804
0.40570713441177453
0.2909910516684423
0.40123497757372323
0.31106340261356474
0.3912772327291177
0.35459149465363726
0.3270997944715037
0.4199346716240203
0.33746063505267837
0.3608369478816407
0.3529434652500996
0.2755544405466779
0.37442112349982354
0.3778668837619956
0.33188872912358175
0.3327565557717571
0.336444695357309
0.3128560875283703
0.3268895096782529
0.3376950785307676
0.31732943016822746
0.36472358731839966
0.31228313768373167
0.3692218124484502
0.3459738768379309
0.36658088190941024
0.33440607248961673
0.36730658520547077
0.42278715338048406
0.3310876566841867
0.23689177534758538
0.5321631798838696
0.30170411330586133
0.28634386374335635
0.4383803411886867
0.40913965245919287
0.46205833463558016
0.3649154151489249
0.29396312163963156
0.2967369708908753
0.35279400428347
0.23439672614646256
0.34874083441265813
0.3443701487307343
0.30281708159465526
0.2588421782099017
0.300472470582719
0.37790063434251975
0.3518575425694557
0.43351918066784
0.38581256480458104
0.43375543490235197
0.37741885407381737
0.41424000120447835
0.3809277958504429
0.35276317050218403
0.4903315763394471
0.3378709171076967
0.3261216190158293
0.2960119402951341
0.27237309778115676
0.3846826161680569
0.3637632596824557
0.39704621021722325
0.3491875213541627
0.36611853169481584
0.3142931540806784
0.3548390392863402
0.4077168509371756
0.2942794020425149
0.33111724484057053
0.3384152032911486
0.311589598783314
0.38943947362140247
0.43199299037282773
0.35071330150981317
0.2865710077061049
0.4224642232827843
0.40912640999371946
0.37828268144927474
0.26081819179940186
0.4011087477274442
0.3792659803119312
0.3824481966124363
0.3205650546090066
0.523735725999383
0.4213868282333469
0.42175238641915286
0.28940423575765134
0.3066808044066983
0.31441572301141685
0.30179722730595726
0.32896731398670814
0.3968796186583965
0.4121906701486161
0.30156199767860875
0.29358344931866975
0.45587207472363395
0.3102583650718153
0.43019385483192196
0.37457537246489064
0.35627693315482206
0.3290063499788118
0.3276578507740355
0.4786289757355024
0.3373859692398917
0.28638775253924426
0.44504730433488954
0.29604961182015405
0.29961553837485
0.36032483880692323
0.3492860726159082
0.27939668310285554
0.31729420747425424
0.4207262107962483
0.4418284971512788
0.36807738736228485
0.33640329342524006
0.3091026985520822
0.4092142108142094
0.34885501574553046
0.2862689273767117
0.38066794998067244
0.3819430103979121
0.43453890754591296
0.3759149394432186
0.27433603452521704
0.36472198157018926
0.45565092993180745
0.436619572831429
0.3077935772503702
0.4073596680014571
0.3083375297731452
0.45102423622865256
0.2628736247683811
0.3107121314750692
0.3387655053984541
0.3325741245612561
0.3871611273416838
0.29363238587755147
0.29307815337787063
0.29345226847184563
0.284232507401531
0.41024142589890267
0.3422830669027955
0.42250972614835075
0.3125226801623186
0.43274237255338516
0.3554851774284723
0.3793066109843833
0.3367429120117885
0.3601550099197041
0.3246046213079271
0.44581542022005954
0.36121392361478216
0.3824493071613861
0.3670620749554034
0.4556978136902643
0.3403786790998129
0.3169501194485641
0.40161977167275015
0.32517454617471087
0.20133213580669101
0.36728473215881685
0.4276050397082724
0.5268364240718163
0.45015474339665695
0.3256198448010952
0.37866613295467977
0.3555343471890239
0.34834293974248576
0.3633795178580138
0.3078214834107777
0.37165177457311394
0.28575130124152
0.37953700821734215
0.3943641172527418
0.30523701315915425
0.3503855116647077
0.28341951133813625
0.2948419350269148
0.47485840267791474
0.37845270565450495
0.32249396590219503
0.36919252673740954
0.33254559848403803
0.41826156883845084
0.32455250143849773
0.42282973252073525
0.3007992566896046
0.3194962653591782
0.3414846328718461
0.3734895659773944
0.3322881650914523
0.36771525285808887
0.34866657310653904
0.33724609411986645
0.33714969523283733
0.4368076607140529
0.3684553706856159
0.28632210998240476
0.2938400958994824
0.40593877317854354
0.3366748176973344
0.4534559780258954
0.34256551222253145
0.3747880866362011
0.43893379143552136
0.3286993843763248
0.4118867755149818
0.3719803481178576
0.5366297511790098
0.4319958510215295
0.40102307626108713
0.3618957936282097
0.29390125917143645
0.33713393726803925
0.27029826667080165
0.3269087603813242
0.3629288069143439
0.3231880759633095
0.2927167731240511
0.33491157793685783
0.4093415902746888
0.370368743539757
0.44442792842762635
0.34401220582518266
0.37378121933033415
0.41569628665327246
0.33000540960998165
0.340710536523489
0.4472529202092175
0.39996001262420916
0.3249955610365603
0.3710969251813991
0.335366332507259
0.2934528043542197
0.2918840630396798
0.3067646660579601
0.2740922952774395
0.33625653399247857
0.44165165303935544
0.2977942963218359
0.3827529853338127
0.2967217052620265
0.31473401470724655
0.3149261384399332
0.4198062411644473
0.3458527505651143
0.4053325057642436
0.4234387626776285
0.35230466993972376
0.4198200593129168
0.4081637800398002
0.36208470647455154
0.3339461162910059
0.36810958433735985
0.4149622307869065
0.38867219400234987
0.46506418430339447
0.35445970606213967
0.4266038187973281
0.43372766982611377
0.3602042083837171
0.35344227063851713
0.39629819601508787
0.4103799181649493
0.271221553226647
0.3681766621115745
0.4114176093326964
0.30500707619364187
0.4324232497943431
0.35440642943363887
0.3555905605058654
0.4022281215386742
0.29936531040405795
0.3570250873088285
0.404308165431833
0.3027376357968719
0.3574845901923543
0.3117911202105344
0.2624670024788666
0.4743049371985161
0.3901549152171835
0.3752829667599956
0.28877650616204315
0.356397454579473
0.31884418683773935
0.3113094912461596
0.4020784452487818
0.27724547442675246
0.33986745289288894
0.3834853993286624
0.36793249969138214
0.32968744339295025
0.34262736051683584
0.35823763337337833
0.34018559155462497
0.3390495254426602
0.38520015187953655
0.24189961955967634
0.4419628618807976
0.33733540181311167
0.35027748836534794
0.3865516083882048
0.3143599108228422
0.4292153174947517
0.4188578014859092
0.33672739871627394
0.40213401387232706
0.32889991188624046
0.4230652831079675
0.3301962421197775
0.2929468650622085
0.3460482584238755
0.2953805567959155
0.4387673488805415
0.37918002784616556
0.4937358967121581
0.370171245677329
0.3975699826849491
0.3373733849473781
0.4222021958249695
0.3839558866574233
0.36287960809297376
0.3914446246749365
0.36054194483541163
0.4368258172198682
0.329803275946129
0.30854005429293585
0.3782534803895255
0.4124033258507777
0.3863750747350164
0.4110356993301908
0.39043724256683376
0.5087062313093831
0.3877565557816839
0.35758093265425145
0.36602004061334037
0.36655026845361915
0.3051353416331287
0.32950304201847536
0.4244492993800986
0.28367645439335504
0.3082181620278975
0.3580412331285069
0.30971183724254975
0.2950880582152316
0.4774062522034162
0.4018022314208779
0.41441154410771447
0.5613744697432801
0.35829257432853207
0.34570491959191263
0.5157370285456713
0.40815922588895176
0.3712666528390999
0.4019455369268836
0.3646758590378092
0.41686511210373717
0.4590727763556506
0.38835145807374416
0.3532164710455372
0.3459126092210259
0.3777830231779592
0.41250724992296944
0.3700401724018517
0.4196808275745057
0.3455400549363858
0.28378447268812107
0.4161488552764124
0.3907161985565381
0.3373095115650949
0.391718641827092
0.35824221560603964
0.42072554774284
0.3508087231474769
0.37858348621258464
0.324809059120356
0.40026777883510395
0.3265887609647628
0.30009592137494856
0.33880418198475254
0.2536923003106205
0.3326166384362937
0.39228310352228946
0.29431346972003375
0.3213778762359285
0.40899358506441363
0.46007111667354
0.3905359628310639
0.41578949156814676
0.23890630879420124
0.28470698378395104
0.3571062104758609
0.33637958077320707
0.27606087028552373
0.44490409749562715
0.42400535308009146
0.4797590729042244
0.4119192971153104
0.2828493657187024
0.38231767517607
0.423183322817565
0.328745893207896
0.5077012936816824
0.33054494906668347
0.3565206898655462
0.36641232628974757
0.33611553466685534
0.3905656905516381
0.31505537270789896
0.32910389340021673
0.49682324503098824
0.29084220587743803
0.3741028866168971
0.2939516403583447
0.3045722560079576
0.36194896263824855
0.38217210227906884
0.45051187242957313
0.3699024630827043
0.33480370683840693
0.3838315231459513
0.32406179157354703
0.4814335641180207
0.444743306539628
0.3483602897869189
0.34961901438419624
0.29327088679410124
0.3215402157633428
0.3433043880755496
0.30649341043646333
0.24856386433590397
0.48426246167721965
0.46020013508401675
0.4256542883339304
0.3874760701148598
0.48592211786791367
0.2979443440256237
0.3446461557871489
0.3311907323961885
0.36228810082285756
0.3703994626358651
0.31857368193826563
0.3011997039639654
0.32148289872004865
0.29103489841586805
0.48773023633226553
0.3776432078349967
0.4464496105904596
0.2913315806945843
0.3998086294765008
0.31454925906289916
0.4278819807259881
0.424823869056334
0.42249725093198276
0.3567627656659035
0.3717067055288373
0.3196114336950482
0.4345534040475799
0.3414557121353133
0.3910742446383867
0.38255444281958656
0.39317575333217514
0.34674832447351095
0.4711574441824781
0.3767436571172382
0.33937042753560664
0.4730563982182451
0.43497467787096217
0.44597396833589137
0.40058051549017826
0.2845155557097639
0.40773353376263677
0.3169370580181495
0.3745919204394512
0.31058360923827966
0.3335490648169755
0.4602902650880112
0.32041165845637737
0.3372069224473822
0.4061890403384554
0.47653147542079644
0.33232012747427636
0.32554019976739124
0.33459519688827694
0.2816432710704445
0.3864095528159217
0.31114086034045785
0.3385262955127598
0.30183862764050134
0.42002269023691147
0.30968645741602
0.2818966500790333
0.3979537859629707
0.38376087979840384
0.31385306990469053
0.39477306886527674
0.4346248323393356
0.35231479552070877
0.32676156539345147
0.38075463998827636
0.3659062561277376
0.32090642315772283
0.3281669302973726
0.43048752472345153
0.4150972715740785
0.29674331081799593
0.29278374712603644
0.3400482503304516
0.3869582743029661
0.3413833020325208
0.21485741384603918
0.39117295306327415
0.24425209222421423
0.37343707000730025
0.48196637863831315
0.2951414965343102
0.3652238073185774
0.3179510437423624
0.49076157757373357
0.28452946663309014
0.2739082015143333
0.32770587473058904
0.4810056848216141
0.34979891354189946
0.29443270165294005
0.34502016653884127
0.27017888124827116
0.35076408378823665
0.3558571726829086
0.48267318910389057
0.4214649752602552
0.26232263156064267
0.41126426552077844
0.36112331763766614
0.31231106642887635
0.415989374407278
0.3381051321656299
0.44566068198511416
0.28957729381943614
0.3195259515925127
0.4038026667864719
0.37407261559790556
0.34625047645967527
0.3318367351453453
0.3674189374438908
0.3950723514045291
0.3945115857590112
0.31311945835110533
0.34949358420616455
0.4192616454096405
0.3408878898001474
0.2755564079191374
0.28523792631568373
0.3769046678631122
0.39013066818729736
0.4150385839676389
0.35760176588693093
0.30246545462184793
0.30940750681700024
0.39282040195140727
0.4155681199764946
0.32161444709138076
0.3971768556843824
0.39539780376692313
0.3023815516769501
0.44614719147727694
0.40738577206739224
0.3871239182039559
0.2978736565347349
0.3120999917666201
0.3882353997485677
0.41309428271346654
0.3235938073333961
0.29026595046502984
0.3270246877180757
0.2946421821762725
0.369084094817785
0.4579832039180823
0.4119889600669907
0.44763452330281156
0.36601070871083385
0.45634447410949697
0.28033108035550086
0.31810183214005094
0.4181294257139049
0.42516090437005627
0.3089387137893495
0.38453447700533927
0.4498581630804098
0.36362592920692005
0.32274728682257187
0.3772238149991219
0.31890368568733457
0.3334773392122658
0.3088136676634092
0.3523499133005305
0.375543277766815
0.46784086896072097
0.4052052007938058
0.36302309120375337
0.3294103235879508
0.34753022032468106
0.3253523560417586
0.37096184477737193
0.37464283149068595
0.33064507835512746
0.4626970391927062
0.48789891268830965
0.29154082421732774
0.4650441451458515
0.2997310186329793
0.5183281399467258
0.27849012413233426
0.3963926581616742
0.4099443994666073
0.3048205424006104
0.4493411970193886
0.297173625560374
0.5238114035656816
0.34403760067617634
0.28828802254525165
0.36692670226264157
0.32167887412473084
0.40445541360907744
0.4071661768768329
0.44395350550471774
0.42676304816771865
0.34863367184058236
0.4054581962663818
0.31485007812715643
0.3682678340042892
0.34490893077124857
0.44290318148692664
0.28613980823881907
0.3857080245512219
0.3160032150431135
0.30638419149358637
0.3915090509612242
0.40579398566156594
0.3341686898203085
0.4286776960549565
0.3601078041551653
0.34221694129427943
0.3145465219836972
0.3809476321032389
0.2999694541658757
0.3745073490601867
0.31214676767174515
0.4306158657200211
0.3526835153901094
0.3184017136214853
0.3918727605326027
0.3571438901717661
0.44645139262257594
0.2704016954986259
0.36681953601539313
0.3029299317347693
0.44097370083873816
0.3693274085573886
0.3768841928947621
0.3107703966056716
0.3461981932911634
0.3323949454552752
0.4400734804687219
0.43753355307701414
0.3412126261963012
0.3592974407418412
0.33772598779321134
0.4073309670334649
0.301964426275194
0.48076250125714887
0.39470340723721115
0.3126916633543551
0.38456031605701135
0.35309078487048723
0.38474236472857254
0.47726141515418513
0.3322879208268923
0.40576508881428835
0.3849263287075684
0.38738718923629867
0.3583530255943203
0.3239017266497505
0.28280195116715756
0.3548740095218378
0.375997511193611
0.36286150969621206
0.3413188872399705
0.22249360501294094
0.4145479212896936
0.429074426922515
0.3119247983533117
0.39114241661241256
0.3343217294825812
0.4098172137095765
0.3517876281020608
0.4314692675462216
0.4141062308603403
0.33329487497266974
0.31372818635457417
0.3170011980326686
0.33566465570717396
0.3678439202933864
0.4745217099115644
0.4915685090473506
0.31744264517971826
0.34267332687118546
0.45038979849103683
0.49997218676216304
0.3599764573964667
0.29616270605807493
0.3526380215791496
0.5222257213654741
0.4286551865128198
0.24388250403280834
0.41439807248942234
0.3083787659962166
0.3959348559371184
0.31264981106642264
0.3306190148813995
0.22193583446273737
0.46200557439504353
0.3861919144405484
0.372448917042421
0.3496383046402508
0.2795284072629369
0.3122536781596647
0.3669445013197785
0.34603872242254996
0.41026580469476515
0.29410225709970766
0.32425953925919876
0.45052093411091765
0.2818658366418508
0.4111468575926721
0.3245543484905344
0.45991808427408853
0.3052827914309168
0.32447079199390705
0.3207026024813805
0.38782752823851857
0.24085185155404806
0.37894381472094024
0.3587391288192338
0.37116771306088087
0.3023799331012413
0.36216060204980605
0.5083709061173338
0.4029430490451578
0.31677620765052567
0.4711249428276775
0.28256853723738595
0.4486283028323089
0.311610793624998
0.33028566769598405
0.4434701211154753
0.27643931351908846
0.34646544432679777
0.3361947259576057
0.3195385185670525
0.4356263446250482
0.23533842553356504
0.401985844222083
0.36939423639088753
0.33980385484563763
0.44502584962244585
0.386662931180377
0.3755767878539125
0.2534863910027417
0.43032028156631846
0.39925542050640356
0.4154093857889441
0.42521272411822375
0.6224007616455652
0.2754798692182166
0.30054216930304056
0.2574067283742458
0.37597284560124394
0.3640923583588338
0.3402832578875065
0.36092384307987374
0.4078572499067254
0.45126252489251784
0.3088408366113462
0.39110145577477917
0.30211900100855205
0.34145491891063706
0.3072591381790785
0.37024129565741004
0.44272089882533217
0.3871368156669023
0.3637941718883391
0.42429364712577716
0.32389257589824433
0.42089556790391386
0.27802581032762996
0.26973649459899246
0.28733117577366085
0.43507971138917567
0.31202271451511115
0.43420857450581263
0.31339778758411435
0.3797970788181754
0.4484492967347759
0.4481382938643688
0.3575483047698813
0.3422079987845751
0.2965581517487446
0.4135444512309459
0.2818468990666932
0.36756007335546903
0.3590296373307611
0.3226415237569099
0.3042104840511906
0.3410999444847024
0.37034396252472157
0.31592325803214966
0.36535644859509475
0.4543879616973466
0.359158102677687
0.3226274102215883
0.33752541099815486
0.33965255759826324
0.4907235764135891
0.4088597067380185
0.3239889587735918
0.40182165160744737
0.35092761180774046
0.31762376390495617
0.37908295712732715
0.32090780734021335
0.33668247895988884
0.34830769912976606
0.2968332226863531
0.340917646405498
0.37628195546037896
0.36367279592372864
0.2769927406384087
0.34325538727439264
0.37712758171084204
0.34521339031601517
0.4153651109479713
0.3405884300798478
0.4682296519818248
0.3282110545501934
0.3001833099999117
0.4159606280494055
0.4341772676188772
0.2750856196008165
0.3060590280625876
0.3846501187884657
0.4049736917223494
0.4201468828547331
0.3875045083924566
0.3332776113636886
0.354110823327336
0.3855261773404843
0.32937261885407976
0.26443742424616473
0.3252523385151032
0.28014710040298557
0.4769497802847032
0.3638349546826994
0.2350714303608601
0.39810091346159104
0.3458901166082628
0.3578772891262787
0.3449572146951621
0.3759230754582162
0.3338586896742036
0.37372742717672014
0.45284748523809737
0.4305764043889565
0.4465779572314474
0.3249239585632868
0.33031966397550994
0.37643909040879003
0.5559890747534736
0.4519832223135516
0.4085464872209708
0.35892607621453787
0.34901907625515305
0.47746760144429246
0.40522068453869736
0.23494994663482818
0.2604308444856939
0.4527746556251254
0.39752297252941066
0.43909367066142363
0.3527576068203247
0.3748959163688687
0.37858810973832324
0.38480825711941485
0.4387135689966659
0.37701711462304477
0.36823136628551933
0.33349052413698377
0.47325891603337134
0.3000283460776758
0.3980752312751814
0.40596274029769497
0.29486704839368555
0.3609167456452648
0.42022466638576084
0.3986888807781334
0.3175356564227646
0.37357402302350246
0.4953620011509558
0.34919947609554947
0.32261795352973316
0.38772461141475756
0.30363635583067755
0.38043878259867014
0.29588539915123996
0.4040514849322461
0.2617383436034012
0.40896688900499695
0.3540730016068039
0.34842216585197083
0.3870261105362326
0.26645672194949915
0.40796635241894535
0.3399545591195893
0.31574919971727805
0.3684794061439
0.3884717846716512
0.3530280247691961
0.4176167105050341
0.32267202472639794
0.32836310600827867
0.31347434432532395
0.3235926553308488
0.29779521746374066
0.3407866622612042
0.4441747376447788
0.32104312941679775
0.28524294219331164
0.4139643794855941
0.33198041565864406
0.3602893645576287
0.37105344668482376
0.393492936859827
0.41347949972341796
0.39927676568135184
0.38522833918261756
0.4023324817267014
0.3299615325116281
0.33272967521893426
0.4331678193148192
0.3471514464799475
0.3639293495659088
0.44005137669382294
0.2938490161121777
0.38407719535839707
0.2546639789296102
0.348177287281722
0.5308675537499037
0.32805282419575926
0.3479781987993138
0.3451573434719313
0.3289158444634494
0.3635526327518102
0.4477376202352491
0.41522018673423067
0.3976095580569434
0.3796718460427122
0.34996591611309696
0.3335188232856194
0.3427327034803882
0.5205569100469306
0.4484666342429875
0.47578176163407454
0.44589633853779526
0.33532383189342024
0.3524094552438074
0.39656748473517023
0.4059865850045522
0.3374174846160045
0.37239317024217367
0.30199797718600496
0.3024188698299932
0.469364036371772
0.44324289965050623
0.5813852806286618
0.3330325597795439
0.2513055124916521
0.4203051618565391
0.30072287955455357
0.3407911404317858
0.2698500249127362
0.46945600120226977
0.36861568697196345
0.2926312773557003
0.35431223448743976
0.3194500250681886
0.349198050667727
0.5538029341721836
0.3105401646671743
0.2999448170871824
0.3809452871206813
0.2968760104020734
0.3564911790224713
0.4838381290425404
0.3433471861275908
0.3550766454654583
0.30450854907897074
0.30646659162895157
0.30047942437366093
0.32934238024556417
0.31156495195818046
0.35931340693475045
0.34127293386096946
0.33370584403121356
0.3072695621348095
0.3512621448285179
0.363387305656711
0.3044081002197128
0.35002307933841503
0.30534538521022603
0.4101078573098148
0.3623513069177055
0.3837224119907808
0.4009341483794501
0.34759294409416835
0.3114736408620645
0.33792393589325026
0.43678760592606036
0.28307380215549904
0.41602039627926773
0.360319413961747
0.3080591125504948
0.3513526024606577
0.31563890130352323
0.34696453055691306
0.3575576640023116
0.41704260202685944
0.4054661900884435
0.3663267359015639
0.38384126450970935
0.38914003426966
0.345093939603736
0.34260145899024386
0.47519329724934123
0.3078375950411675
0.2993687632329732
0.31643395478498587
0.490327535637953
0.33189877362046516
0.29159088340739003
0.29015857307765475
0.3826445023771762
0.41028823658676067
0.39869582486556226
0.4093417986883816
0.366953619345532
0.39441686063626513
0.4817564735010389
0.4149017429260186
0.3867690340968779
0.428995520599022
0.3676161131952524
0.36307943454453007
0.3381753852223654
0.3581386299095565
0.5021356738120092
0.47942616624117695
0.4184233503830477
0.454628859196358
0.42232157794306063
0.3324059431363342
0.32012750574356363
0.28019589200952183
0.4135758503246929
0.3331518552398408
0.4692238201950582
0.2512263154950572
0.3354037629594053
0.2608616515328946
0.3675900687685018
0.3466106663686679
0.3794376410842259
0.32049546198505463
0.34828479156451597
0.3974560689481232
0.3153597509670866
0.3629959752699977
0.36623171337631577
0.34492128866103244
0.35099291233363017
0.36659129293456033
0.2997908467370181
0.38694352759537526
0.32707780856821567
0.43786783553631425
0.3454728900061235
0.3211203033240458
0.3432645803530564
0.320540786535646
0.3073834535450149
0.3343423691126112
0.37471217316250555
0.30287074213332693
0.2552662475957829
0.3755364961083043
0.434220618032286
0.32285929890864745
0.3100039356569036
0.3610792550840313
0.31202191805714413
0.38880819514960385
0.3163783912592803
0.3380314357670062
0.25341466329460033
0.47831460159115297
0.30558018603962456
0.4804252633878463
0.43362058459079456
0.4592884958821555
0.49078085029937385
0.28793972730498857
0.28671000151003107
0.35134176692565333
0.5839100767509174
0.19724411224634486
0.3802527531616117
0.41574924611644026
0.3764825541915219
0.34764953319625697
0.3808080510066613
0.2936602399963012
0.3878505206993007
0.35131284140142505
0.3586289884271472
0.3833669580406471
0.3943477544808416
0.3783279857633302
0.3987164595317963
0.30746394271049465
0.37568292048899676
0.3108408620040769
0.4320868861768001
0.4411359220915724
0.41379793644821145
0.39159299731426883
0.3157736401866173
0.39374376041687453
0.3074319550424795
0.3482179850305051
0.4110986401123896
0.3876241938742553
0.28454722846943964
0.408153033030012
0.614434627758887
0.26903879705289735
0.2769780164398602
0.4155152744950916
0.43868193962481317
0.3748642812189652
0.35498907060494816
0.4209150003997936
0.33999474429969406
0.3520865008556018
0.4079241103062734
0.29651416145051496
0.3847287279927433
0.33409120573990464
0.2957972418794887
0.3149052347759444
0.42030910143539973
0.3654914609099359
0.3619582660570701
0.3419408634022893
0.38948025134433284
0.43916368583105875
0.4382323241059724
0.3568741913201302
0.3826223196459333
0.38583962146894346
0.3738309053642663
0.28686686319369337
0.41762398917094523
0.33043542861341546
0.34050736892565603
0.2801411128560807
0.336500576749975
0.2993631456976213
0.4978078669042996
0.37399113244719734
0.34076539705898595
0.33750377146436167
0.35269322273763315
0.24633697978848285
0.4389821682692599
0.3842132661874752
0.3551348837400364
0.37033022226677037
0.2900872791685717
0.38639138047178007
0.38956625604309286
0.3344528130543691
0.37052693192448766
0.2759390004534466
0.5264626839453702
0.3964197047342715
0.2715009598905699
0.4301235445297786
0.2777086785413633
0.27297534581947036
0.31555667175163243
0.44450629066423497
0.3408163272518264
0.39647247053942586
0.46566611181096074
0.3057156716669956
0.4023865288284079
0.3386865675306178
0.40937035985003817
0.35877777204873323
0.42020183447313286
0.2858112152584894
0.3312034826759858
0.31021503348633844
0.2783626963585284
0.31983004221318884
0.26549549138090683
0.342784199176873
0.3323525801157852
0.400935905520374
0.36399892290465785
0.35231613764217645
0.33565458598527265
0.4208643201744357
0.42875077256066896
0.33044220306482086
0.4635253772914274
0.4150690219793594
0.3795083984717784
0.4231651444505315
0.41113502138797475
0.3232932956379796
0.365571495558972
0.35730209721928247
0.42918015883651606
0.31634237917645314
0.38330548569115486
0.31418777265700054
0.4248007247873117
0.4000480355771848
0.43836418859873305
0.29155025447629873
0.3630639955535384
0.3189986444484856
0.3442779895572484
0.3265986408143083
0.3044869928025403
0.32962372388310573
0.3835995677632524
0.3491609478819539
0.5173031329385209
0.38707796955044443
0.2827217037242298
0.27613448909320787
0.37572469854160245
0.3543886174643665
0.3999405469705241
0.332656146756297
0.3025413126759959
0.28313037913571815
0.45165937072139545
0.5744179950007415
0.30533059318574357
0.405636271980546
0.33793791645805077
0.3044445627078343
0.34224099283236237
0.3575812501903871
0.34026068363180695
0.2999498848749394
0.49011536016765533
0.3699014908502866
0.2865605552317212
0.24230526256315807
0.33411584919299286
0.3883523003843679
0.35202884564589854
0.29121686466614627
0.42278554881338226
0.31274161712652754
0.43449916218639323
0.36637140979297506
0.3949628061817265
0.3589428076035639
0.35484517367104224
0.33066517091106107
0.26357591277513415
0.31945975448691727
0.45347199536248867
