0.3088327508409112
0.31645743115222896
0.2957905240953987
0.3629932071089094
0.3037803129181299
0.37622035576957996
0.46053107206258687
0.2643129642850528
0.4724961999339792
0.4392699016100879
0.31362393808611766
0.4416807117634946
0.42379809331261237
0.37629006844315444
0.2852188792571291
0.48864483478527443
0.4256746743309775
0.3873825095310651
0.3423924425111477
0.24664714489845846
0.35299006377034947
0.31766895923279764
0.3996717025427501
0.4199494872716363
0.3838876756184418
0.3587078567063555
0.3276322735089328
0.33084477496751996
0.49140236173574425
0.3880657069694346
0.39163555003549605
0.3266396591656315
0.36632783977688754
0.4157675620926397
0.4191787220657308
0.3015859373024905
0.3583048191890343
0.3983611866971918
0.3440591812744101
0.453366620182965
0.5223852830723144
0.3821309885515297
0.3805785262782869
0.27266779505317934
0.35736489685103423
0.32330843973168805
0.3400493990937994
0.3095770140903603
0.30114380052614514
0.4351861735587007
0.417295660485541
0.28238304255145774
0.2954191418802828
0.41490744937599644
0.4303507075954266
0.3868579520082545
0.38743153787278395
0.3471100653488281
0.47466407612255224
0.3317206451477107
0.35247403501631386
0.31771616893978066
0.3237812211167578
0.40461187618828853
0.3170621640341191
0.40156511440192505
0.32457961145269587
0.2780375856309412
0.3330024827890958
0.3612601003567391
0.3620279871961154
0.28573972781756446
0.3139225671647671
0.33260071311807277
0.36746361127719873
0.29250191595673075
0.4379323123603546
0.40400031312429735
0.3686705087509929
0.4272655825861174
0.30105489481969067
0.40738106965306387
0.302660528603191
0.33165947087465136
0.44554945367394205
0.35983109037476524
0.3150837761006522
0.2993003903103915
0.4221099787011841
0.34297997854241286
0.39885503763299107
0.4150678043057763
0.43678103778133254
0.29198514413332805
0.43317490984211793
0.3004540376441935
0.357023217819728
0.40983580437955386
0.364606302789312
0.341142905471667
0.4136566970826575
0.29879964696820266
0.30780150515826143
0.3382558756042776
0.32226587030651305
0.4338993781765755
0.3722308842409294
0.3175888356907703
0.492447275959554
0.33445868365144654
0.3151379390318311
0.2640955812261564
0.29522667580429973
0.31769672667220034
0.372387380826485
0.3904509814683304
0.2947650912159928
0.4230299153915832
0.3488185798915369
0.337074695419988
0.4100106374402912
0.3149123461213835
0.4457094863313118
0.3534937154724911
0.47971337851432344
0.32820440903931064
0.40806430586009346
0.37198259347782187
0.3109915892551147
0.3099813104002624
0.41620588698923466
0.287179191874307
0.362459036848715
0.41638848834542774
0.3646462092226797
0.33531499271290477
0.4557513220881267
0.29450328531492
0.38054678880458576
0.34706474687108757
0.3699574969895051
0.5198278021581726
0.30958567567406087
0.334313072937446
0.4424358394662577
0.39634771374044914
0.3270809128485825
0.3436588416821213
0.4042118896577926
0.3830564390244835
0.29310496725957225
0.4358381535371353
0.39314052985170833
0.456829272106552
0.396000257637623
0.40093178298521986
0.3014628364048539
0.39591635336064734
0.3474361054725193
0.2546541478608755
0.3415603078160882
0.38784162251097976
0.4201893857219381
0.24202080793023428
0.4485035855178554
0.2982568155731174
0.3151347396489553
0.3101891204251854
0.2857661688902779
0.40653714386914647
0.41609840696894973
0.3386969549376442
0.33570127122509597
0.47907243983407005
0.2813569473483884
0.3233207413836731
0.3851579656255331
0.3137681876867316
0.35339443094797623
0.38152210322640795
0.35380367148650504
0.33654858310845465
0.324807807922203
0.37058843996286284
0.3770218007269984
0.3069970104458543
0.2943502222989263
0.293459983962088
0.33180382393112196
0.36923326025852904
0.29514673163605626
0.4036400646071279
0.3951252467292573
0.32801093240764334
0.36500106016944617
0.30028589478037127
0.6236345825460385
0.3969150126094869
0.3533585953367485
0.36776760587063445
0.36799894739901823
0.47063028500179005
0.2978294647793883
0.31669200798733443
0.41536818647986135
0.4019183657574834
0.43534536495578147
0.3019361671763994
0.3577399292720656
0.32924742292771203
0.38688563889636246
0.3671167024104138
0.4446329120559985
0.39629760188286833
0.3790383452835651
0.39841374221577935
0.43090246868510224
0.40762689024568255
0.3164540928901109
0.4954800044293882
0.3164461525380268
0.35938011187796604
0.312319862602638
0.35052520470322174
0.3581002580482925
0.3802637958722578
0.3361533000559339
0.4010122513861404
0.3096295024980514
0.35602812593762123
0.31866014539734094
0.39460041736422324
0.3148658615930884
0.3692859818247634
0.40212300458030775
0.2976445566000039
0.3589317608877158
0.4026829820581555
0.3120736882629841
0.2917812951577179
0.2563177553575878
0.380672510817403
0.3614315385397425
0.39399213983919373
0.3090036683383965
0.2876703216270556
0.34094454458565626
0.34239936083607625
0.4474986223704166
0.3441381728020764
0.3428954306891572
0.3978741648046426
0.36800638714524503
0.2766458677262279
0.3068769124745436
0.324204803838842
0.423574532130658
0.36346097075192657
0.41730327921023974
0.3244699361686921
0.29035417769119154
0.33801528714053103
0.3908969144782544
0.3400412746262632
0.23704446759225475
0.2879783050284717
0.300951855400036
0.28583298376546973
0.2980569657629777
0.31564180875303094
0.2700653830538722
0.33771950783344323
0.31911478882698185
0.4355792756980914
0.28022814107275146
0.3341401901466763
0.3605323769391022
0.4187076662655126
0.28341777313087324
0.3104616841239961
0.31211687700865437
0.3797107836231118
0.4829713306390283
0.3184362132420464
0.33390566610810246
0.3785930346463845
0.32968620656216946
0.43263464010159164
0.354045941987246
0.40974746006252827
0.4431478001356058
0.39694523749049243
0.40973058159515835
0.3796606045023814
0.33121079983952656
0.3609229531065946
0.477407809167005
0.3786835238275268
0.34627864497745325
0.3117419024299139
0.38890821254243657
0.38828067666254873
0.3773328006234592
0.26689725088298805
0.2860333376645785
0.3618459200583038
0.39732812014472735
0.38446375936947963
0.3921417986865189
0.28040820608289513
0.29590034761420314
0.41365097822720703
0.4160126032011029
0.3082801098444333
0.28747791543101964
0.35531196499821427
0.3575647586820368
0.3681156046484609
0.3380014245081478
0.29646092062107676
0.33880518266184767
0.3388683789216266
0.3378863842720331
0.3641332257988606
0.4187573945811002
0.3377067390158433
0.4832340580386687
0.4098011544974208
0.3136878935422459
0.36173907539118194
0.581457626245252
0.32169874290810974
0.26495392837982057
0.2891748951841598
0.5016803359752412
0.38414156378578096
0.4692989652813779
0.41496964730378455
0.3543027702403138
0.40682726114912515
0.3411329744945788
0.35627194010693763
0.4088234584612935
0.44861083552510655
0.24730728406730965
0.5134945202802946
0.3977803840110487
0.43920269568752934
0.3311362097572582
0.32214204154861337
0.23673170594362167
0.39222545965880035
0.33056259918518566
0.37987392844553847
0.3231933614606344
0.412083872857486
0.3804173340518593
0.3644192145271043
0.3098263625618446
0.4112378398965706
0.28472295218748866
0.34638954591378324
0.3251378949072002
0.4847903235192499
0.35576332503930064
0.3397868142471647
0.3363468379007833
0.38010765527289675
0.29493663181759316
0.3889583245667036
0.28393217200844906
0.36012646185739977
0.45890588337118354
0.41693515062174985
0.38756217377528857
0.3503165367573323
0.4018397547514163
0.3547703292410836
0.33992765105060124
0.4476877036325994
0.3522095155972367
0.3818006503410294
0.3917014010519203
0.22258125690249614
0.35509022382868494
0.3134655751465203
0.46129715419927503
0.4154485047383207
0.3124503265211196
0.4806855715446013
0.40131307713463366
0.2973125413581963
0.3311920036202668
0.3770810978548842
0.36474317521417926
0.3617525890898487
0.4242496409057423
0.37580441970196365
0.3472433100184742
0.3680079145671321
0.30461281546639024
0.4385139576274362
0.4685730864877841
0.406000037454175
0.39240049642298364
0.3543106165875873
0.3711492825837428
0.3176283790267735
0.35593057599102274
0.4655895287714692
0.3718057793250944
0.3403999167105161
0.38086966152279006
0.3428062581906762
0.3704122034962227
0.34842228025120275
0.36302800944809616
0.38763877632410737
0.42510511156793396
0.36543686796715097
0.2902075835141088
0.48132882649189546
0.378503561223259
0.33021105692588903
0.313368290031478
0.2980419057448729
0.440304793259066
0.2774825692319481
0.37677886059616317
0.49117458636598194
0.4718103791817257
0.2978096823199409
0.38784852119870894
0.36265388899401363
0.3505970099415185
0.33405107903468734
0.4290098682150806
0.37818156964644356
0.33516068862162074
0.49208256347060414
0.4577587268959492
0.43409428793276367
0.3550451770514732
0.34662046184136575
0.43043220278172195
0.2976550512862772
0.3214856191276921
0.3533701692877074
0.30864876083188564
0.42260552919935335
0.4030078481824401
0.3895971299496985
0.4539009617168521
0.31874659147201045
0.4539968877286199
0.33193007893904125
0.3776211292954591
0.4206102575633112
0.3957127494584253
0.3204806833523289
0.3251032795022663
0.3447032941375792
0.38943054938087107
0.29598070066296434
0.32744228690558
0.3438978346253105
0.42620182914402005
0.39619720447166545
0.29614852551851556
0.4515103516846246
0.3467677388336021
0.3066800823757495
0.4610390623383981
0.35118643782119596
0.27243661498334465
0.38945188954985727
0.34990320097890965
0.35867705575171777
0.2890432485669008
0.28387455267507555
0.38038285857989984
0.4062447737311511
0.3209553340432644
0.3099888112812522
0.4498873644012762
0.275442027739226
0.4088718677400832
0.33142866728510323
0.3441434203549765
0.36415246942307616
0.23797457363516306
0.3516057204218408
0.45031627722368067
0.41950931363092225
0.2978464862601226
0.36557627759999334
0.33230346186869336
0.3300877820584399
0.36912845059926996
0.3697061404505272
0.4498855178998489
0.3078325077074392
0.30655399691550544
0.3349040978041228
0.37501674804519836
0.31643133404446205
0.3230684093545408
0.34105646624813735
0.4120501049450641
0.41085856179039704
0.33526720922927883
0.3490598491882204
0.39230358733662263
0.3374501430034162
0.38005691501172106
0.32253214513898787
0.3390162025944989
0.3845391618901078
0.41346302089739717
0.4827319840668513
0.5245083794312759
0.38348020620299056
0.34923103900676694
0.3633495273623031
0.3530710948652488
0.32962177363617473
0.443447961811662
0.41341818251216206
0.33484916891483785
0.3865097188931477
0.28958105934824313
0.2983619030354366
0.34390886758683137
0.46192535777167953
0.33985039200047007
0.3276730523977108
0.38375900693673043
0.47035723072718116
0.36827156163077324
0.47112942302284705
0.33837338439248416
0.38597935485309026
0.4157785529311766
0.2587946411645008
0.3257262695197496
0.37043898531712766
0.3175836649275432
0.3452919360397072
0.36626855413690146
0.35462110827979265
0.2627833865769246
0.39154686150486473
0.3056586940149131
0.3868876746358466
0.34906303747667167
0.45742286558596923
0.355920035605757
0.37614547663009357
0.3601374962096202
0.3351792358671029
0.3041810561360412
0.35915911182370036
0.3261317678545827
0.30834433711726406
0.3424594641334459
0.41032188669194036
0.328347340242915
0.35040603103309625
0.343251814380003
0.44878387833553324
0.3878821004064173
0.35039054160783256
0.35220468146637846
0.327182478157285
0.35005978001428883
0.3878218234508811
0.4498557953315947
0.4415506686869427
0.3632616594824211
0.35299796912443143
0.4220197016404277
0.3522385875723521
0.4009569690529551
0.2157160392398415
0.39943067334602683
0.38788193369687396
0.36483225257404034
0.4320206658132177
0.3850751330122306
0.3134710795366505
0.3304571527375593
0.42214905446608486
0.2719974603535261
0.3314930254101688
0.2807304182342012
0.3976310725288349
0.3648046596173143
0.36720961650058176
0.4452735488849983
0.32197494771114127
0.30027362070338626
0.4508352809187916
0.3429382132955625
0.2933062337302113
0.31966886185350535
0.489239090920681
0.4374642797303266
0.35749595666936146
0.4169377416797284
0.3779759753706946
0.3032189600847758
0.3549343950599999
0.34647248224412547
0.3422141225332699
0.38706673236277084
0.34734082377732545
0.34897784350074645
0.38545275042544014
0.3381465291477049
0.29914010611048436
0.43083168886556805
0.4196720682276846
0.42220237403169797
0.4467162361826599
0.2746747025970248
0.4415772787466176
0.33836691189029616
0.3353912892549927
0.4020360635334823
0.31514962280451536
0.3409866132840275
0.3591383910359019
0.3769035275024713
0.29628546498228264
0.4227106573037651
0.3182458711633709
0.32817034858107624
0.40641840083085906
0.41643707198484897
0.26230338833216593
0.35155135273258864
0.29692966937806387
0.31804826993938506
0.3884747476313383
0.3257462339363477
0.34132038286330685
0.44773564352376
0.28578184627106823
0.34219450393814027
0.27552580529902554
0.3554083229517583
0.4463684524055971
0.3627862964864445
0.3282711750212407
0.3025631422969756
0.27894428180953423
0.2870395085420034
0.3428898628421098
0.32654355031903187
0.3886271112025205
0.3766485632140977
0.4328704293770818
0.4195989736273225
0.37018860233218104
0.3494906079253846
0.27848694723708606
0.38523827787270415
0.261054061696708
0.3361204689779143
0.3138879289064559
0.34885520996058234
0.35633713299446773
0.2999268004456938
0.31832437505180755
0.41209590220860576
0.39214962148968646
0.4991241381926857
0.5327940209690701
0.38387032647563885
0.429920149920709
0.3164290521591218
0.38405412786940923
0.3932078022803082
0.5566097194200961
0.3250345623161412
0.27682247905501706
0.27672554546923617
0.3381457762443513
0.3965471975786365
0.31971086815533073
0.34378395975472126
0.34902793689312983
0.4517039189182532
0.3271472448127249
0.2234092501022445
0.43428327105418174
0.3309255405264034
0.2912916513049125
0.36117428595015005
0.2966307377181214
0.43812145895421856
0.3871002896056418
0.3367874495093806
0.3905307100377176
0.3985310642436554
0.3548305121702077
0.41674139433002627
0.42260449831421903
0.35634131855159235
0.43687966293915725
0.2835315799244631
0.36329476546065986
0.36194556978072556
0.38697830823871016
0.34772710405194174
0.3986620279460512
0.199067801022772
0.42764025567702
0.3784385620369685
0.4520275269536015
0.3681780023969194
0.35623101396947243
0.4242984655693268
0.43023733256762026
0.3123919089769601
0.6174828089205918
0.33186190855292774
0.3768814382278626
0.37280489804882333
0.35722241060185544
0.4102037386449508
0.4211289794030622
0.3752439480624205
0.41025458373226914
0.3035119458670828
0.4125974138121331
0.3945634009989764
0.32277791607804396
0.41168515506960035
0.33495966038020736
0.3600994211821761
0.32867386824081213
0.38338631309463
0.37861602942686473
0.3207333636832068
0.3857202098836815
0.33435651883257045
0.4229085314570213
0.34949975721697574
0.37967494940690194
0.3692561070426476
0.2693872552038996
0.3817649109366077
0.4548020333733617
0.2887772167453491
0.27235423963406935
0.4267698411316297
0.37775756172724334
0.3032755734775923
0.2878997200396871
0.30862239724471696
0.37581446173167826
0.4056477722581419
0.362714419592027
0.40552333975883825
0.40591506297333985
0.5094399274189876
0.4270301973870048
0.42378222723409625
0.4162297138549502
0.4314425886815883
0.4524961000500399
0.338986560483342
0.2592227718734654
0.38094834465435606
0.38925505819887973
0.37000633269147054
0.44398008474743433
0.3486837098663107
0.4403059605608544
0.29363419664936363
0.278599441718741
0.46548107949039486
0.4203012496705323
0.4012592134843823
0.40297354832765675
0.2760306814076168
0.43498946624855384
0.44615302329715245
0.35849437662593614
0.38162950998677886
0.4301270416504493
0.34108689474117637
0.30225753851198517
0.32091353112555876
0.41631716683817754
0.42163482463791796
0.4069372770726413
0.36721363322495826
0.36861884259310784
0.34616984038882725
0.45139083869165136
0.5611094142533128
0.3840789681866336
0.45581798456407485
0.32437338629341095
0.3978851450392571
0.28736271840173155
0.33741400120435794
0.30556858655456237
0.40872542178182075
0.33555888583756893
0.3357552125665541
0.27314882608973307
0.3168558458504511
0.3833289530092757
0.43346581293852743
0.3058253254524366
0.3767994465252828
0.4142807637796047
0.46504967925491225
0.5287175935935318
0.3615168741854711
0.3683432767320551
0.28436670556792376
0.3618570343070635
0.317055764121097
0.28024481171603666
0.31219006772068814
0.4107967078871812
0.2923022607373605
0.35599899383341654
0.4250791083105501
0.38426275637310836
0.4766613317282051
0.5158928687208257
0.3110780073020883
0.32307035766542086
0.3132751562218881
0.30946229860893293
0.4757799437014927
0.35085837810389897
0.3597064389928139
0.49192911772643927
0.46019572408894127
0.3368048378577002
0.35365114946596954
0.44376214974989125
0.302263887269592
0.29814788274737547
0.2632639786656564
0.2768248812937523
0.31022723036272565
0.24726102446768386
0.3519328155632039
0.35969016295456224
0.33012926253619435
0.3391315286492511
0.387830651564952
0.383593046650197
0.36413517435668336
0.3955066679924755
0.32033387014507125
0.3675476475807404
0.4743173522889501
0.355514821047504
0.32931306887127537
0.319414379116837
0.35409173736478283
0.3222393152401311
0.3810096955608138
0.28656620459358245
0.40942128592046945
0.5759124255179263
0.33878163934245886
0.24311465028224238
0.4401986592555871
0.28483077755484354
0.3274967961062697
0.367739769769794
0.37056025749059657
0.32893755421374377
0.473586289485187
0.46573288137070207
0.3392569478142965
0.271784764326643
0.4126670622720663
0.359592066438405
0.3440701047048037
0.27735226532882307
0.2857985698971359
0.2820533235016632
0.44023553256807824
0.35540684167837083
0.4910691178276082
0.5218907173722575
0.32567948152988885
0.38803725174225284
0.285713094532483
0.4567424462289795
0.4302619815506004
0.5845596672567717
0.3035753306008204
0.3700695917423162
0.32135664636159866
0.3402753615928768
0.4251315946431859
0.4772689281456175
0.4062403078582669
0.33432356442980476
0.42284340264792963
0.33429677478139014
0.5318240293799376
0.296015228503855
0.33127284390504835
0.3817365020723255
0.44502125181371616
0.4054996612853321
0.3551511652950493
0.33941839352312514
0.3487299282001024
0.4837176002457441
0.34911359858933433
0.49255185700070536
0.38800962637590325
0.4012964969215893
0.30328426995729363
0.3031411465036146
0.36115902591642346
0.3720066443769816
0.38930861504077535
0.35171263445409207
0.392983183751654
0.4123963303318186
0.3726705857060986
0.3592026804580364
0.34357798203269835
0.42118670417113124
0.3509974082272066
0.3250239112318743
0.4064086152701275
0.33345845925823364
0.3496883778932389
0.34842369203287693
0.3661312547904809
0.30576188658835507
0.24928078521912758
0.3464319888469062
0.3995887155982672
0.3456657516138428
0.29312375884752
0.34808432032877124
0.43456498783372194
0.3103718865102784
0.4402108972468862
0.29282145415050037
0.37743200725615145
0.3392878283847993
0.43918992860571887
0.23502123798169416
0.36553799120322805
0.37191659094958013
0.5242589945765855
0.4081413064952035
0.28314569413838675
0.3710689121399403
0.36425276291660597
0.34370139547432
0.3254238788432108
0.36808070765216616
0.3013421611799733
0.4509906618240439
0.3490008851806561
0.4240783329999357
0.36690595776993096
0.3743599401412249
0.3323535387447108
0.2749316044849436
0.36560534742613726
0.2970102009335559
0.33215562959469874
0.5543464152966395
0.422427708076529
0.4862800282490443
0.34536847249042274
0.3807166388949521
0.4203564243441955
0.24231216404120764
0.26647968273994466
0.3580285291206085
0.3134750726852878
0.48877882310862814
0.2556262810348475
0.38159716845816094
0.3690551912324166
0.4484250499246997
0.31365096369670953
0.4266705241476329
0.33571572146869455
0.3332254789008506
0.37480494402550046
0.40562913745240275
0.38510017824098147
0.38876348269477484
0.32790428208673006
0.33000511560118195
0.4358423555415599
0.49627009853265397
0.44665110993890145
0.38801643363955424
0.29414702567215945
0.2922400591173445
0.3006644453922303
0.3537519895287414
0.30328574047759965
0.3766130881410003
0.4246861705853297
0.416188390630517
0.38929033810076813
0.2558086187569576
0.3316738442998971
0.39242353688645343
0.47888597479319095
0.37673656233421104
0.3882504171686649
0.3061605124761605
0.2991641664297617
0.3339428699713374
0.4040740523836414
0.40867330390409595
0.36772483314582083
0.36215196352221213
0.42189364807830504
0.5373469424733434
0.4103548577607347
0.41336306659266175
0.3893958616950279
0.35275392082782087
0.3576707101387966
0.38209065905131284
0.3458474229391152
0.4303103852270925
0.3574502860604221
0.4387935411379306
0.45848028739395
0.34915819252401575
0.3991123899903087
0.2818423911724402
0.29859017755881867
0.3858577823010663
0.32234062486527
0.3518895266343387
0.4022554560964884
0.33051649655668125
0.2960863271413096
0.342687460585711
0.3650878054633314
0.3069960216117766
0.40826348440203736
0.3122502082928644
0.3879965706316766
0.3795221196552726
0.4123239358512685
0.31023684789870076
0.45066357824079006
0.3091503704234339
0.40238888562110214
0.34225086060237075
0.30479666543295525
0.392450276909551
0.3012245699315581
0.32517317989528405
0.3631803306048815
0.3660180256368937
0.5025121119467814
0.48168191687763673
0.37307950913897237
0.400906784993748
0.40401222996555697
0.39011415669103816
0.32247381081899607
0.32501773049443505
0.4366914403895801
0.31766316791991367
0.37547018718210284
0.4781197873705835
0.29643175894169405
0.36033872425399915
0.4167307442313825
0.42525276932061024
0.3386401738780152
0.40025458595118113
0.3656048005313115
0.4104431597956977
0.34215372790027176
0.3881122430812769
0.3710143205461169
0.37537959312385316
0.3587994007414663
0.34558319280036115
0.47721318231199983
0.31186261509041313
0.34178203583573735
0.373689649307618
0.370736379552346
0.33844413653660443
0.33838887412737917
0.29018263891441376
0.3044249075399709
0.5072012870633121
0.30581229219050976
0.2878778381610867
0.39936263389273446
0.2816795534271499
0.4106227518382193
0.33134653166791933
0.41635577219954345
0.4504323887699049
0.37116597323635253
0.3339898957906842
0.34252933946670233
0.5014722275193725
0.33541288667321906
0.3518397722405397
0.36344914322749333
0.40919238734912744
0.28459409405143027
0.34740333557938485
0.3194024286532513
0.37543393556033455
0.31805664282768914
0.31918466009704377
0.30920886835167843
0.3917146583597747
0.4436205618072824
0.3521095070484562
0.43175659089668667
0.3277811882389446
0.3040601792525748
0.29183745132498007
0.333247844291255
0.2453284253463038
0.30034117330939863
0.4230834176372142
0.33538653775489474
0.33974191307292173
0.3705660100763797
0.3966027859763239
0.2671595205223662
0.4799651953103161
0.3125902766754361
0.52793733148687
0.3765193135135822
0.425065256631585
0.41677056977353744
0.3079234292082623
0.31397951675982205
0.3914351676657044
0.3026950328684468
0.3583137895853085
0.3900599345260445
0.23610669260454226
0.33361291643529506
0.44648524378693183
0.3131001243144608
0.30877183538351566
0.37220323274578093
0.4209608353626711
0.32395062350998216
0.33364191216600986
0.34265872731606845
0.3442693891708421
0.3105555922968884
0.3316914580731116
0.27784733240320003
0.3042858165958406
0.2538867178057134
0.41129244429913253
0.41550577704699004
0.4343030789073903
0.3079126319162771
0.38102408067979116
0.2712095803817111
0.31361374270135534
0.3415786621385281
0.42090732277468457
0.34422139283706377
0.43014885206803677
0.2522541328654712
0.32794446979162273
0.3791228653060969
0.3905899994329133
0.31354510767857585
0.34817778856642295
0.3532120784924504
0.30362796173447887
0.41840000125429655
0.40558339485474976
0.39550924548512
0.3419080576987972
0.4625648073270483
0.4214178912330127
0.33193165794097956
0.3423368832590305
0.40950316292820027
0.47608452957144803
0.3570658704518376
0.43065132094234143
0.37651160090611147
0.2949321553558731
0.3708391666333893
0.30709160542730524
0.37717071854697465
0.4038429600670683
0.33145033490115244
0.4123425684923725
0.4125717229607027
0.3224000838947208
0.3380714979118025
0.36827493113569726
0.3025930583943798
0.2996306263618524
0.39564395214824727
0.27468712944035034
0.44017943683709126
0.32745496073262964
0.3397186439951719
0.3812237838824226
0.2880470259380391
0.36180108997550864
0.33735833277207183
0.4138195592372148
0.4842603293149139
0.3476096701898028
0.3498813289804183
0.3456408141177686
0.41965543186468507
0.4372098704918593
0.4239216388056312
0.31645547988333567
0.44581288232354666
0.3437971779334038
0.4512781822085723
0.306276944945213
0.2543022915250105
0.3329946325931958
0.36644144250821853
0.31792387966715596
0.2938615577026985
0.44001947007020226
0.32174719168562343
0.4545463458753259
0.2640125809428352
0.48518830305408495
0.37324429891910615
0.32633110972532164
0.3370605583834215
0.3199057343528703
0.29331632714228834
0.2976364886511324
0.4311586339971349
0.3332340754223384
0.36893961212981663
0.37358708804997076
0.4260134114646206
0.32477688495170937
0.43462324080469783
0.3426380972027238
0.4350334887364211
0.45257372978995364
0.43611896287236435
0.3522651554822237
0.2868004315487389
0.490915520368913
0.4141277235448852
0.46040979318190856
0.33705815770958764
0.5183236719955511
0.3164651117565577
0.44414996076859126
0.2913040765390506
0.2964964251048898
0.35355013482733494
0.35491665888563256
0.41643573352816543
0.3155200808933543
0.4619735732586956
0.4117878033330216
0.3671260579583124
0.3451156095218935
0.34287417481126814
0.32391839902359837
0.44660722822539833
0.2532815260661126
0.2850241685051936
0.28452645252331216
0.3706159280080129
0.33981619564494275
0.3547948240047539
0.4064838543671018
0.38644282326689744
0.43701853868506935
0.3690551682110616
0.20545642118626864
0.348201237530528
0.38258291150883006
0.34144904892197964
0.3832939464372296
0.3885817550857124
0.32303827611235225
0.41918901507635503
0.3778846321347511
0.27632636217146106
0.44611147687930314
0.30353956010288025
0.3714071777278109
0.3039220538246901
0.48207577316187955
0.3127221946175288
0.347942524180865
0.3654266039403969
0.4466245125114934
0.34647039420305425
0.39974532468239116
0.358762748161013
0.3384068928366078
0.33856890290085784
0.3086657949108028
0.3121639758738569
0.33513178170374863
0.2966309297818387
0.3725291411805161
0.4380571319495328
0.3126966896442775
0.3570575198578642
0.39258938463191323
0.4464162896688944
0.3696471845534172
