0.41630313388711493
0.36644266508624307
0.32116813404228856
0.35362008038966825
0.2777214161707203
0.3680057873556885
0.36850150611338695
0.3810632865590746
0.3370027360295785
0.37851189271988694
0.2582837800561033
0.35685467847701524
0.32644024678484224
0.3839221800435184
0.3641912211070858
0.31165773815037967
0.3368151580169856
0.4090865865339939
0.277397685515572
0.3035247238090252
0.4225630505720461
0.35854989830802114
0.3623931218825771
0.3922859227429353
0.2764148076185795
0.4508308539411021
0.3569232284136183
0.3438598595711669
0.4018961142828621
0.421787478167221
0.36401561435002444
0.42054725027322365
0.3224410149949412
0.4825111494650449
0.3353346999870689
0.4825960355308929
0.32112753717734926
0.41171805515702226
0.2760068509642218
0.3390778760705961
0.45139994814655604
0.35169433266367833
0.33093441971738513
0.37169657606598727
0.29730150192491483
0.38458111356818314
0.28921872948941574
0.3238179714668177
0.348507653105044
0.41724423436845687
0.2927997154163962
0.28358521401972564
0.316205996649666
0.3692524896605304
0.30169138173866283
0.3028074286306664
0.3334649106871616
0.4124685319233399
0.30211028528051403
0.3377029899481455
0.37959473736938765
0.287641492904535
0.3296848338560115
0.4775129769019395
0.34303931468423665
0.431679039651385
0.2747030753751405
0.36756495595905764
0.3824072095785016
0.39540927371168105
0.4470230203352495
0.3560140770846492
0.3345250098393541
0.4157246987434335
0.39162934112011777
0.3765772168127916
0.4716491339597149
0.276658522008642
0.38395174076069066
0.3614278404346321
0.3023487003017612
0.35215691372677205
0.437673116725029
0.4079550219544137
0.36744795042366313
0.356747451806404
0.2855449889765848
0.38179299192590044
0.33122223777345094
0.34214207295771487
0.3189498725293418
0.34230325626060104
0.40315009171735083
0.4226896904600779
0.335295887799005
0.36307137501189113
0.45120051403205197
0.47005109202136913
0.34225946098027105
0.2537527449556139
0.46248298892415346
0.38830784238130495
0.42269969576235666
0.4177744530422768
0.28713744258222557
0.36557248320284036
0.44148764277165525
0.42367378903175473
0.3535332324662087
0.4251776818552353
0.370401726250557
0.3958938235876658
0.33713054184390506
0.5005971027408977
0.2656582753069028
0.38787779107796017
0.31600484732636286
0.2887471361669571
0.3543669444774051
0.3304342594303
0.4234136591890534
0.3061834791107752
0.33930120174166944
0.32464014376415434
0.327259051759386
0.29273823721583864
0.3054119784599126
0.2945772860560921
0.37236811397251524
0.38435606769900466
0.33257539825800253
0.3714960537163187
0.399834699466719
0.4191419282207096
0.4402671198424108
0.31501225084241574
0.48687805733226697
0.3680527032132139
0.34627264328863916
0.29907141374971064
0.4249416522120388
0.30979793159664126
0.3688078727191345
0.3829702435192566
0.3133185697372869
0.41609955108369484
0.4299813927367799
0.3877097672582504
0.3778817815759492
0.2663392564719322
0.40188518688817265
0.43426675101163187
0.4753535262405128
0.33299216620551225
0.3698913668373382
0.4676490543040653
0.34876175344734095
0.42021402987186973
0.42647111764503065
0.48854032512006407
0.332754040587204
0.415951489722472
0.39264821998946847
0.29464686796499595
0.38175731830778037
0.2229876510297418
0.3402742179463407
0.32256928925801304
0.3575129892035128
0.39140812503398403
0.33847552335011444
0.49095034978241336
0.28276970518297856
0.3396448232228051
0.38033014626092687
0.3093678535042766
0.30291443853668765
0.42962264156352764
0.4917276070435167
0.32183786306870776
0.330581029295701
0.3133188755596585
0.3539286218157181
0.43154474609218213
0.3034905414028077
0.3503283668513961
0.3334649477969849
0.4111849189843392
0.3495293530279465
0.3830234260555559
0.3460565063777307
0.43902857452444916
0.36253640851194513
0.3364574907578185
0.2900654632655679
0.5813751715402792
0.35132776870556864
0.4157733730663373
0.33723994824615006
0.2744529695542958
0.32820953254430313
0.4861705076659401
0.325836791333975
0.3763608278772249
0.34404280694292316
0.2986562890709851
0.33946185341930235
0.4601179518752647
0.4006683470550913
0.33174457024813486
0.3833292402702592
0.28129118806384895
0.3789935607722407
0.40097972494427514
0.31233950093239987
0.4208364172434337
0.4565719060306862
0.3304366435268794
0.2975588008748548
0.44351115358610643
0.2949152984377436
0.41064375343386295
0.37752330407913004
0.3701754756654286
0.29600240289095925
0.2727339246286078
0.30337691212423684
0.33114798744300383
0.40360041089307774
0.4069231936787147
0.41601758481176254
0.39679014520819694
0.3090016318728554
0.3957626268059917
0.4573940079947357
0.4233733739091718
0.35329411304776465
0.35504957071188864
0.37895915433970756
0.3216826588227291
0.35152601500066993
0.26383525610973707
0.31951401604069024
0.3183958840386638
0.30251438681078374
0.37934077717975356
0.3471784089407985
0.341561829451273
0.3345583932975345
0.3302184520009881
0.44218079369991836
0.31725636249810335
0.4025898530605002
0.35000150674582103
0.27639992314135475
0.3926443391725814
0.342772834662298
0.33829548707822116
0.3702021450182971
0.36687596084347357
0.34671137806954583
0.35437055554137253
0.4399095500938257
0.3388244261031251
0.24146180500084125
0.2444271686171195
0.2901539265054367
0.41541731734839066
0.3508834649833563
0.3435848834799764
0.5242587174549455
0.33349156168625405
0.33321976238284223
0.3482835154706871
0.35227336869382747
0.40519914015039554
0.34318556883038875
0.3602962536671053
0.34033945347903105
0.23623098249889232
0.3485950787681791
0.3631791585262016
0.3741889151097279
0.28882941992198063
0.32789060742769804
0.3445084849914006
0.4463183269083611
0.33744110525012533
0.41647736446778455
0.34045250176116154
0.3381565322044703
0.41615301659804854
0.3086899605163373
0.42711316351701173
0.3056624419809191
0.38611666798427385
0.2981302205911963
0.3577346597811423
0.33395927264772834
0.3880400272930207
0.6232079264663494
0.3359229764110437
0.39330948689091977
0.32398209478653966
0.4458295157609975
0.345927939817174
0.400556532425907
0.4213169230282539
0.48297588442022776
0.38781596776541427
0.21557431755601328
0.29510545237966745
0.37614940108935935
0.37897027977010944
0.33514473136612316
0.30223112421683074
0.3119277859655268
0.3670811973872883
0.39916300107489683
0.4157953145161339
0.37014095862729907
0.339580880861575
0.33287904646318606
0.49428695585581384
0.3385677631824021
0.39810103339752356
0.3001181604537781
0.3217798526190692
0.25844172678662236
0.4502793084572429
0.47892740137231077
0.3962100292039388
0.377472834985795
0.3115873470095545
0.37484337758852515
0.38641271354388057
0.294485741733867
0.35597264872661
0.40841899769457396
0.3531431307702606
0.3419460372444585
0.3705802016165397
0.3401621511807025
0.3558277812853066
0.4912150876201854
0.3545382927943993
0.4242963739025713
0.3437446730426591
0.3318749532782194
0.33972019871151576
0.3798103781502872
0.39226593915703045
0.3438891060815779
0.447455783883192
0.445817429943498
0.3064584307476371
0.37509125714995883
0.34773248168359766
0.38661373717260644
0.39704538183497345
0.35185279948271
0.34451729046064755
0.42209016493673857
0.26375583208114867
0.2638675178498801
0.3336631976617644
0.29342173458795645
0.2775628669584481
0.37241303107414636
0.3095320939260667
0.4137229867685722
0.4168507769825224
0.3202416257310336
0.368266523373855
0.35720023376882154
0.280477816219492
0.2880644076781413
0.3489258365735885
0.36289743468750935
0.3315528006728628
0.29393986036988445
0.3416250224306694
0.30911261659523265
0.36434200887721196
0.3528397180244541
0.30834432062185635
0.48022665808303544
0.3893786905165324
0.34323804567321825
0.33529350171283206
0.3148137941513097
0.41883691737475587
0.4164207762230405
0.33097600843972896
0.3930246595211739
0.3466914182874862
0.5092539148034277
0.3375597566388148
0.3715183511673049
0.3218045439094789
0.4062545993741811
0.3676104983840427
0.2959464899721232
0.262265401941979
0.41807276696900797
0.36447821390287155
0.2609339764272418
0.4850229570985507
0.5022267972720963
0.38472293457058987
0.30333276038751933
0.285381476417371
0.43771115487181644
0.40160145944253656
0.42411909326053426
0.3251533622683355
0.417905610396171
0.5370204920334406
0.45280245679689657
0.4538421288814989
0.3316963509247776
0.29600717286442296
0.3943994418052965
0.2781616917688047
0.3483704508920423
0.44533688841021557
0.2460947442424468
0.44978290913527086
0.3763180934455708
0.4095027878894588
0.3171844524391491
0.3541698962120019
0.39520511430431726
0.4344075120836654
0.36276405476021706
0.4206753344233566
0.4517385698420219
0.4352382482002174
0.46094237505681507
0.3330766133187382
0.30390421593517036
0.23590480618726242
0.3804193366816427
0.33965604820427125
0.3317543762726827
0.35587214825275437
0.2953125160627409
0.34107763516346445
0.49879383120141196
0.37733446480400196
0.36324465029524206
0.4383300406626544
0.28312678856267187
0.27538905723331425
0.448449288511522
0.412157158514255
0.39121007965454035
0.26836808089813313
0.3294256948615126
0.37552220189136726
0.44932529207864585
0.43984895542599645
0.4157086098306265
0.36796214739782385
0.5566006065819463
0.2750488607576446
0.41293046254137505
0.29737963683826013
0.3079367166481024
0.38322825297280333
0.29184683724414867
0.24901280425936376
0.43980961240672006
0.3640734010693502
0.33077965037389195
0.3173331190093492
0.38765458683733656
0.36168466490067014
0.4771068988267634
0.3146250068552682
0.4144541328531224
0.2853674107466402
0.49114794194554645
0.3007705554813345
0.3920050714169288
0.3159416210842479
0.3384295963851236
0.35755859615555013
0.3395879755036528
0.350347019265786
0.33892289678180787
0.4748251748236496
0.4062505823335078
0.3090304333894945
0.38040069564117696
0.5076987168148359
0.34510822215375025
0.4653090328125533
0.31571038044256616
0.35586148623782476
0.3469035748557219
0.491570575106785
0.39489897704805177
0.3896733193145934
0.33855874012386356
0.37918739735499785
0.28231715632476817
0.29923656429310685
0.3351278249000016
0.38678728911411014
0.36714922289133656
0.3009953279942653
0.36083684917523917
0.3593495749994174
0.32486004339433455
0.26302464558161837
0.4114020086533733
0.39817425875066126
0.29793450065325383
0.29433932869844986
0.49124045829032664
0.342108212517719
0.42236278338486755
0.41052535896577097
0.4238481300537001
0.34617745059480487
0.4291041211963996
0.3070550478048396
0.28970000181307926
0.44401000030741966
0.36895693660296175
0.3529051703277725
0.3252867790217641
0.5222038477694231
0.41927919263082114
0.28513568375693704
0.38068786853222464
0.405978531597691
0.3640381752438699
0.3900021937472195
0.38343550079838523
0.34199345986719554
0.35303161368580377
0.2926045692808261
0.37642768799002085
0.35278315133816396
0.3339558138629132
0.4447581433153623
0.2974711296482531
0.2873305951201391
0.38485571404048846
0.38751156318354435
0.3029052881777881
0.30249230360444923
0.3854075743871142
0.4431208635000036
0.2956922032303954
0.3145244831871309
0.31883896619253366
0.43775701649601584
0.3678225673273291
0.3596640168849196
0.36160931400643653
0.29754699433687637
0.3129166368729831
0.3368020887678221
0.3798438295285709
0.3651304997804941
0.3704949822611799
0.31182563715023703
0.327655660477738
0.36818862518024736
0.4089339769049041
0.4133143312278647
0.5195355809244578
0.39856813610638103
0.43847294475834986
0.3091595614577403
0.4247816232813701
0.39724732628660026
0.341239576120056
0.4020876992009256
0.2919241063545721
0.34912482020158275
0.33139043803955337
0.3011171186098013
0.4185228963489257
0.29500705319129156
0.4559581712399892
0.48049015277069573
0.4432560246426385
0.37367440807565633
0.47422791343251347
0.3545907835236159
0.3269246447674108
0.4654105148206882
0.3006220234881799
0.38907276824874804
0.31075076552683084
0.3982185322058151
0.32105102260096025
0.3768508355386014
0.46866977997871306
0.41214266129999716
0.29361644265063325
0.2845976038657483
0.28448958316075307
0.4202902702025103
0.40627872972491696
0.44103425207614966
0.3372241635876905
0.40185637852220646
0.3113242051908289
0.32724626181101696
0.3527519873088382
0.3434141408513289
0.27993583441090053
0.3122140225043593
0.34617105337183085
0.4487508185813379
0.38103941397821645
0.3258542297143686
0.29220318651349664
0.3725053285852957
0.2970199654254965
0.3773284145515508
0.4433775236035498
0.48891793858185034
0.3624853578774407
0.35496962297502466
0.3348048286258073
0.3528358368467889
0.3163719592025538
0.3074918573117557
0.37470714346501083
0.4221323789622986
0.4188791739338469
0.4463071814651944
0.3467369601666605
0.2719426436582041
0.3966028799411428
0.33871454734543877
0.3838132025096411
0.4457332896620206
0.2868701921618499
0.3479726121490299
0.4083404594356296
0.403473583217167
0.40550496827809207
0.3342122139470519
0.39023297595826917
0.33530010998219034
0.4271465612405799
0.27176713364159244
0.354630207787647
0.477191576025861
0.34149887850956223
0.3251552857046159
0.31006298196122983
0.3506856648086492
0.4214859941879298
0.42453192582688565
0.3795075858670983
0.3914164665902608
0.40436022218626855
0.4020840462149584
0.3422514953614962
0.33189031733637575
0.29405223087162813
0.27567940081033615
0.4065636843025876
0.3197802055276679
0.4458072198639214
0.3973871974457824
0.4537990119042166
0.382814416817593
0.37302220316673435
0.3331987992476427
0.26995119777210247
0.30804420902386837
0.3871328448473203
0.387589756601417
0.45260826938719534
0.32914704917178234
0.33434984035601695
0.284250388515305
0.4077557314815822
0.4522839649057708
0.3366081809828397
0.34916823872911135
0.38150819068631153
0.36104649505818226
0.39762795294738196
0.4361746186243696
0.4556715852457825
0.3161780383787847
0.34506363743249413
0.3477715580657752
0.329925991366138
0.4080827024244879
0.4263295594542356
0.3672948433219524
0.41480765626214844
0.5019931585218462
0.295547249462902
0.45876307676420547
0.4427068449032746
0.28421143610458444
0.3699275816939724
0.3580930998097673
0.3731407983496347
0.36040230737186996
0.3380490853752197
0.2559901980550098
0.3755991142088399
0.30611503006930474
0.3592655991418297
0.3513105275468673
0.3024279513470563
0.370326280395368
0.37085514271678394
0.3697350116441969
0.40997739196734223
0.47072613427269694
0.4140776474531364
0.3423323390937995
0.30088926514487696
0.38492954771697974
0.37153917616490234
0.2370196934914784
0.3777318805306202
0.2544128137040906
0.3618800027399679
0.42983016995569934
0.31222400316047544
0.4352121509231228
0.3757179202149787
0.3099826194402501
0.3378927874536199
0.3179060848630048
0.2989473955284141
0.3600874663882122
0.4204593379068892
0.3369357424850355
0.39214328734117965
0.29767464478368316
0.4496115395383984
0.3161325295340184
0.39972048446036906
0.38542873143583134
0.40757389972827684
0.3712210562748164
0.3045140838896457
0.4702068105719995
0.4795248611211794
0.3304260765889481
0.2982373634276562
0.2635059269756988
0.3678112752751383
0.44772993644058845
0.34194091106499863
0.2877628202613387
0.4620824632571134
0.3869427878497035
0.5612772808893306
0.383078022548323
0.47880164427862953
0.4101549015760211
0.31317465628664004
0.3888756657073336
0.3755774770280918
0.31325065747939806
0.3485725855191166
0.4226059023284357
0.3631119129296696
0.24708424299182577
0.3488524172611566
0.38173824267073636
0.3020506587446483
0.3884532281887001
0.4208141021582654
0.3954206738523034
0.4617265225136668
0.3805226999680283
0.3545598191165921
0.4354621391683857
0.35832410611894355
0.47583664772737494
0.31263167723156676
0.32353012373935275
0.3206349246065396
0.3880562779657666
0.32731588880742185
0.3814843654421628
0.3453624695535816
0.48351736296309666
0.3770216855312545
0.3861477989132255
0.33761580372460687
0.3502156704217469
0.40807550666332865
0.4255405458663852
0.31179371008675877
0.20447432317275335
0.32922820875859293
0.34847098167085183
0.3956155215661879
0.3248076092689476
0.3916718695645442
0.3886201040266847
0.35855303029948116
0.29607812277127765
0.41517132722870537
0.3030234828536166
0.2967973706127907
0.3762981991078289
0.30572046231271144
0.3652821516980146
0.3906274695021035
0.40167335479947663
0.3229960049554773
0.38893112479247766
0.3499170678901801
0.3580219892658611
0.5124038328550744
0.34885116924886017
0.362899798119787
0.43074440491198784
0.35915796774970454
0.37799537968393904
0.366711165023867
0.3205210553194265
0.3074453660726658
0.434546993837121
0.3272289466867744
0.367764954171333
0.3689032844165657
0.41605550103197614
0.3130256008664272
0.2960134590735554
0.3988113264625131
0.3668939630354398
0.35600954369730314
0.31337264902870354
0.34008312446703104
0.3060134939661727
0.39567483789445773
0.43291713515500224
0.3877668934144194
0.40276950171855425
0.3976996054659146
0.4122935823060768
0.38706280025121376
0.36077100406130874
0.2770943693083636
0.3175016484808996
0.3643068733956527
0.459657816613254
0.35525161194471877
0.2975439771927604
0.44684615693175
0.41197263231796977
0.4298689399060918
0.4438226738433276
0.4356264638667749
0.44616894695146886
0.32757918701054906
0.38524480021673235
0.42983836703791334
0.39926046600095455
0.3463352873448666
0.3010632397039173
0.3575790620249065
0.36379416083901667
0.335700744848211
0.4719473815479002
0.33471049364300737
0.32766194078393757
0.31855561864078163
0.35133063385018054
0.3180634666520357
0.3178072487491532
0.39612596940889794
0.3023184331256245
0.3661059997967129
0.3939464304212113
0.4604825408657901
0.41199252525067226
0.38055711027205463
0.43906810259565043
0.43156255306523766
0.3615553978529655
0.3476054724250428
0.3214953810160498
0.42386378675359
0.2372534468445312
0.47871032986840634
0.4100622598874083
0.3223208130014139
0.4199453160966721
0.32493608187968614
0.44657800188920815
0.3713993844053433
0.3102919154756245
0.3053144208241486
0.2520774105234269
0.3474299379371318
0.40966810913496426
0.33264558211300704
0.4012193810229442
0.4655948782305601
0.3350385407757116
0.4124495076336325
0.3002008949821072
0.43666831866336253
0.3298829266544045
0.34235943752123715
0.52794007991509
0.43696492483323923
0.41027993409656
0.30672068589105717
0.3432591436821019
0.3530072441050859
0.42149691429219077
0.3681564558551176
0.28578620571917374
0.44961384977681496
0.35806094811779904
0.3173598664903933
0.4333119850220305
0.3551684323791911
0.3409828580590292
0.3103041916625425
0.3414965157309888
0.35539640415071927
0.4246834507007942
0.3894552807740686
0.4056497009179888
0.30406401751903617
0.42577576552685276
0.3998317504135789
0.45668627706609
0.31282797809674545
0.36512542471361636
0.38795118802017825
0.4191848821251657
0.32501122181017594
0.4165857731429117
0.2800535695219315
0.41623486572893487
0.34190920505995975
0.29969082844406714
0.4114132365943952
0.47323523529956907
0.4095503114489648
0.3799356921132878
0.38548260036943127
0.3263231460394433
0.4837609448796227
0.3350050116474318
0.2952174925409975
0.3648029692977504
0.42140783707466906
0.2718879679118296
0.3835652720509066
0.34347163189776914
0.3405921336243914
0.37955974610990684
0.35744674203661864
0.36611460816002755
0.4465542600896853
0.4496555685780687
0.30662181310472975
0.5845350946687136
0.29135188753687924
0.3834554665691554
0.3863532479647598
0.33474861234454467
0.3599772677869365
0.3802890979899371
0.3595562460028182
0.34555430332255843
0.5215844424080819
0.31334832469485024
0.43411778013137864
0.33016956742726444
0.3249367038925202
0.3455912069566905
0.2952741951100574
0.33768468952833885
0.47713760239527525
0.41470638255156045
0.34134748569550855
0.4760511458224575
0.49604799307688335
0.35894371434053024
0.3773437541374414
0.44639963584764336
0.43044708917603464
0.4096983598555652
0.3448680898802738
0.3784761754821675
0.3693939649419774
0.3118123029311268
0.3269146221319879
0.2761602090370485
0.3882544231291756
0.42239720360079314
0.3801656185216133
0.30375838190439713
0.43922673780188265
0.4644564696136771
0.3138369112614968
0.28085055517632984
0.34202857208705784
0.2743075830757399
0.4212768851163004
0.31324116204364605
0.35357546526060174
0.3087627320046495
0.5325694648265668
0.33703910850311214
0.6169935671092651
0.31867344130421027
0.34741249112055916
0.32360964535588194
0.33896411167015544
0.3192654137475324
0.4066983332585959
0.42384706110676623
0.358675045204435
0.3606890760007738
0.34110127756209013
0.3219683209645232
0.1984420920792847
0.42736716163066435
0.28554581475824314
0.3874761019821549
0.27095101745383404
0.48172680561667486
0.35558154437934947
0.3377452076196715
0.38884816954552337
0.38998803531440673
0.3764119408592019
0.30543037321012906
0.27944101407117394
0.3076162461073713
0.3991933608847399
0.3034908393219942
0.30187194289926156
0.36186102428312755
0.35806001319372044
0.3340085605597504
0.3618961290021223
0.4361263567239973
0.48354092603710425
0.4154554439116422
0.3765052955359075
0.3120283098403524
0.3307375251009888
0.3120380168111608
0.3536526197233869
0.3767219615190693
0.43104349223879856
0.3195789179198804
0.35340009573485365
0.4541915318488003
0.2869950476762443
0.4545750600731215
0.35125363400033555
0.3206662514172382
0.2866846381154856
0.36329991195872524
0.40374899266697845
0.39087989430201
0.39235683774568636
0.4102823016987984
0.30972741443796936
0.3054807334606473
0.42568886559988867
0.283632283288426
0.3285779371945442
0.3705485340898362
0.35819157062038537
0.36505150012006116
0.3499729851709906
0.3866594118244144
0.3678843489394956
0.4336882575538428
0.41315193709540354
0.28490261990631577
0.2528707244167858
0.41357746843271803
0.3892180149496609
0.34954849041649794
0.3948954912063297
0.31336678006327845
0.3128915506106645
0.3004677491601119
0.3496355657196684
0.445438763867081
0.2963721591350564
0.38071772541286314
0.38758298206845265
0.31251044075142986
0.2813335777691217
0.4301769348801891
0.2225564088512141
0.32396968167667906
0.43474708985995775
0.325055444253581
0.3918969981547575
0.4337505701390231
0.35983765153122627
0.43982223995269626
0.4063835823238084
0.41433055407245833
0.327781266907909
0.41137373110477454
0.323013192280982
0.3249027642441985
0.3761721703483774
0.2832696290248479
0.35769858410412936
0.25570800111880765
0.34382705044815226
0.4325231703365761
0.3757804015803678
0.40921415256392685
0.4197590708033439
0.41545514352707535
0.3081026451117501
0.27182040215086295
0.3704201521293249
0.38731318144912574
0.32997713240962784
0.3680295273155659
0.391605186475363
0.313542390481276
0.5316667952042198
0.4304583483631925
0.30678689760042593
0.42876002293020404
0.45119359218125804
0.41675383844111574
0.43996169654856226
0.2930589811590603
0.33807383073320507
0.5756378137001904
0.34541103738638534
0.2981356148243994
0.3718551807251813
0.3881482104983279
0.4090659271824288
0.3504911717245583
0.31446826219946955
0.3416822926343087
0.2810946517762103
0.3570615479167888
0.4098741519836607
0.34174755478210195
0.4328741760441412
0.33102587632866987
0.3700659389750117
0.3173649007062332
0.32408342946355906
0.3271935828015714
0.29133365192647515
0.39556173790478905
0.4006636669182126
0.34885955279027026
0.29093310955365853
0.36673616777969736
0.36983319701710904
0.31801872709398404
0.25412878190993754
0.44810787249923395
0.308531584926438
0.3368100932137776
0.3643988033542785
0.26129504462261033
0.3039250007050353
0.36406136186955573
0.3436860117046721
0.365383404694726
0.31514245910776356
0.2966828787222782
0.30930556357661576
0.31801651056397134
0.3492235829006702
0.30111459921023825
0.27097668711402223
0.5183729150512263
0.40558445139520366
0.4006484545947723
0.3872563333220594
0.3465325137507691
0.3313555778728009
0.32359794070210707
0.3378609874755705
0.36679413415938866
0.39808163700783733
0.3002416694684476
0.38750309666109983
0.2843127334879624
0.4928891294289833
0.37241396967571544
0.5540875882170405
0.41002553594961705
0.45828146096018674
0.29299163239325726
0.4362865621497379
0.2850419986287308
0.3316458244820708
0.3460678728188777
0.32270840779464943
0.4446988441690332
0.3713436590245603
0.4081202975071494
0.3751869141189519
0.3536716200577579
0.31699646314627467
0.3876388781551961
0.31598439968967007
0.34860418817649175
0.4362434786490286
0.35903432797409457
0.3572401879071173
0.2877275626707896
0.33380111051445066
0.2876453991550723
0.4371978152823641
0.3422470060680705
0.35552906427315273
0.2956526496444712
0.3346909633805076
0.38058883284878375
0.33572336077536674
0.3515456401718171
0.3219701481633675
0.3831426638251855
0.5276405107228266
0.2427670879811227
0.4499215377619693
0.3156653075446901
0.36883940899832357
0.4062254643136118
0.3221432335780552
0.3518787853688747
0.48179648351454407
0.4033072304818649
0.32283892739178854
0.27882350790247856
0.2971784219758907
0.3299434785168917
0.374717127512074
0.3721915236712348
0.3901807587012102
0.36896862042383904
0.3753464699578963
0.3605230955287368
0.3659349236526038
0.38630847805827645
0.5243626130543818
0.31495518533818956
0.32643839326463864
0.43034513558744775
0.30709470894927937
0.515940418158046
0.40374368100512475
0.3077245405496251
0.26699118838114927
0.3674950455361425
0.38343876618255096
0.34275046764877604
0.45530159072836074
0.3166519285520795
0.4610117385727618
0.3259599479809969
0.2915516547478836
0.4505814743935363
0.40472839087864443
0.34738629791794123
0.29817167224415947
0.3221095648400943
0.3108128297520397
0.3341382998939563
0.4345649195362206
0.3170788489653004
0.324135266996092
0.4408224860310132
0.32765042102726516
0.2836064106635157
0.2928711028485753
0.33506048634157903
0.3090670662913916
0.3271310151825795
0.3813524746621517
0.29499910696027964
0.32940154240057334
0.36459396094834806
0.36102769648809696
0.35453086634156306
0.33140054411563313
0.25540841349221577
0.4354462991107259
0.24191478228350166
0.3383478406183557
0.28541167444078264
0.42256511766840876
0.3380685401152731
0.3526212530589253
0.2462831352777995
0.27822693242052793
0.3764790108620842
0.4054595492959818
0.29100094945828225
0.4115739352715608
0.3593919128438636
0.40611500598623523
0.34790974324641616
0.33315204858476877
0.4010467611444386
0.4008022924481824
0.3195377390983519
0.35183350850335793
0.2872106108211796
0.31659248364726944
0.361269144505625
0.4911899697921811
0.2347728637181404
0.337987756643059
0.41418204323509317
0.3782858533331994
0.3152369392688906
0.35454376133059695
0.4398672040272974
