0.3165375691929137
0.2934631760526209
0.3606733365588829
0.28230243087844664
0.3628681157494418
0.3429329689532251
0.33218947066245724
0.35913574645142626
0.2859894018776172
0.2921802959407452
0.34917265168230893
0.358440985874773
0.4916108443909257
0.44521538074708544
0.3913185297584281
0.43435649204405574
0.3810577444676312
0.44078834527532446
0.34246883696135183
0.3357491418809112
0.3124979891141993
0.3321014981473098
0.34147303340324897
0.3659685574122311
0.4325597348599271
0.31350354283713655
0.33891011169159996
0.3579447941625975
0.34820470816088167
0.3382845060522622
0.41594680755194885
0.32471210972402725
0.3325069406637924
0.39265542847842966
0.4446361621093273
0.3466859060181184
0.44854524053558
0.3546872367553269
0.37565104068455574
0.4172853586760677
0.38849688517756203
0.3845985899953533
0.4511454938425315
0.33032973472801286
0.4267942743541998
0.43190787196703523
0.2834421772050592
0.3168998530114167
0.4383911134195348
0.3564610766664876
0.30398017905926067
0.32346493662976394
0.2749231029119054
0.4692402773628851
0.42352254101678494
0.42478088617457627
0.3315462359026898
0.4012092445567339
0.4134649029701963
0.27704980393396716
0.3479430511580083
0.29723263982890663
0.3003483997700235
0.397198852264839
0.3834155702525391
0.44070669100987614
0.3805923601691332
0.3952313838403134
0.35559064239903454
0.3846676683922326
0.38252337448314855
0.3971133561081356
0.25444607017489607
0.26741390665120957
0.3525367885147249
0.380110045898033
0.38139809557806764
0.41457405533107866
0.34719959774731585
0.3097604843764505
0.3243590362165862
0.2646412873168716
0.31120608433094854
0.30438797101953163
0.300805304735765
0.43864801816626514
0.3575193159908006
0.5222577841442722
0.3567806323757907
0.38847162202833974
0.348980340282947
0.4137295606942512
0.3651189294598156
0.4065285684011357
0.37671897297694734
0.32249924246409384
0.3431596526289842
0.33469625551902954
0.3340036268272446
0.41078357415941036
0.33498186838077526
0.3093291168720778
0.41871948029131073
0.32815537222948615
0.501587883178059
0.48303314313796664
0.4212782154830906
0.43712200409763247
0.34029776297630915
0.3854681422552165
0.362577045659272
0.3624027603220685
0.2938928274724819
0.3914687852775069
0.2970213768613721
0.37199454268904325
0.37760571669521015
0.4037883004503495
0.37084382483052375
0.36995741657971964
0.34025152728457075
0.3776794362594028
0.3488184680370967
0.3081934775852615
0.3774473722626177
0.27138620693664534
0.42145953208438
0.4347986138516597
0.2840345850464996
0.3200215706724953
0.30729604204043254
0.2864256864541483
0.2388109821001918
0.4225913933531109
0.3098584122798647
0.41273348965749534
0.33572518882461827
0.3207831549172712
0.3680474167104491
0.344174663153497
0.33149851978884015
0.40673284022123396
0.35926003575279847
0.40167827110587256
0.42017541847937
0.3889752394839525
0.3807398008100704
0.3798975188085764
0.5612154206487757
0.35984777194856316
0.4099238432609393
0.3226692262508089
0.4391315713490092
0.33545128688548465
0.32778347437870703
0.34407487973287293
0.5764481032495703
0.25977724919010436
0.3489164967518071
0.4509450435412662
0.3005649493910132
0.32781390746034816
0.32389210840461774
0.2880897087452825
0.3630732012904867
0.47275527504700476
0.33324993801364894
0.38976367724912814
0.28489498139840813
0.4330767379850062
0.36810583158616444
0.390353738575106
0.37158910762703035
0.43594060224058123
0.3732798705689046
0.48095567655144966
0.28159470347815596
0.2886438379202905
0.3469885468955857
0.4314949390394996
0.35659971174273397
0.27571562657933607
0.33214136357292495
0.3543822980046771
0.4157136868267755
0.3188909297320553
0.31535227073465133
0.4254570954514451
0.28751937184669824
0.49642692542067024
0.4018266858453455
0.4995514661114975
0.29415182584853083
0.2971194903354666
0.27359983742853383
0.30857629625554944
0.3188304111379849
0.32172930583263865
0.38193990711350995
0.33808242614953643
0.36907592556156255
0.28720858573602087
0.31864801654536956
0.33105746967611654
0.29290765547875436
0.342415552221346
0.3746079898396235
0.3457169500819768
0.4439048304047805
0.3918209059340918
0.3617919157532165
0.4166605273826411
0.4746843061129724
0.331952528216503
0.4358240659951365
0.36747943322690463
0.4309180873404825
0.3418630802717071
0.3787412822429673
0.39883569247033185
0.3923886663604317
0.26293696445770887
0.44731904313436144
0.40443217661284825
0.2955151669629166
0.39778352799686095
0.3438609270756507
0.40656802884287946
0.3282329497715288
0.3820798228134819
0.5284271678578573
0.38779966073857036
0.3189186574485559
0.3393088221175828
0.3497899245081493
0.42317063050148657
0.445507217342099
0.3479377364333395
0.34985365078486985
0.4433692386493346
0.35065217654743186
0.2903392017754909
0.3383639800899111
0.3019889082444518
0.4540373343238193
0.3639258308124946
0.32744543920313957
0.3729098978265387
0.36559835502770754
0.48275726781327877
0.5842199811177453
0.3232854217886993
0.29862391013447653
0.33290273334723436
0.31018548989328026
0.3272836984260966
0.3592773687618852
0.4055475711126757
0.3046633610751974
0.3386007086152135
0.3570121198695059
0.34918522342267366
0.34840791723451353
0.31824343508655856
0.34129091201393963
0.2729635245459748
0.3927489771227717
0.4662631400401946
0.37673051173256683
0.31395402561742897
0.3680267541925777
0.3345933063671591
0.3865649841620595
0.3501977120487922
0.33354776259981495
0.3250638122684826
0.32375320521518125
0.45401702067703276
0.3905501453162679
0.31816136194672745
0.4129418525473231
0.4049784588559697
0.4517631692275574
0.3395795012962479
0.37658541813551905
0.3140935189968371
0.393419384443245
0.32865850946483
0.41627803917831174
0.4113402911427496
0.31789695560289694
0.34345250969626545
0.30399964301041793
0.36777630302616865
0.41748326251216894
0.29800890459773444
0.3629769851322271
0.31800861322640317
0.38811467695761864
0.3038657546273373
0.33079348773020684
0.4357722336366573
0.328784646644004
0.32358545932641847
0.38720015784845774
0.31262916723569223
0.556657039619641
0.42110754322649974
0.4162624789438925
0.31400321365940653
0.3757178720048136
0.5184372833711495
0.4793661237714149
0.27778512615907636
0.2776804823511049
0.4106709088487982
0.3169163014636098
0.40810714175515583
0.4924618453306852
0.38396353270917727
0.32534100784624265
0.28538018585277475
0.2473900495787013
0.32220499749181564
0.2977019976378344
0.3404900212363479
0.3249280241711697
0.3321670065198063
0.48987939374257705
0.34381971474580253
0.3870239380854427
0.4062021312839909
0.4657936266939836
0.30430155166386336
0.3401243170814203
0.3060013267930549
0.36278416907055544
0.4560074590293477
0.3346029391322023
0.3692447843172689
0.3098423051552686
0.48895936226133924
0.36916411561763546
0.3718485596660731
0.41438189524789776
0.28917760566621425
0.3418667807367011
0.44429457457990423
0.41586603746030415
0.27911556845437585
0.256825493638149
0.3197832306731071
0.36349027181567267
0.299763836273378
0.32008516579730945
0.38684687440953003
0.28698655956375185
0.48368339852505593
0.3419436634923576
0.4025135512293779
0.3695110086122596
0.27762222724171176
0.3224945566511842
0.47730477328243004
0.2643103037758638
0.36321137777265694
0.33211625829602165
0.4113238604539167
0.3022288484657354
0.31362846555437
0.4693687920205981
0.3153654050520751
0.4164855640550296
0.27841320045930473
0.2862409112019252
0.3302946799374759
0.38935896960901756
0.3026436851336313
0.46107804285458115
0.29704524822041956
0.4221610605790177
0.29768587875822833
0.3820928119663057
0.3185459582148588
0.4276865473961944
0.2981475610630408
0.3418612991091732
0.4177991751245057
0.4061408928498425
0.41049984257164607
0.31517425161748774
0.35453962662300803
0.3573206589923245
0.38275760648404256
0.33974649003283197
0.3493241753266078
0.34455382311389976
0.39353307738065
0.3944748023967448
0.3621956100534601
0.3577475338154215
0.4498635539572796
0.4419680638849721
0.30878167303168574
0.23629418524031412
0.34942804146038875
0.3468112230258847
0.4224478465789211
0.3738958554341529
0.5096630560262935
0.27283875633857574
0.4233457592188158
0.339323708099856
0.493557543855685
0.29890567329815454
0.2559081265346317
0.4153343712513895
0.320771973738146
0.4503716053426864
0.37129995752670963
0.3337787066673469
0.47891139352105094
0.39106597714149555
0.3997958829954183
0.36572144458732175
0.39753087040384355
0.27719083017476176
0.2752514877430319
0.37247290135431216
0.4384456607917552
0.2986186833269894
0.2631895303559347
0.45218860570017566
0.48516084530316944
0.32030217325093807
0.4403443882561165
0.370828794435621
0.3042120845261375
0.3882265401326926
0.43548123319462256
0.35546893093970877
0.3403487518747296
0.425372111307887
0.31689376235194366
0.39899351734027155
0.452758706645262
0.33094005086507705
0.3071939921479173
0.4201063869688487
0.4492192537882071
0.4120414561628193
0.33949126607947255
0.4247817820062748
0.33693396310869084
0.21591622487433762
0.38977329148213635
0.387157081672435
0.3683450550437503
0.36841764639368196
0.3347072026559083
0.389033820913345
0.37694292865080237
0.43517192865637183
0.3009264392319722
0.4792638348097382
0.4572947187299086
0.3681569430335383
0.3295428129323942
0.3563495462667636
0.3713191840986586
0.39573122072376965
0.3550727025610153
0.3112347698176375
0.3707291364239601
0.28501233685708754
0.3920903526822069
0.3794798924891907
0.3865356100301351
0.3907758019996057
0.37989729861418453
0.3532122512071223
0.36682241423742584
0.41107517025020546
0.31794895406363305
0.29855829815733276
0.29246600701465225
0.46080438007891034
0.45248322394308116
0.38363366552339534
0.30932926800478494
0.38139909436323466
0.3982701690436313
0.34329518876137016
0.37802448511363623
0.3970668699536129
0.3926272581086008
0.3729706663484927
0.3170019653788873
0.3124917891470652
0.3276452889168704
0.4228940233484086
0.4071641316728637
0.4102614223422833
0.3394212457674812
0.48058857225247575
0.3813069232473912
0.5815465425103276
0.2853879280772161
0.4129852469063229
0.43944286745108463
0.5323332352588465
0.4263855866180438
0.3097159939560679
0.31583719013096195
0.3363255284934659
0.44381503448905785
0.3642102545350361
0.3561060939464855
0.33504763083861006
0.35420401605094565
0.3436151230088684
0.44801449252833225
0.4775279998022506
0.36320782946155206
0.4517771636797662
0.36939762443998053
0.3403101501936839
0.29266580133961695
0.40614510761634903
0.3557279266668564
0.36499459045268656
0.3334385089083916
0.36220506284479775
0.42683416641677374
0.36590584362156875
0.3134654569248301
0.3498276065170711
0.28791817755691135
0.3613322342328411
0.33874943088862924
0.35639107508217227
0.44510737852968457
0.45706934744466565
0.44557949921216894
0.4165374783917804
0.3755215720193279
0.3507622685381266
0.38544526894165543
0.37715479211862596
0.39576258058032265
0.40660751648828714
0.33739365673222743
0.378226922597171
0.4323282787151634
0.3694044132482224
0.3262496677057132
0.3488917384922167
0.4586054433303091
0.27888837821733925
0.3694925615181049
0.4026417719288613
0.391170263478566
0.29699972126005875
0.2842053477677485
0.30885943859226067
0.29206350980583884
0.37779916542137854
0.35598640534019926
0.3335033536939302
0.33146556306011427
0.31408369507489586
0.32929977685023815
0.3787596057618869
0.332393468183161
0.3372589412025422
0.3373484855235715
0.36870896211463283
0.24275131969567804
0.44025946114830067
0.29543160255531653
0.3033242125661271
0.3480120627388802
0.4480555075721234
0.28422078014856345
0.36488160182756785
0.357447562715021
0.32679401781054707
0.3137670649960791
0.3370474437588585
0.31072416278730886
0.2806219010845892
0.27263324134909983
0.4901992447392186
0.2986916082920968
0.3702519983341249
0.34484240627520246
0.4304145745640651
0.37238419831111014
0.31026805134879276
0.38573719684146346
0.3413696516772238
0.2898780768283414
0.26474743399888984
0.5290039243298627
0.3360210069005047
0.3539935324656444
0.4625145877829134
0.2539499385322918
0.3560467377632771
0.38354607930367435
0.36836928704981675
0.3285189779964848
0.36177533751686775
0.35247376659119656
0.3684110842612322
0.3663966414407125
0.3689016280845804
0.30536048590194137
0.3416392842654301
0.41239961434590655
0.3332971212606331
0.4225293921530358
0.40189601033701805
0.30290405191775605
0.43066691066249546
0.3766880686738978
0.2993488091887675
0.32330419190953175
0.3825936133453651
0.40275992160563945
0.38775256088791066
0.31960475982525505
0.2749484520895013
0.23716978560650184
0.32141808018255374
0.40997675801537825
0.39810680620120853
0.3429987514883687
0.34801869168850164
0.3610599399358484
0.39916332558295997
0.3140318939763833
0.24341527894823645
0.4861658702864015
0.41650824895940297
0.3018054020578231
0.3902595992831049
0.3390773861119533
0.33862882556394763
0.33986230084950614
0.3525900705513151
0.4003091767413243
0.33551222019637444
0.2226133260655307
0.43446786446088087
0.29824458025293027
0.358949434809533
0.3167927261522882
0.33572249605747967
0.35179105237347474
0.3897308199948961
0.4457421223469331
0.35274810881301866
0.32540570181343786
0.37648655076278764
0.291503664093967
0.35394981561837807
0.2860351470892246
0.4140438346431372
0.3807398431976424
0.40432811833078164
0.275539648388103
0.40476341803174837
0.36158413607177636
0.32824079332642087
0.32650494990657314
0.29734767396173933
0.3557537845914014
0.3257600225905511
0.3077064626010886
0.34314039757054504
0.42176361668225465
0.38122415796481074
0.31028208415021646
0.32862881549592077
0.2672885520885693
0.34914123126842284
0.30694136434000674
0.42299442836773
0.44045880834142015
0.302771482243827
0.2549621018258673
0.301108513132158
0.30614103972784557
0.37931027939959305
0.2783108328855308
0.38880808435099423
0.33907156242766606
0.4658303185064486
0.31743151257593494
0.24941516533550337
0.3169617722926125
0.4081800767836898
0.295171913703323
0.34261057254509075
0.3363147582446338
0.39280958720488157
0.40642109749915606
0.4098279027040442
0.407748141922928
0.43335343553274136
0.4505706253567112
0.41690783430486134
0.3786154215621106
0.3251165592387451
0.5067099854375079
0.31399317537686094
0.3237622815169919
0.33631430126485923
0.3620903127898458
0.29648237269337513
0.3070574368824396
0.29668099710092627
0.3252529733074237
0.43703088209021645
0.3644700490631444
0.3724634403784452
0.384902098441805
0.3776391314408274
0.3995391866259932
0.4312511700116172
0.33093258829799393
0.3771874646760992
0.3251803269450878
0.3702802591321615
0.2239101407687128
0.4475944814051474
0.30064195885911615
0.3140788814959427
0.3101352023935031
0.2611951356853453
0.39529017667115074
0.3065103952563871
0.280941168351961
0.3058188832326428
0.38193423872361904
0.3466652255468951
0.38442936430228186
0.368785004344929
0.3546822143536616
0.32330652256689707
0.3872213509784137
0.3346755150761448
0.33190293607932475
0.4033430331392501
0.2965812861158475
0.4111614324435421
0.4706282340721004
0.3511778533350029
0.36604568777113794
0.4393204188405313
0.27654234386488447
0.3805221851802065
0.34439963009473384
0.3887933607028377
0.3633781837035174
0.3122655205994448
0.3373416690519166
0.2770149346058663
0.40178017597744353
0.4156756249247844
0.43581910737707236
0.3131476745275336
0.2969142913052252
0.3133589893526702
0.39864670713143135
0.3654225512098161
0.2906478684391401
0.3587048849571316
0.4252408697476687
0.3181336745596805
0.3883543649386525
0.38984856169397836
0.41425408772836037
0.3681144883472059
0.31227044119931563
0.3465033148492253
0.31256744042272483
0.42049324465751875
0.3710151891716853
0.28259713194070024
0.4123167606931223
0.28935807469728797
0.3429053708507496
0.4435846696217784
0.3956041680642325
0.38105972854759956
0.25588982993186377
0.41655917811374266
0.35427695168976564
0.4170973076245659
0.6239727089788274
0.29471053191120805
0.44285859202292727
0.3119385203755546
0.30257887956513907
0.27223082164041046
0.41690489424202803
0.45422071650272483
0.30816942305717954
0.3650322470063597
0.3900205327676743
0.26576400910798104
0.3919021550026591
0.3398747992249743
0.33460033504654196
0.3083698722358926
0.4075718934538489
0.3813059043609698
0.2703069898233895
0.40120440889196346
0.3404047656044219
0.38825136386381165
0.30470428451607356
0.36345314183412464
0.39666679694381846
0.33444521036822994
0.36558255263894607
0.41126383600731337
0.38054411412921924
0.39976339369338204
0.3601127298041105
0.42253563624660545
0.4232391016734987
0.29671970561056055
0.32424398776842817
0.3565997517880103
0.4225177500047121
0.36279068422631844
0.3820032432221079
0.5243866132038364
0.34099422758455994
0.29365245198249545
0.23515356338139592
0.3772888081838218
0.4914886738987217
0.5552962051130368
0.41580057990206193
0.30324674102569554
0.4196603683837894
0.24277447930295576
0.3948138318007525
0.3806365260065333
0.2999575765625746
0.36861454197047117
0.3105126392245336
0.4170874013662625
0.32763921363935816
0.2825002002782434
0.3475326315195167
0.4616709604290662
0.44050295455067484
0.44642586351002944
0.31298631219949863
0.3918634536886508
0.3172058446774742
0.3841356249916631
0.3531997643972872
0.3258614031222135
0.36521768698376944
0.4803373761662566
0.42007611401948475
0.45106531582086934
0.36473139826394785
0.40161242535743
0.4375585226994915
0.2674776851287089
0.34304746414678833
0.3155752707477054
0.3219500700960061
0.293396831828312
0.3666567390756515
0.3430918242273665
0.3729919664020889
0.3551730766135068
0.24745335021536777
0.40747310685406263
0.35349042051235235
0.4031438157708562
0.37827019713209725
0.4304034967456597
0.3263667580612061
0.4105276952049047
0.3342693562147596
0.23711629863239328
0.351513510814413
0.44696422961715015
0.4201784383031702
0.30153536387721175
0.3602343397830443
0.30380857350716695
0.3284788096115117
0.4774882551149953
0.29047140792559645
0.33551840421747764
0.2926430610279073
0.3316472850088096
0.5154984211013903
0.48254946438280294
0.27340881987511656
0.3963383683279149
0.41303048038185536
0.3789116991620967
0.4011760445027847
0.3700703743614504
0.5376234841258049
0.37781669148865216
0.471319293748093
0.355069883545845
0.37610607008444047
0.30141534045402857
0.37000814065741633
0.37739001165776664
0.46163514513740184
0.3961122133834247
0.42398964175933346
0.36377234361843214
0.37046866534650036
0.34547949478540046
0.4271604845329783
0.33845712893843194
0.3244866950894834
0.42415193800007756
0.31076519506437644
0.40995327786924496
0.41960507738988695
0.30190851199882585
0.3878061504182851
0.34629771858952907
0.39200752918471093
0.44064221473706394
0.3092330660103721
0.2935005671279899
0.3587745467069542
0.3318260243339357
0.33428510569845066
0.28356816380254274
0.381918575745804
0.4519958079858839
0.3493214905740806
0.33015291580185485
0.30332097607832587
0.3430231332412775
0.3885475696549806
0.34835677430749473
0.383402993044894
0.3444378134566905
0.44664036613381536
0.3844398877159659
0.4741656044128077
0.36206560106579233
0.4911867704638097
0.3402832395349215
0.40852680088095583
0.3048462133347385
0.38958618203135187
0.42318480714969364
0.31281183743839647
0.3388558680462586
0.43434764136812326
0.2867514003551071
0.42365979616887267
0.47251797457883604
0.41579299928639507
0.32567577662531044
0.4095085773561497
0.3428674807167634
0.4101765926789353
0.29863542524523634
0.4057554398982739
0.4858236257080528
0.34697154931924945
0.40918450298150083
0.2949824585959597
0.2967145933321292
0.34493865461318324
0.3292534172432095
0.32239306808636853
0.4307123237482502
0.44899115225791775
0.3493779300832883
0.47134472159708374
0.2952036768737794
0.34594643655399665
0.3228398657340265
0.41737158053581186
0.3594106072946011
0.4019901219051552
0.3279802196924323
0.446740177855255
0.4423338538596758
0.3880748060840716
0.3496585803102093
0.37995477958121127
0.37338821503825365
0.4388484572085929
0.43077659678937413
0.4773174824600534
0.3249753712083586
0.3675365644039774
0.3882287860142201
0.38838241204108165
0.3522334486723085
0.5148250565760661
0.3126495714376173
0.36744585390458456
0.3530731217391671
0.4064093167088832
0.38429044170892496
0.3552340887883088
0.3597144270515923
0.43047611799963525
0.3517515883122388
0.43633265454889436
0.4258792340086168
0.4194995454245697
0.3303079004651193
0.522230471086329
0.4552638635925775
0.3092691667436376
0.3106064624419641
0.2539791962027734
0.3768514985732855
0.34590359945155663
0.2988798214563149
0.37173609034994815
0.42790329700594043
0.26344595713748487
0.35013734988238115
0.3601926395136638
0.27922862050906194
0.438175555474701
0.2858458542782825
0.3335016589147573
0.34162668606948693
0.33229025600423384
0.36010447277341867
0.33974869294591137
0.34276890611261135
0.3749571428467121
0.38710987132106506
0.4488278777265396
0.3675376986406015
0.35362349192901255
0.3597722314935616
0.36430476399454786
0.38005360315238046
0.43775257564560666
0.39279698547067415
0.372267740859645
0.41055068719251153
0.2592376500028639
0.25258222586544604
0.4136961662359103
0.45653540053110925
0.3377115511638319
0.36712938159878195
0.3445140712344798
0.4127311813495569
0.33913106570506946
0.4265917215531348
0.4039753978133939
0.4923226445544403
0.4462332051095325
0.40887416926959497
0.42130139740650185
0.35161254292581146
0.48335831293320514
0.4623673617304986
0.2483047199850749
0.33451296771478917
0.3366827869798892
0.34027427225535334
0.5245691562543257
0.35263796975245754
0.4045945811705357
0.41049276436002247
0.3109996428022291
0.3386886445563865
0.3071302130847734
0.42489082838502257
0.34437406119774294
0.3806047963784696
0.3446036421905819
0.3454021733789375
0.36214184175305314
0.5327141235430995
0.3891741959164913
0.4424223237845592
0.3894867068633563
0.3355086725976827
0.34226914900448735
0.3883380119135734
0.2877089091167621
0.503468578620243
0.4912016775941807
0.42552610805109353
0.3212975069147094
0.35736214725672855
0.46101283796798287
0.341452314884168
0.4249522330890544
0.41266355959283835
0.33192470114083683
0.31977848097804107
0.24607929028288275
0.3780906347215895
0.35029871524344725
0.3180900871428924
0.3460004361035246
0.38396701554080026
0.3600708604872998
0.300740612178143
0.294881210027909
0.42094349392920954
0.29397006666808007
0.410613239720205
0.3394397733289907
0.36814991659742885
0.4486512518843319
0.318900304913495
0.3582748536535961
0.2976481566246493
0.37206294621882724
0.3566187142043511
0.29430544910482004
0.4293336071508823
0.47600555806587563
0.3508625955018997
0.4508354976395331
0.3371847110031015
0.5201424017441847
0.3998300831702106
0.3389622198722806
0.42058275076295426
0.3283416639709407
0.4143660734715654
0.3047052679853079
0.33159927455707816
0.3252272965000095
0.3592182868667034
0.37354963529479507
0.3524821534942751
0.330099193202063
0.4012278910958407
0.36931547948940974
0.317473654754913
0.48336873887189824
0.3531889025617343
0.4257469809640613
0.38775839709723786
0.2070173850360714
0.43326408537712163
0.37558750972983207
0.3654479628671032
0.36218934551263815
0.4374310943535759
0.348781452236294
0.41189793325275204
0.3371834018083437
0.40066951980783894
0.43046378356551607
0.29732533356097623
0.3879847116002693
0.33891277889534693
0.3428564134600781
0.27606062137955634
0.3561695119548646
0.33399708525834026
0.353331604333492
0.3017904857418067
0.29997053055597905
0.45829301083371315
0.2810112500401501
0.3093124072642357
0.365724989789421
0.35769026815312155
0.28791881347190895
0.3553076161559319
0.3320932699900514
0.32160443557732216
0.3442130595160803
0.1995630186663274
0.36567175405310415
0.28957589723749483
0.4300456226404661
0.40446439283867497
0.3614711988811436
0.3161273345364278
0.49658816475888495
0.45428784632828845
0.3579132652232566
0.4393257400658703
0.30623206121316776
0.3852915324378772
0.3924480794630755
0.4467584991767185
0.40581337953389857
0.4660410132321836
0.35228267207502656
0.4238839805985315
0.3103690877685034
0.37240367149349085
0.4465530551474183
0.3198180370994009
0.32890775329230415
0.30401236606496335
0.28586454392667326
0.3492247605308512
0.5026096491819794
0.3492348515830498
0.32297363081664776
0.4741912709139397
0.6183556384193442
0.3261301683827764
0.3963179413156031
0.3153990679626787
0.3074151114778571
0.43161555815193836
0.40676810168540384
0.30282636844791655
0.4095321297000355
0.3541125676360157
0.44996747127494946
0.3753924215861907
0.4169808721142336
0.3460608850313773
0.37603304106808383
0.3964470534507995
0.3935849972779762
0.3973673554250819
0.36059199922353974
0.3181252192188219
0.38342515646622866
0.28261640592256354
0.33114765879538344
0.4350572085913772
0.3644975141929836
0.2850578155207159
0.3438993586402384
0.43436485656858
0.37119890669951594
0.4854074987071796
0.36343015070913187
0.35866924178542
0.31555359641610514
0.29569684962103665
0.32303201786414426
0.3516338895676006
0.27014362614619924
0.288619707776857
0.38422119916529796
0.3169789019112109
0.4591168463137392
0.41521127912883443
0.49213006437753387
0.3435438071757588
0.4131158248980593
0.35362161466636644
0.4207694589588534
0.3207310290656783
0.335742190582762
0.4197274591541749
0.37073545545899367
0.3359858071474293
0.3004127028311908
0.3043321185984674
0.35074640780550087
0.28527301966500845
0.3131783113898631
0.371147045478821
0.38002671003435623
0.3140030285607312
0.4022268465782975
0.38820896952171974
0.4764731585663176
0.39934001563952665
0.3473174183520886
0.3983612947331008
0.3789113415600385
0.4585385135590327
0.3880318976857968
0.2915773298199604
0.4619678614964364
0.3477234742685858
0.34180180937001925
0.28045597631535935
0.3590766373719953
0.3991239478760331
0.30630166569279144
0.3507161693107862
0.42164671823828276
0.3862306499939081
0.28735937865029104
0.337334973635572
0.33872137110399714
0.3734124793269553
0.3124778621102996
0.3383460676230186
0.48247593526465926
0.3526315706819796
0.34633768021384803
0.33789337293447425
0.3579308050814653
0.38719681663438693
0.29379523286569825
0.3157288676323363
0.3179508302262941
0.355425973553494
0.2848046465513122
0.4463563628617687
0.32830034400528363
0.3548354262766869
0.4528943809826646
0.31424576888464245
0.4206484033418358
0.43200321875391906
0.32297058715708354
0.33169817273236185
0.4352991276097572
0.38593614450592706
0.3966779289157899
0.3091534923642229
0.41674365277424497
0.2985830909614396
0.28829395545058406
0.310775104772953
0.3039135508231321
