0.34474598314137594
0.2616890535808883
0.4314301851128433
0.3816893784059425
0.4245559329091605
0.324073274841191
0.4262913955827403
0.28372528145235065
0.4002258149678198
0.370079171384568
0.27075090271861474
0.2708978248128935
0.3770289095467799
0.4033655975984051
0.4086466253522145
0.2856979493351448
0.4330329632872864
0.3617541910926968
0.3304516011176577
0.3904051422209646
0.3367913085328306
0.41551529034071577
0.45183620991361245
0.3185080782642151
0.3239175964266859
0.5182275287483901
0.4594383341706756
0.3504985197588529
0.35824591483931595
0.36305786399165674
0.36585443227531034
0.32691487444098544
0.4573246104665461
0.3492814290597162
0.33305991894584025
0.3239351238782343
0.3096752390405434
0.34010693717278667
0.3586667554377824
0.3330129952200968
0.2754738836135543
0.3444306920432855
0.27592242170649756
0.4341614446890844
0.34139633362079896
0.37433114733195333
0.450641708102869
0.573565141868111
0.3474396947837949
0.3629390599048612
0.30162689547262667
0.2923043041000527
0.3285291653659665
0.3446445749719098
0.29954429395857557
0.3205857792660984
0.40569731618866184
0.39541271295036773
0.3866807341571882
0.3373156557209403
0.452454217862063
0.3333488807172824
0.38935144193437116
0.24086931961141608
0.38658880362306114
0.44451093355882915
0.23393451399774012
0.30552724081904437
0.29279350151895583
0.33935230185626014
0.37740885889956327
0.31271258924180106
0.2965129704094114
0.41182078080916357
0.3457277952283086
0.37196019687928
0.3689214920980668
0.39412033693010384
0.40498190522226957
0.27482728611520235
0.43816992517284936
0.3572048084323052
0.4196181221820318
0.33943835583627624
0.38723840559925377
0.29636278467285593
0.3321532507769147
0.3586704050304527
0.35379149232852053
0.2858879628235177
0.34058583670973747
0.4213618712637209
0.3780266848377326
0.3328002527330948
0.34903770756713853
0.30589673006376017
0.4193697621043382
0.2971054395122465
0.3831862324936479
0.4838624373551214
0.4331966564544126
0.4584231523755233
0.2930444289083107
0.36232680700325637
0.23428975670603003
0.39642261058886863
0.39681179520063636
0.3343691872117332
0.39588758684463526
0.4823761104345092
0.3267370018345078
0.39336113570317377
0.31308821556296584
0.5362632722933034
0.3948856893649207
0.385946429716634
0.425971685685926
0.32001218032222617
0.4786358505046586
0.39385023439696426
0.4447623004031092
0.3546807982349952
0.47478134400586713
0.5165968776403157
0.3477906836775124
0.4007629792790369
0.6218700281611879
0.3045688436614161
0.4599292714482207
0.407389356031698
0.401938262115216
0.35515584022915353
0.3663119807033539
0.29068354041240757
0.3663870087992583
0.3570800035729393
0.4114707371357451
0.5235733130870712
0.341848362040857
0.5235267044628185
0.3058610268838222
0.3399338109994005
0.3017054303480434
0.34099958202205605
0.3634099769175635
0.27763313063740014
0.391875015733335
0.4192685287943784
0.378970014798644
0.2900735858188963
0.30937966986127075
0.3284763458317785
0.37419470722771253
0.3432303905219336
0.36739372568211043
0.43878813776475245
0.4202028508367179
0.35386184627645284
0.3218886092217467
0.28612702499262754
0.3514590654302847
0.47218628616547786
0.48981607021233936
0.380709480613156
0.364842645831814
0.4073874791721864
0.35596894142629
0.32964149752859573
0.423498825754616
0.36659040206569965
0.38740216105719594
0.2864187655591112
0.4148721168053894
0.3172765327296297
0.33224100201825
0.41306875543884874
0.428032177816759
0.29298770586128997
0.3942723710048607
0.33775897808331196
0.3784587880474524
0.41645159307534774
0.3960194159137451
0.4297604824725213
0.35746584518150515
0.3503307272460882
0.36754001084991383
0.38936936479269746
0.2941928182828779
0.42000619288198854
0.28502087929870273
0.3877312706972569
0.489750689402123
0.3521593268116945
0.37093468258670614
0.38414627103665017
0.3460527151280373
0.21448216853621227
0.35223730393946356
0.3846021871264111
0.4778569041457781
0.4423140081119247
0.45563446378294936
0.3150780912811226
0.34029432090249123
0.32650745536669645
0.4010390351202626
0.3673416917801241
0.307547285421221
0.4670270871068417
0.35288308605537705
0.4243933806325065
0.3166444344347861
0.3891993264720576
0.3749332882465473
0.49862808774423895
0.3488672365585615
0.43283055634646395
0.4326112039132881
0.37348153348923696
0.30837133445743564
0.2934661916299426
0.33530837313678374
0.32951508703005766
0.317237193509296
0.3925633369143694
0.32806281592924363
0.4201343683690187
0.2835978439658278
0.31844093756641323
0.3521014050029443
0.36226023786222933
0.43423084850849786
0.4359891255435856
0.2824770572375322
0.4149978764841103
0.2953436010650514
0.2891281651617457
0.4218225102374946
0.4016529375121642
0.3729200521735751
0.44979994900697257
0.3715284290587339
0.45505132224171957
0.3112232619945505
0.4195241295476043
0.3832684928379871
0.38445855233047205
0.345142096714011
0.36346232853030186
0.42055428750697516
0.2790017416871426
0.42744694723924104
0.2606883856588696
0.30472290186202716
0.4167350591520307
0.2531875144684731
0.31242682689666496
0.34787512293112627
0.414756309511643
0.2897645773644272
0.29551910401673825
0.2823567517073855
0.46834637702727483
0.32966681537509757
0.30685028524772884
0.253303234915724
0.3167672620939118
0.3203529020952925
0.29068213081387334
0.2979431304935701
0.2766715115864132
0.4423726863231962
0.31519455755822334
0.4900132881040393
0.5320362814383045
0.30462161092728024
0.4086523804130185
0.41860683113747343
0.3080455201061893
0.28945972068525566
0.3487885448462493
0.329627325101532
0.2749015869697259
0.4241905959158835
0.3368839392512557
0.35207731437536816
0.446722137838301
0.38605425596739884
0.3206201650912196
0.3405374818075858
0.3117756408355524
0.414940826618514
0.3398047879393294
0.3632777001885845
0.4005009665809406
0.3954969167239614
0.34441436337623776
0.3517706816109142
0.5198406587484729
0.3372299748871744
0.2923596730439672
0.37341959274280734
0.27945118544698067
0.37439514026456727
0.34975548142910956
0.44109515599468985
0.3993882747613652
0.27359231813249185
0.3494404805030308
0.4349908082679693
0.3726058970180509
0.3463173126380171
0.3904507129802222
0.4380427615334512
0.40191189787931203
0.254670293165595
0.403515636078554
0.37711793586253295
0.3968835170478773
0.34095106170716316
0.3380793148202534
0.3640961418457401
0.3582272412332898
0.3705304470580135
0.29898697502375154
0.3230831842691913
0.3581381852753348
0.3245319087686143
0.4279529634772452
0.4196970502551421
0.36753572807436363
0.3367617283679749
0.314952167680237
0.3670179239714949
0.27951168323357
0.3357972104470251
0.3756428247987466
0.37524339470228696
0.40928667431008553
0.31840349328584094
0.3602361546414952
0.4745435246505881
0.2824644615218131
0.3354591449738774
0.35150859184613703
0.3481484811450915
0.27354105572168297
0.30590526634307547
0.4164725762245845
0.33200730402407475
0.30113810396662616
0.3377709579435169
0.4073904327653582
0.34358680686295356
0.38323298422731494
0.34264430981760474
0.28041864777863035
0.37135877078059143
0.3337156622634878
0.29896677976195724
0.3620714726128179
0.38859901035265
0.34847405958485955
0.38395987531395387
0.46582558464414936
0.4476458799985806
0.3175029261860294
0.38188450949497577
0.40954076614006907
0.45883461105054757
0.3357482750433516
0.3152868088880642
0.387276779493858
0.3872256149297936
0.3416206032589509
0.346770753619306
0.2859824778175022
0.3127828603755987
0.4361182743461697
0.31788557103107307
0.4837922035240814
0.41401608152052977
0.2820528881033613
0.5813910994457503
0.3142497186586132
0.3742150199173396
0.32458370507716194
0.33235117465158537
0.36651679331839926
0.4672484544643107
0.43683057558654204
0.3796571414668867
0.2905531216700835
0.32867881264704996
0.37886663112523883
0.3045988683722675
0.3742819415085961
0.24604356780402648
0.4160902776010169
0.373647123571941
0.29514567159674965
0.3033376333337974
0.3823457883509765
0.38823045936489897
0.48986729446788
0.4688217985992187
0.42092023671522655
0.39703342144868053
0.36549636765882393
0.36552867881047413
0.3458706855397855
0.3551781282238574
0.3582280823782182
0.34815480848039154
0.28953384719446174
0.34021523156315503
0.23405345325341176
0.2529591278495691
0.3969010258481681
0.30883114048249577
0.2931782594076538
0.3239091310955778
0.31910721022104704
0.3414177015161253
0.3604880842361412
0.47695800952762335
0.3014125244005912
0.41987652837166606
0.4319758327172166
0.37040102926468166
0.2503504908911995
0.3685545439287691
0.32979140812280405
0.4333545364485165
0.3414077834134742
0.3440265812915202
0.44141427659879345
0.40649268843837544
0.23680141455252637
0.3461134580235058
0.48621293735003285
0.31158147798181685
0.3788110818130428
0.29932352427987075
0.3242423012400604
0.2912719616525837
0.4867997696939728
0.40851160520558244
0.41567645462948294
0.4733303832309473
0.45349452964081555
0.42254199533307835
0.34874402461829174
0.41688289416523333
0.3145071503895065
0.339014366990689
0.2839812232596615
0.40517417525371097
0.321695854475275
0.30160585294031467
0.350997419148108
0.33593465119693633
0.33662906016207206
0.3570917828104683
0.3118039215417028
0.3010564796880075
0.4201619164500973
0.555678020994898
0.37060303046711063
0.49427377924265053
0.4131174168869472
0.3443721729193519
0.31845298802733935
0.2936455310772263
0.35988193482406916
0.35160203805892404
0.3138221934825497
0.4251833841370898
0.4090736817786398
0.3202385733105535
0.48168380835227453
0.32312274991910794
0.29668837635062495
0.3878166239309233
0.4018868868065842
0.4683138700941369
0.4140811241201154
0.36763759225840326
0.34921412661928425
0.29205376519807985
0.2849689517926768
0.2619535243661795
0.3480609131173096
0.41302969961601155
0.36806159777732844
0.28556080314392357
0.5304640133718027
0.2906086432940068
0.35816606400863127
0.40595860188744154
0.5065025170926984
0.29426093863984903
0.3567139067443236
0.33187283192410855
0.38720504455218874
0.32466004547858984
0.3759863706059605
0.43804223139448306
0.2702240732357265
0.36359844796685153
0.3017982110382554
0.30405228817501545
0.2766307148699317
0.374081394280734
0.475699989403711
0.4281622528347422
0.2550352417600218
0.3580762857083638
0.38596036220204677
0.3659345856526657
0.33108661132992945
0.349666847548631
0.2959042488867455
0.41869066175970376
0.28101622668747084
0.378314672889134
0.41750994512413936
0.2938355877701832
0.3169207246503301
0.4807009937643305
0.33713934725972344
0.2841689883827827
0.38538764658153557
0.3709071658431056
0.3968483182593485
0.38514986957577135
0.339726870930744
0.2992920761075451
0.37786175200856204
0.3677227620986122
0.26191301492315594
0.3643778107468659
0.33176279159018424
0.26234556936529285
0.398903937785479
0.3313021495230047
0.37889615740755034
0.36182219306324837
0.3692020333183
0.4008302825092249
0.30169834842442383
0.3023837205772279
0.4406221934958487
0.44591986148722507
0.3182908616192292
0.35603109918320075
0.30591966635190004
0.44585991703282224
0.32128673810734526
0.2686322794328384
0.30668833451868316
0.44793974856511437
0.28752152271790093
0.45054574437866945
0.33698508731323223
0.4286542137583186
0.32829738253692325
0.3598110329859555
0.33495520773366416
0.33994813186670647
0.3097391295023208
0.37612203867066496
0.4577624225331045
0.3629566173434259
0.383838844307132
0.37790640246955043
0.3598478283554142
0.4014110464129246
0.24127283632104846
0.33140520020579434
0.4202030425270306
0.40327708569096576
0.37451819445787526
0.40645523757817
0.4453546820324544
0.36593363310172483
0.3778587594530201
0.5167120705370686
0.3022111883944525
0.3804718120677268
0.4129134729312876
0.3345994182521624
0.36289436115490553
0.4075058911868262
0.3099266436742876
0.3399297005598716
0.3588150476837433
0.4455790678744603
0.3836881185870181
0.3152760679272816
0.3567800838581406
0.5219943763434659
0.3755012171403669
0.39105520701920643
0.357105522352539
0.42852959150382064
0.2906831993495072
0.4224543395269048
0.3835340378645462
0.3316691261137875
0.27979985187656814
0.30188625599337915
0.39368502644178627
0.42194437452025313
0.3829283374840555
0.3112530773549996
0.36337192185833544
0.3471066479840704
0.4134133551387157
0.3618226623539639
0.386982643955936
0.3442851475796942
0.40625108047822195
0.35087457766628816
0.45932536576210364
0.3450962924719964
0.44937162317807594
0.43950641263287044
0.3329700772323172
0.40836387453059286
0.48981965719162346
0.2950355839114221
0.4767791845873579
0.37045053406343337
0.2923297922127948
0.3694462005925158
0.38969712126363854
0.3612896107849425
0.2997222715708469
0.4124138180532838
0.4371252837821598
0.3632064123863206
0.4798625423611423
0.3478674646479117
0.31531749855689795
0.27719077295514355
0.3221120215344148
0.3617877074776899
0.3098241710732602
0.4774952111201683
0.3197396093146536
0.26014655855334506
0.35459949496987064
0.34241471450862043
0.32275809722117577
0.3803052951769484
0.3529314699481076
0.310735406583703
0.34905836639448296
0.34507710210238773
0.41941918355329066
0.33430250563577696
0.4342978613303387
0.34221987556846667
0.3449227008593882
0.37362442328890977
0.40795041782863584
0.40903662734657786
0.34039777679569
0.4299868420866843
0.3288441203187904
0.321910839766595
0.37029921051023656
0.33448871617942477
0.3721779543972141
0.2764867802141267
0.48557273549036667
0.2962886063147367
0.37715911123386525
0.44293334439452897
0.3429568313662462
0.29524325643606736
0.3604474608436945
0.3697879351921577
0.39458859131506424
0.3604171422259677
0.3752501975575929
0.326014547151614
0.31160768642005865
0.43330232441104505
0.4638548660841676
0.40943123176949753
0.3791874859732365
0.4113227453574696
0.3909526302120106
0.35061188497988793
0.469942562015993
0.34880364258151664
0.3732853643886253
0.3594740270793371
0.2891395022023814
0.30358551520834953
0.29286924515514096
0.407394947951125
0.40522757263538656
0.3904666299664584
0.37846734680229427
0.3300763392560947
0.3134510984277351
0.4018007860778942
0.41514302848349444
0.42838323056132466
0.30642630789933195
0.3920744344820366
0.3734414418271244
0.29270681506496515
0.3833451173561927
0.343626035964977
0.26799225899018
0.41030272743566
0.32642820463731725
0.3254751932135165
0.39829077344687164
0.301635169682969
0.2966971544937095
0.41099304440587164
0.3866468093646304
0.32109908134463416
0.5546863656704382
0.3466614217705474
0.4441121940093409
0.3288003799018812
0.3423159395088266
0.44562338290842024
0.35241321468549786
0.3754464183852292
0.2759250528176801
0.5615267624152249
0.41925559040940646
0.3750626027175609
0.4184304306110574
0.45109143881145675
0.31334810046330186
0.32996961344023384
0.39301555054300424
0.253973678941855
0.4318401125467206
0.4133249474197276
0.42438872266236727
0.5836735778090459
0.3395037446082385
0.305529783667931
0.4067137055726874
0.28330935378263084
0.30936618020998424
0.3101455287437789
0.3911151397749954
0.28825581252314336
0.2970088178197461
0.3688946982961904
0.283971869045337
0.36169219760528015
0.3190300993107462
0.3161302959958415
0.368888268835532
0.37745370066954514
0.33348869677048676
0.31962877079368957
0.3595272552210439
0.4339075435505886
0.3313017785978929
0.5083197338923343
0.4478411964832725
0.4949777004518689
0.3730961277707265
0.45029142801524413
0.289394742642538
0.2865992829896566
0.42538570460876013
0.3340512187076914
0.2996519677695653
0.37895625160587737
0.35638310604375345
0.3192155924820929
0.44561352645721297
0.472434627361452
0.30015710797302386
0.38819685217417693
0.2370412196034896
0.32193300464335667
0.31723244662147543
0.4433492623448025
0.30597080277373123
0.4433502990876519
0.41366495290366834
0.27523344031326236
0.44023188537487123
0.335483679252931
0.34534527745198296
0.29187656987247373
0.31852741223530256
0.24302005131323653
0.25434850785347496
0.3512342058399605
0.3497396112781497
0.33124267711653266
0.3357136038991429
0.41556311925396894
0.2977626669411821
0.36741359832033277
0.3113126114429615
0.326230674141928
0.30003691473580285
0.30410233486434457
0.29327884828324335
0.3309000016404788
0.3018453019977599
0.37487441003801014
0.3202686925213889
0.3911366659572268
0.27577126637569405
0.27894635903965415
0.36771684216999495
0.4747217386134484
0.4704996625678681
0.3770091916604971
0.30940172339361555
0.33821991233812865
0.3572503656674175
0.3903852296075534
0.43668244927376576
0.502272931672245
0.30680792044753047
0.3780000108367445
0.3475226144262863
0.3299469392411403
0.290663471540354
0.44793137427342816
0.4297882655874914
0.3303010784627606
0.33175041395223526
0.3364761094754799
0.3582130860090278
0.2772315741730613
0.3876753817056887
0.4498581859157371
0.42841749685940383
0.4528593198692065
0.3599806291296411
0.3743179709903562
0.2943025915294259
0.37586428376238157
0.3821171677326301
0.2822385837932872
0.4379297243477081
0.35697675026103637
0.32736704999886745
0.24019704051492524
0.35332001081527503
0.2993905659862578
0.323640988660358
0.3669677877627969
0.3437144868103428
0.46155708014231583
0.4512222198508575
0.4645418488990588
0.3357075402752729
0.343505050568292
0.30177546656628307
0.4377639757484835
0.31056002418287215
0.4375228496873901
0.41005770180899187
0.44058815515502253
0.30826101999006483
0.3072612340631928
0.4047608620674368
0.40456139434157656
0.3228112778877666
0.396791011470827
0.37001378393387757
0.3686388716312458
0.4872391256546014
0.2482088702719057
0.33139389650199214
0.3142709200641518
0.4324251908525424
0.31361948450082766
0.29065414944778817
0.3325674583885408
0.2774898627610583
0.4153695838982423
0.33783428155025075
0.33139123246417146
0.43062315701232207
0.3244082891399296
0.407581151904385
0.456323971072994
0.3520322079175393
0.3050231305898531
0.3523737245917709
0.2959115845452386
0.3803055538682786
0.33765740894639545
0.3107189982952016
0.3804564449366944
0.3665445952315296
0.355560305688478
0.4231342221872491
0.3285813377306585
0.4606608001138773
0.431969143058161
0.3095242083513914
0.2431837279767568
0.30805132555619646
0.49022351247386187
0.28234976627299774
0.3453283243413525
0.38212037418201955
0.45335648820382884
0.3149762931378094
0.2587669782521771
0.31243469311722094
0.2913479557308065
0.3153678150812049
0.40949843313549394
0.38194323964681687
0.4341891342485262
0.41982230236371565
0.42396960885708546
0.3868938730875603
0.29264809544403675
0.4740861928429748
0.3552447033082079
0.4113031691923849
0.2991083498905416
0.49698891413942803
0.2636597314742867
0.3611113862986698
0.4956817317178237
0.3625248819793256
0.260179529744295
0.43839629233635447
0.26593840147605396
0.31432656085248667
0.3864358566735173
0.3442112627392596
0.38289400909031784
0.35208036789713504
0.33632352111797503
0.31998473650342896
0.3789268066668104
0.36990742161564516
0.3686769199702529
0.3283392018325346
0.4279927562358135
0.3275894505940301
0.331257830248253
0.28605115663468395
0.1963828723929357
0.3940366747340638
0.31652405796851063
0.4231217053644009
0.4100565175823839
0.32350926559159826
0.4899362895870258
0.37901161776776005
0.3765093595872297
0.4197978625025573
0.35670561034187137
0.33736047139283426
0.4360574583954868
0.446273001470352
0.41790250098949466
0.3418001602512919
0.34165638778451646
0.3487615477155896
0.33577595450316744
0.3537165973285595
0.3983164089299502
0.3716188071888823
0.31396476044677424
0.354037626339752
0.36480104517878614
0.3856063172671375
0.3865484833691031
0.4400137072640584
0.29932396735376465
0.3300013784833729
0.38922208894825794
0.4248167545582617
0.43413849972288737
0.2696102117530759
0.3113344927173029
0.35849138928247604
0.28588968814763843
0.44593860829210014
0.3041854562530252
0.42158367980306904
0.3132587881418486
0.35510366672405874
0.33849537159896
0.36558238331985066
0.3846717248863111
0.29387646071689333
0.33583409556262483
0.3645810509547454
0.29496118027104323
0.4330224999170387
0.35409121853516096
0.23500721688460122
0.38327132714339607
0.2749742236430433
0.29918998330813124
0.340175347070734
0.39033947268316416
0.3328198481198247
0.2895577496908083
0.3305845973884589
0.301109509305097
0.44017601796123745
0.4440879421082434
0.4392880076908083
0.27578336383127716
0.3277867735319559
0.2989170447655387
0.2922544053727079
0.4450500640872126
0.3322970225478877
0.33956765981158865
0.296169316754921
0.31771280513187367
0.3972055338281762
0.3226418024329937
0.42201859902445676
0.3664366010846994
0.4152882604163015
0.2959943499322352
0.4381402645522046
0.29285339919426323
0.38451229312708807
0.38726051479617685
0.3536879293320325
0.40738908241570315
0.3821392563070434
0.4010029903174666
0.32623906443822676
0.3999832546897025
0.3263995405918844
0.4049637735617784
0.31048714231915103
0.2507641500384152
0.28182912647683783
0.316652704079455
0.3449655535760844
0.31215834544731225
0.34014050415674923
0.3505547828187765
0.3661513741586378
0.41518438083830594
0.3232630568022774
0.366143178572396
0.30233337642101477
0.41356994204725617
0.33074785261622275
0.3577427411528952
0.22126174589415967
0.4765619605371121
0.3225512280433016
0.3550842500079823
0.4018047798739189
0.25666656397947635
0.35240934327136725
0.3948339596115084
0.4044914342357444
0.4539738072105887
0.3483020928768096
0.3706187097420819
0.2572767512745065
0.4055478648953792
0.3469455946302448
0.31828780867804213
0.308599737620552
0.4406603461629981
0.3453004237004813
0.4342399039259739
0.35409616891220963
0.43036394277772105
0.36651421560077063
0.4522622144273316
0.4329562840769596
0.5256804667768995
0.2722149541541663
0.4384849398282714
0.39354134813517666
0.33125723082613034
0.3756971332878057
0.38997329024276994
0.4105778523629386
0.4590328716486551
0.3246063106486758
0.390001895342558
0.30469256780790777
0.37566691983887635
0.4132129459256394
0.40985632224211455
0.3656501775746683
0.31523035817314826
0.39432344421455645
0.36459656438463794
0.40839203639425437
0.30617427611752146
0.3637704733782013
0.3543672398547705
0.34816200512675255
0.42803890538652467
0.3307659989338578
0.3115679530606973
0.4056209409045254
0.3370119688562583
0.39929732270503987
0.38533646025162716
0.3116626303785736
0.39911941214100594
0.3839819384453704
0.4231878444470259
0.41324339926401
0.4129030128093867
0.30003486234149795
0.3340132333046148
0.31416384097657524
0.40843946283801535
0.33451804043243666
0.3117525327873241
0.22240641135168532
0.413283713638966
0.33784739405741365
0.38324928029436545
0.38342071681860895
0.327872636518012
0.36245560445845504
0.33196581311670204
0.4061493569178298
0.32645063752766657
0.36478594444966506
0.34910567637431905
0.3266557414340371
0.46320189242925935
0.37670236322825595
0.3777130485493394
0.33989762471321605
0.35522592304895045
0.42280243388100847
0.329436041968616
0.38927850986916845
0.41767318820426597
0.3560644618271995
0.35631128693502656
0.3329421623998528
0.3339003884159661
0.32417688157749835
0.38721581472336536
0.39742424600675824
0.29484558644385955
0.33115711989184243
0.3442039296015414
0.3621655804922564
0.19922682471186492
0.33651651443026787
0.38062366100941114
0.354519047666454
0.3825858460204626
0.3285382262033494
0.3123654938068208
0.33699901216183376
0.4728620436026647
0.31390911242006425
0.38847235897543275
0.3370086591507961
0.3818822636770202
0.2812998163394833
0.2689849386406213
0.38224308176743427
0.35465791500281796
0.3100235488589293
0.35206991492314227
0.3165103994357075
0.3675849881543847
0.44993358025883845
0.3558006626990403
0.3040654922413314
0.35003794853805204
0.2923731690814493
0.3462378428690582
0.3867212960315487
0.477291951428474
0.42278573107764805
0.30419667803187944
0.36638861758550506
0.2857445351553149
0.30737550464252356
0.35786446233901154
0.3277522129857523
0.3538379996796147
0.36380455879355983
0.3047183093110636
0.40894945735957683
0.3907401710502063
0.3198232031417391
0.2989940730894378
0.3335921717328455
0.47896868529155234
0.3113956031333543
0.4221075242292357
0.33691542745965386
0.3594032021745301
0.30401201204276124
0.3913145050260015
0.34690165902565057
0.3229056869207456
0.31164854106918316
0.3787973981194418
0.34534384741077
0.40170285298542496
0.5255894264535859
0.4070679230070336
0.3274750218402311
0.5073790901974312
0.282212825575774
0.33991005223770276
0.32115133870107243
0.409181389280072
0.41523543626874854
0.41352068359167177
0.3562851636446954
0.324805852720003
0.3419870993006556
0.3085239609413511
0.27361766418024136
0.3345206420850541
0.3038418276804832
0.34954159384388095
0.42076190006138275
0.3832486829688937
0.37405320465557196
0.4627869092878322
0.3664865165088964
0.2873369182272138
0.39781127207440475
0.38604847217650073
0.6125519373552423
0.3221618279508473
0.4016225540366965
0.40178116209824105
0.33842151985893804
0.33628071173033625
0.4798771442699523
0.40766910141043344
0.4414276864620543
0.276367944355435
0.30136360619716507
0.38216259643473793
0.44559485967994045
0.43045456864647236
0.3656156839878926
0.3268455912994912
0.26307448121432553
0.3400460176354403
0.43858996853270926
0.401145918486709
0.34602359715399644
0.340533639808417
0.3769354118315546
0.36253610640255957
0.32296478699035164
0.36678224765574313
0.38622049886753196
0.34997493622289866
0.26972237131240867
0.4805784662253711
0.39330011251328667
0.29331995488721196
0.3489447622952297
0.36935413401618994
0.3411136265249453
0.2986384287212227
0.4104708478956483
0.2700847692325155
0.4156980506303346
0.35926570733668106
0.3963400021761245
0.36277647352929465
0.45051395238086883
0.3076824074535681
0.3854621508202554
0.32104626864886926
0.4464364014215792
0.35119127277264456
0.3297480658680493
0.31152768236663597
0.3695231906237045
0.40593410902909005
0.4043803225827228
0.39976807483493626
0.32774204461619294
0.3388913043621375
0.3848983970226266
0.34850655155489624
0.2852933409072394
0.34175410343174767
0.43612639698865496
0.2946954637067186
0.3476724051541091
0.3636847027840231
0.33617310242018383
0.2847749137970086
0.35081221451971983
0.28156293627739043
0.35235836375180163
0.3322081902442727
0.36058610770806376
0.33231059270489305
0.3976681009246712
0.33697877909951945
0.4108423468756491
0.31598061350207657
0.34744218250740144
0.3989296097898688
0.3767579221267679
0.32074657497130954
0.396428441860395
0.3600693916485764
0.3186295577364306
0.3712120261277508
0.3851490209750457
0.4432385682938283
0.45558195913299065
