0.29337753845496867
0.4242965501793373
0.4332514123309454
0.3602153845953539
0.3229805029150768
0.41877027855251797
0.36585595786363967
0.3105962389918705
0.32150776012852167
0.4138426204874552
0.326951146692537
0.3567406882013747
0.3241062085843728
0.37591547413922255
0.3568784384387613
0.40876236514349146
0.36217365892374453
0.3330493050005638
0.40889577349359024
0.43452013303990383
0.3785301613458835
0.41096340372991663
0.4154121803296002
0.3500797052315857
0.490252866574476
0.2996413683248389
0.4839039905682212
0.4543090398828475
0.32489341222673895
0.38682724154086673
0.3404454669408479
0.29258371518885057
0.31544037828846627
0.2966684726816434
0.38639728758730957
0.38353493977726294
0.32994477656342974
0.4017211477463981
0.4283349788534987
0.40997353380837714
0.490652924761579
0.34632082768791256
0.29210156454311803
0.2897093071963645
0.3237879335049901
0.2875653102081361
0.32838495801723117
0.290915135291424
0.4769465484238294
0.4107698154734797
0.36632050523611337
0.3657662624061121
0.4493844762868372
0.4760595712994296
0.3114379871564934
0.27397630292507913
0.3223081377114746
0.36206244487926653
0.3457145794114713
0.3462025422928231
0.3987923879932955
0.2996775970774059
0.31857883412227955
0.33040161410617414
0.36944423128707604
0.4449216127858874
0.27611513036885754
0.4481281333410933
0.26965346907143745
0.272588055967261
0.4051393624018474
0.3948419643568489
0.36212224646342606
0.34317259207382683
0.319608721643333
0.4038857399703074
0.2941003352686736
0.28349090284593786
0.45599940027116886
0.326802209002012
0.3884067306172426
0.34817685228768347
0.28118294414578887
0.3190721011064477
0.3516147737849476
0.3515729454627209
0.32510709764747264
0.33011101871508314
0.41156095248698
0.4036164774828727
0.40791030867755074
0.3608848289417788
0.3412824008090475
0.29238469316566207
0.5202938358789658
0.3831240460307661
0.4363800849424216
0.31591953945843576
0.45142851275428264
0.4381479367271451
0.4729592850416617
0.583631329843216
0.33620030977926835
0.4089170639927635
0.34819859631067046
0.3487381181476819
0.34466980907329764
0.37739997575283923
0.3993725012446999
0.41377118616856845
0.38227673175540744
0.31831384382303946
0.3447027124093589
0.3315779439273377
0.3118644430695297
0.3494153470491018
0.39427072938976326
0.3588069854309558
0.31331757009928274
0.4058648088173851
0.3979701316554012
0.44013777240497803
0.3932142581280084
0.4457938082194744
0.37592894649709424
0.35534166395094746
0.26256098838961817
0.3049200305385045
0.5022831027452418
0.31158900983065174
0.24363764701319138
0.3168107149531508
0.3395615981510785
0.29424558444480586
0.3340981304799118
0.3746107235373338
0.3376211796764434
0.4344617946260752
0.27111422960578685
0.3490280941694181
0.4050974359362016
0.4172812025588967
0.25352370806928093
0.3567504308508793
0.3141169115663147
0.37342007435189684
0.3474361447026043
0.29619688057268145
0.4573849596260455
0.37534615013647815
0.348219151145578
0.3749036632439288
0.36077029167332203
0.39956367643080776
0.36753897121009993
0.4293174953390792
0.3385188972690376
0.36765818258168653
0.35259635649503795
0.3757818486223663
0.43728156775738286
0.3939089931154583
0.34906832230989354
0.341430454088906
0.3015329443490383
0.323033886786659
0.3171755067356123
0.33193848156592026
0.3580491939260984
0.40927791797277363
0.22155501900045432
0.4342857260662481
0.4068321549505795
0.36599664808893656
0.38987733097287813
0.23445431159448987
0.3792570201720192
0.3737302076372726
0.37776531024172166
0.31567096191008914
0.3146989876603343
0.3345690130081644
0.34058134328169226
0.3990217593564713
0.4113008553554089
0.2850543591851593
0.35130786062706576
0.2974502058664676
0.3471093274101155
0.2570952067863616
0.3887289725506375
0.4870888788043755
0.27524603084222626
0.2854759517172276
0.4602774006510825
0.42213023514684517
0.4414966409629422
0.2861395051222436
0.2638206718885488
0.29389305530399557
0.3223973700744619
0.38405979838105403
0.2602978298226405
0.38211077779213415
0.31668281312639457
0.37912372876751593
0.27773191784714696
0.29337186500431894
0.2859228241578402
0.2710750857569014
0.3235615678358139
0.3511502797243966
0.4905525416747441
0.32666263433541215
0.3851595522279266
0.3324583368655079
0.4078343588788092
0.3660360745342582
0.2996596322681716
0.33712773758141035
0.28525532423077893
0.3428849239927699
0.3911629864059899
0.42015374213598805
0.4167031572333299
0.3396529858625535
0.4528164256130582
0.3628432018405226
0.4100337146104665
0.3940990126054733
0.30777414252519064
0.2925872421377125
0.27784222123792873
0.31183186630177395
0.44094474793361815
0.27025560409267535
0.33028081539557913
0.4052834660016008
0.37669417841846836
0.4191218035964248
0.33141490618363373
0.3158391610120409
0.4085929569354001
0.31477382648957813
0.44163690756863405
0.2532609127154369
0.2792739311091056
0.39690961107953887
0.3201226200199274
0.34293082111287876
0.35280624352127415
0.3358753742998538
0.2769673703671116
0.3180157686916361
0.30187584322900646
0.35251136726495613
0.3962380054093744
0.42856274495661045
0.3708710770888476
0.3910987161829715
0.42859150811979757
0.3683619251302227
0.3867994803816962
0.43866686613303296
0.3172761193048254
0.354206188316483
0.42295069909493016
0.37921062392441224
0.4482464926631415
0.43810055917485735
0.2605681524994883
0.49039982213959193
0.3731646598496996
0.4156137836850638
0.3578770849485963
0.36631956849208086
0.24344261661767805
0.3930639140827735
0.48999370526086394
0.40190765637004094
0.3082937184380866
0.28845335116671006
0.37165174406304896
0.33733127615375114
0.3380619740783305
0.41869766144891674
0.3570160756603633
0.48723353701192235
0.36907197146465565
0.495519548202926
0.40161677321007017
0.2975807030127691
0.40102942307100864
0.45976161630198653
0.47903324860618485
0.35795048379800454
0.422436610220438
0.23793644768233269
0.3086672763615314
0.33240224497122567
0.23520936099254539
0.40722390599307523
0.3347588294744605
0.32105157842427556
0.2955310891208377
0.28793305125217217
0.306359931163395
0.3120332053337174
0.41505744982330595
0.3584593265428082
0.2815516561731891
0.3980685511112613
0.36691923652572145
0.40329615949688485
0.35216146372323576
0.41357357822316915
0.25516138149811685
0.40625744690030247
0.3263569759322527
0.3139374715627378
0.3905705481980986
0.3670800786910474
0.29038044948372793
0.26215068390139123
0.30053059912919866
0.3960848552656494
0.4308608815283292
0.3398352767865264
0.46137184660388464
0.3405509893740798
0.3568556621337071
0.4502340230973728
0.4153656462969966
0.3013973421114984
0.3363535940391122
0.32337171417192817
0.3573843181320322
0.30719437962948165
0.2825772954130699
0.34413051133683603
0.3278274732599749
0.39012190579095957
0.3657887110284973
0.352707563745603
0.38733018109221884
0.3883188137625892
0.4757037373384612
0.4098725493593441
0.41421444026832493
0.31890295317467504
0.42891505944350283
0.4328049141087772
0.3753688124667693
0.349010674179154
0.36321941908394917
0.37439568539963947
0.2931945479180403
0.4462981206464635
0.33750584223993507
0.29595433517268904
0.36782884409499544
0.35096976353353687
0.3818583356996748
0.3438362185538216
0.38411644303045167
0.5263223246921144
0.37763682479414196
0.34497097580213476
0.2554571894969058
0.2909953628071977
0.35033627774328846
0.3965804388194346
0.2969591862472715
0.36999181739773046
0.38687219104267623
0.29795007880094193
0.3971938629316447
0.39941841136258416
0.42053113382543844
0.3636222339740301
0.49910328612154653
0.35665919421611836
0.2597470547445886
0.5168812539535154
0.3097984417750307
0.39032720796298453
0.3358646511444706
0.3020293194986136
0.3378732200087309
0.46489204658678
0.389877730177355
0.3859854867150867
0.33352160477605924
0.40376129767572505
0.3633302821198182
0.340086204016847
0.3522734328595632
0.3119869784559564
0.3767817424957475
0.3063670716131863
0.4431563133351925
0.4458573978173815
0.37625496875800934
0.44540492333748666
0.34200697822628956
0.33290905808430593
0.4016819232703767
0.42041565488178295
0.3844302895021112
0.42207308619510325
0.3960959170596314
0.3018228156971714
0.4408732128781752
0.45235252314276864
0.34941127584485643
0.5259367176818258
0.353334961067672
0.3328127150732155
0.3043403010505699
0.30602539271276213
0.41408920268624083
0.3349706517447792
0.3672854928980449
0.44598774273780656
0.3624077249576898
0.33210228949648785
0.3075847673077899
0.32984773646429005
0.47349821497238065
0.42479994973594504
0.29891336035225036
0.45276274062511784
0.31249014663180746
0.3485206267960948
0.3724010702057411
0.3720360861826419
0.39442023283957733
0.4344370262098845
0.3781709470402913
0.4137056449818834
0.3332641798619309
0.3835988544284048
0.33846234362788913
0.38375244167922545
0.2941299605332331
0.3019156323731221
0.42126283177576823
0.3190306227975271
0.30237838884582663
0.3781778275473076
0.32911463017615294
0.414996215698195
0.2749839915329143
0.43228440251355604
0.4220061332210103
0.3222657977439969
0.40997955309393064
0.3867808331987801
0.33611470483046263
0.42338897814256443
0.3363156704751122
0.34492521451343217
0.3548175572927752
0.3710568778902672
0.41216865961993476
0.3246750149042779
0.338046836544358
0.4322201555595478
0.4200618927445647
0.3098235101789446
0.3806887661691805
0.46759270855039803
0.29129705202620404
0.2934488578178327
0.5161788449100532
0.433056184844359
0.3450866352951441
0.4109307294739707
0.3560364300699081
0.313818651365208
0.34093525371905037
0.3202827655914109
0.36642902219594436
0.42042070638734697
0.34031995620036054
0.41215389741060915
0.3193242878691076
0.3737476759321474
0.260979205989482
0.2824302691127445
0.3521425438922424
0.43062949452293414
0.36666797593800676
0.2972132330037107
0.3156687872513482
0.41397547183439515
0.28285939804777793
0.3364518809639818
0.35065106230450044
0.32007844865349294
0.2824432421946191
0.4320319667624468
0.3397702244765132
0.40232084315524386
0.36679246039478747
0.2935076088130826
0.4002411403233792
0.3761236540406929
0.2799278244191452
0.312643912858168
0.3676179365225336
0.3799668717878113
0.30542514492549155
0.37448887278477433
0.39699255546998946
0.44625542793543355
0.478207613870001
0.3345728021385888
0.4077942035073285
0.2544462539608168
0.3320406886086377
0.29537976161687146
0.31071772114433494
0.435770723943675
0.37646691498815155
0.26967944810105926
0.40770017519091273
0.2867291008903008
0.2753749180858502
0.41397323731492564
0.45343680092641053
0.3868925349913775
0.31139875612473666
0.3022744931447542
0.3781740300219938
0.3322412022092251
0.3428938895372573
0.435266478860287
0.3554675182856445
0.3777039204116951
0.2684047897939411
0.34228377288537254
0.4459562920029458
0.3875198731617041
0.36055531138466823
0.3892528152915481
0.3334717074640554
0.36982604224693505
0.4197382137484152
0.4054403452663163
0.3503765468455112
0.30190422637501785
0.2863287492556717
0.32870699178876295
0.36966191892923816
0.3291148199896469
0.27565213892854784
0.3204913132150249
0.33091715507078795
0.3640018003386089
0.2710854180077842
0.29658946034873696
0.32113115946800314
0.35580214007407907
0.338111782096981
0.452527922883944
0.37813374832412217
0.3600923244754197
0.43793544131583884
0.38494317766135056
0.6219830129171734
0.32753721241051875
0.4195026027025467
0.4210091812045234
0.3156373750797837
0.34968970795399734
0.4578082826334834
0.4023184238598661
0.4505860522198657
0.3332382761288046
0.30196398353190357
0.34546268779252487
0.29154936151801947
0.286001590745885
0.43891094838743444
0.3053042345018572
0.31866066430226553
0.3790803212772623
0.3096264378595837
0.3406160531094521
0.2963650261555658
0.30799556110698884
0.2697934159401964
0.41056732993197975
0.3700736697524608
0.5545579335890798
0.31180880538051114
0.3309256814678061
0.581395136400175
0.3879035121464927
0.3420021881346634
0.43832872617761354
0.30493776241903764
0.3245927025206846
0.3050220823551529
0.4630142039205093
0.3635937237729618
0.4658093528802783
0.4616101197772973
0.3083831535456476
0.3284820354224419
0.3212101720176836
0.3689675728185606
0.3075752828099126
0.4075884034922857
0.4153827037138415
0.24617009384335944
0.2931579424369867
0.3354414863723741
0.29449419148426365
0.4056730980549142
0.30686299099746245
0.4687310674651107
0.27789064838186545
0.31168275244604227
0.30856356926553563
0.2415775863820777
0.35243710745099555
0.31523667483945594
0.35737534878714666
0.2768411381433636
0.3257788310596227
0.38314857070086433
0.358414892570002
0.40674186756405695
0.43866183039159073
0.25102867441590215
0.3912738353058673
0.37581982818253135
0.3373682888102518
0.38329592716820954
0.30439133300876675
0.3045231771475613
0.3100371033798018
0.3580001277493457
0.4109681528891697
0.3836581754632279
0.44375745863896443
0.4497177185544854
0.33008955655347416
0.48407276033676816
0.5182115729709881
0.36783837607178976
0.3872985950134061
0.2949553661672825
0.3975244500396937
0.37157534927245
0.3266256197238368
0.5236900876146379
0.3248058445011364
0.3626864004302258
0.3393613800214911
0.45089148811526114
0.32711586445175345
0.44240400305645533
0.324057093877328
0.4321074987257677
0.29114428044927404
0.38244956595940527
0.35998459903007957
0.33614119691592936
0.43999265314577884
0.45885961857036656
0.42995042037785886
0.433291662250754
0.2579502104818847
0.34507047214896397
0.4562891917002014
0.6140461216019822
0.43442442061276065
0.3174617614902623
0.3495690189212054
0.40866297683613473
0.3643205513192026
0.2909944016458502
0.5307029262094669
0.34905786409365336
0.3838683873192
0.1967909276004312
0.38332386285787967
0.4503452666736636
0.3909372592357547
0.3319629718048233
0.35489215482184594
0.3561044847739682
0.3407992113536206
0.2814545983496988
0.362588004108597
0.36910732002750074
0.2626278287788384
0.38789709393034066
0.36752016534134446
0.3342193383545931
0.5082462592580211
0.27596690973493937
0.342171560707247
0.3823359526089854
0.48029268890843707
0.3339183039459216
0.4204027698424132
0.3061589157790132
0.3286595095868528
0.34840963228493665
0.31020605165547266
0.4482173555518097
0.41710354644062364
0.36447922507908753
0.34009726515715694
0.2845616872290064
0.35749516362818434
0.21461853432066133
0.40955935727416354
0.31708576814699097
0.3837198471756106
0.3587566137417146
0.4812890457368596
0.40181020657495287
0.3840077823148816
0.30711388535179923
0.37893254885834493
0.494799135829004
0.31139835938057886
0.41684616990847057
0.373928435944862
0.39136498984442264
0.2936440408053516
0.3865044599603289
0.36070718941188507
0.31167649175371775
0.47741103000663443
0.3318275916082124
0.31614597690998814
0.28932942995570626
0.40599823910105093
0.29508017656720725
0.3702169821819454
0.33219790726241355
0.36726851188650306
0.43369591717658046
0.35487236063475663
0.3893749544993251
0.29982608650276005
0.3231204614115021
0.3021364930758569
0.404887971394009
0.43028928829281987
0.44379200552139075
0.44819091440451064
0.3214644120914208
0.40782587164039463
0.3412439882128503
0.42463413113741555
0.31442549712012613
0.32212215850101805
0.3650930865527837
0.30008744429528034
0.3564023372340118
0.47472829792776905
0.2405600557489269
0.41310215988512583
0.29412055261352893
0.30508706580316275
0.40752658286957943
0.36703146369467526
0.38540134173744883
0.32359351891289734
0.3932975243108032
0.3425864915160923
0.4384549253618754
0.34412294529168996
0.28384616748572467
0.41986210433131
0.3065561355131958
0.29311627081899494
0.4236579433116156
0.2955743056277753
0.38736583184778367
0.4276656096664342
0.2827618415433547
0.39491371842620593
0.32688546156442705
0.30157274971146103
0.3369755825747829
0.28176805993779525
0.3375829553818471
0.41986950156042885
0.34097780260485366
0.3925155704628355
0.3491552583318418
0.32987030637008974
0.33722685086296433
0.3306460015150833
0.32908156585741605
0.5614198073247263
0.3995782471518855
0.4140725501620419
0.3359064310805412
0.3968042451977981
0.3455652849873899
0.30422467470705755
0.3376354952010177
0.27616006715982677
0.30957551661369465
0.4001480452679791
0.41801642765033925
0.3679930221885009
0.38553844059366055
0.3188499395643244
0.48118945811239977
0.3166252563055778
0.4413886906628525
0.3942844007049654
0.27917508687170844
0.4323816292550034
0.3874744068742469
0.304181206732754
0.3145631930054321
0.3406303872716683
0.29115741298973963
0.4051188721559032
0.3668205731115898
0.341270074534516
0.42773670619464516
0.4367001673809818
0.4508944529389739
0.29467411160524704
0.3173597006661943
0.34714510262037346
0.3519073156121278
0.42898793422265413
0.3541471967689758
0.47847159872121453
0.30222100864312423
0.2647118036111652
0.2928898728786186
0.27374838266901813
0.3204565843913361
0.4557458148464292
0.37708347837671374
0.31887503677672824
0.41806487111017526
0.376352600341897
0.3807488610163064
0.4446847094242271
0.3661513439832943
0.4096619354262782
0.3463565192027711
0.31414392235187333
0.3276917145428927
0.4346042720610006
0.3114490323550965
0.3720815025326794
0.42244798628718366
0.31541826868523865
0.3349927269454606
0.2844232370962805
0.36182776925547133
0.34057207400627504
0.29008025365254597
0.3419350543618054
0.31028493533018564
0.343765878281601
0.49753099416163743
0.33716188892951715
0.4687833664838104
0.3456302607697737
0.37527642023474134
0.4020188211042836
0.3548802374138734
0.3026005131711149
0.35439928059498765
0.35177953117923577
0.3205228874832493
0.300120065780237
0.3688408957486987
0.33091066143343423
0.4016149496302506
0.52208997996198
0.34778943235484094
0.3715421600176891
0.4901739022477213
0.3263822415417152
0.35477800586136443
0.4205698863641812
0.38682227337891
0.3823772010298602
0.39701119507496835
0.3802039222709156
0.3600107242859238
0.48574264516520094
0.32642343021364795
0.364064296008042
0.3065026547884487
0.24178206483994483
0.43734072123286727
0.3507455363262742
0.3585538838075316
0.45945162210374446
0.34652892143171987
0.3539656150060225
0.4057148389042668
0.31895865251685934
0.37970032654718855
0.386096839041292
0.32288800250836136
0.42835628673156767
0.47089127814562926
0.2368249555264006
0.3389076067538628
0.28310068810067746
0.3121221719576815
0.3742763149130084
0.4228107888104149
0.35219745844369404
0.4158274053974681
0.3691553245603599
0.3216558629873659
0.4116943959582529
0.36541354630087436
0.30260280317322397
0.3486279884402891
0.31212732232388796
0.3633749610509985
0.40892110970814277
0.340112000176639
0.41359136461882434
0.39137232366621394
0.3701821521141876
0.3042861110007767
0.3862321236645795
0.34521195955802053
0.3573355508171838
0.36684224206957877
0.5739308968134997
0.3359988522118209
0.48730750362272407
0.2851868612058805
0.4787479976355545
0.33414261620776065
0.2925891620327917
0.387276015775001
0.32748266283184946
0.3874367006525802
0.3531880306642327
0.37943722894342663
0.3782579310202062
0.2932665525330301
0.4048098848444659
0.2900017475144246
0.42423437448911294
0.2898787661278349
0.275927661919089
0.28433226901024616
0.3328773972343887
0.33180246992386037
0.32926183786887864
0.3371510458597617
0.4254821211371812
0.35057287537429477
0.33689456471988033
0.4093615031794774
0.42619555266036385
0.3417164709050078
0.36181471060118486
0.40100835395279044
0.2953703650060827
0.41564528885732144
0.3205630792318933
0.3513087534390166
0.5073203660800778
0.4444177730367003
0.4631761936479555
0.40144701638101565
0.35028434560528976
0.5558491479920585
0.38679432916518214
0.3787410675788669
0.4108275569807453
0.4152633941902635
0.3805972857040407
0.29359152475824307
0.32491342348663677
0.48184280043486843
0.4256995149160712
0.43004792512317835
0.35161459889821994
0.3462442381670502
0.4332733902193323
0.34356430020403045
0.3707404256878577
0.4455699062236629
0.3619612053745608
0.3446744809321187
0.348036368696016
0.3424101275577418
0.317244090303927
0.35412913180275396
0.36367824349813765
0.2868494148161879
0.2862474762465744
0.34555099770495246
0.33450474198970936
0.30156011273574934
0.31251381648677096
0.35243856389928785
0.3553663578342877
0.3440618993933233
0.441711757861912
0.30050513332882073
0.4144176846854225
0.36810317867600595
0.40073623344550047
0.38053399829052503
0.3392236201034759
0.5321624482430011
0.5235338705439694
0.32813919110199713
0.35859789955101934
0.43856552594308384
0.3823886207017366
0.3402988888875872
0.3752320007431818
0.41795431922804316
0.4706037357303766
0.2692702689012464
0.3039906158116889
0.42648937783544244
0.3127846135164719
0.39857938109800944
0.489924252024368
0.33078303698257927
0.35673336223134605
0.4057030445372826
0.34854940529777173
0.31968171718500044
0.4210460864300038
0.20039186644143658
0.4950907046383824
0.3046579778035477
0.32344711023618083
0.4082008316102662
0.2841197417456803
0.32241052256766584
0.30679466988473214
0.3744206777509072
0.4019229288106669
0.3955973602085685
0.3350678030381314
0.3243250805397697
0.348331461371616
0.44714506286545497
0.323769690949281
0.31334666498911745
0.3659343704668835
0.48019356247871015
0.3382634743254155
0.3274382571598769
0.36511669415067677
0.3164460063034636
0.3921865261393148
0.39787021033758835
0.2767449249610074
0.3736405478817293
0.2962401198196628
0.34021799944727404
0.27987591271685797
0.3555440880081286
0.3538676091033567
0.310473172185034
0.41335358238175585
0.27878927860582997
0.26211992727558436
0.2937854123434808
0.3598892746514554
0.45405169514817845
0.36175569966738985
0.33282678746297356
0.3453994103513381
0.41175170937304695
0.42002725895613285
0.3091540371760376
0.39800863282626425
0.3809034700816275
0.3636298895021578
0.2861097039979703
0.2825256865845995
0.3792712301156906
0.3395615817114463
0.38497900413540426
0.33399072557782494
0.29957588851571465
0.3225397121034957
0.3838594088719492
0.29627338911610923
0.4283134645029361
0.25434007424068744
0.34874709673148646
0.35575654774245835
0.40841241763291297
0.3319459042776929
0.29894883806301936
0.3049551640956981
0.4362768188948039
0.37722570211080175
0.4337251156148171
0.3151696814385062
0.4724000495742649
0.4146886195444026
0.34578739257863056
0.29086220751654085
0.34825389130238843
0.3821238669630387
0.2738960685243717
0.46451005401925843
0.444658240665582
0.28011936025980355
0.430119093014747
0.3889919863496533
0.33155174204374216
0.33679406765620484
0.39466464882806934
0.3088884430694666
0.234280021729797
0.35980132425978395
0.32485653934050307
0.3668967189798889
0.36595111249686635
0.36452294698687865
0.29942279698697544
0.37387018272239797
0.36273734333129376
0.30070459292606555
0.35247207402647757
0.36371518072948356
0.32927591810088425
0.38239356022758025
0.3523659380564204
0.3417489072823507
0.3530193600391198
0.33209580498013447
0.3910883296895617
0.3797046631704127
0.5364326547743739
0.3423017048772041
0.42452375806811954
0.4195510241504219
0.44384598645638557
0.42186033737628625
0.2926820951094561
0.37718515151353904
0.3041383288811898
0.3207406305309718
0.33310801304987
0.39734843959129146
0.346967067076243
0.34958600769234177
0.4338729806729652
0.4227719142197114
0.3297370672972421
0.3675736255328285
0.3847888549334844
0.3546345563683309
0.344695860290749
0.33243971946327344
0.44566164116805884
0.4673746717455213
0.43654221691410294
0.3874886579181565
0.34040539344813564
0.31414151886328306
0.3736953291775474
0.3073234725079352
0.28235697690043704
0.4471020254270653
0.4196104864824577
0.38781377947200973
0.3771167513255006
0.335888643336658
0.4154698542812551
0.29964674335512415
0.3298168536543856
0.36486495555760345
0.35446930613417366
0.31202814957821834
0.4407757498572291
0.36311434527816816
0.3110519880760111
0.3068107967544713
0.36268526167003107
0.42458569722724576
0.3580726484492596
0.507507486161934
0.3843990745002394
0.4468459601038873
0.4689178148950224
0.22247033918555004
0.388087263477049
0.32842431691468676
0.331672236126589
0.3375057225320409
0.23476328112332484
0.33327034774765807
0.3628645366999187
0.43961452396363027
0.4150445868805917
0.4785271916262954
0.40165998118928986
0.3701126506835275
0.37097857166969056
0.31073618461039865
0.2998741166560044
0.3285910840695507
0.28923584997361623
0.42245737405257083
0.4595745936371947
0.3939631601118652
0.3652478957098624
0.4153553303609325
0.3204166488361407
0.34673359567486917
0.3690373319797888
0.41591033394507615
0.3331356999488743
0.25058809813449445
0.3134359844175234
0.36024752473767824
0.35729526197844597
0.2898334293325935
0.4552577020947731
0.3957631264628103
0.40518939005399773
0.4092785256388589
0.31781290696436754
0.3394614896301658
0.4500047903867769
0.3606990858022018
0.48242980643297195
0.3369297130063867
0.4198308136871393
0.32444256184254977
0.3371910143708291
0.3330487766702227
0.474574061200344
0.3907753237559893
0.29933860356564407
0.44273094891506415
0.3740137777975359
0.3242899056105165
0.30243086160717914
0.33022297102066184
0.35066783644962585
0.37285831653895735
0.39450409832735306
0.35853993383893407
0.34594296890980797
0.3820661837056313
0.3487170537920869
0.45215304902107806
0.47675055379209463
0.3368028196501043
0.3541233582097064
0.36319547985625555
0.375301172380079
0.35732556754234224
0.3901569328669456
0.374474271403808
0.3243742191050005
0.4744201992815762
0.3966945453082595
0.3095469338967067
0.28584175426722747
0.30873662218218023
0.29911207242288673
0.2863440777155367
0.4133252576251697
0.33144926435908795
0.47496274258224225
0.40054157960375675
0.45930044912602946
0.39065927344230517
0.3745471298700772
0.3909825803725921
0.37905827312510415
0.35842753238972097
0.35945734599490814
0.4341873892933243
0.328837844937789
0.3736013123199102
0.4161661884334902
0.40698892513310286
0.38939978865075175
0.3586878228145437
0.3672712886330454
0.36083895595098614
0.32824859916854787
0.31311068344555376
0.2992108076795539
0.4427142505002804
0.3145417318168841
0.29576402451265976
0.2532847420074871
0.3707572712952053
0.34808081813125485
0.27529570561925204
0.4386929355152374
0.38407926723363284
0.40721492747280796
0.2769102005966434
0.43796680928241805
0.42496526234751053
0.42294140590408486
0.3701535972258014
0.2964909992932474
0.34743779819974546
0.3704953580261476
0.3368563535009157
0.3448564877586025
0.33018117713739115
0.38560667864489706
0.2483583611988627
0.3596873012619548
0.38337143805796564
0.38623373479308504
0.2661809285119123
0.3859005121573604
0.3500825407079315
0.37838349293136636
0.3139623715356008
