0.3632125843276092
0.3433805172914893
0.3381072106671956
0.30945029797780177
0.32467647046451326
0.35978932057854085
0.48196755650835227
0.3787675977241807
0.3802767766164756
0.40790289450968936
0.45505925011755927
0.32475921330912394
0.4164070949501158
0.4154150860311784
0.47165472152557075
0.408727028043264
0.31702765991753745
0.32110097386728415
0.3092384456619252
0.306132984212149
0.2866088900033056
0.3328704867976834
0.29643327110089324
0.38730239084446766
0.36861984880679105
0.3867645040737052
0.2798550900164324
0.36922181202477117
0.30745015441866386
0.29764858344655365
0.38451884028569167
0.4550987859521232
0.2829586431372738
0.40637348696608167
0.37118569088587333
0.34578864184059044
0.3249985083429467
0.2786730355620153
0.3831854439584153
0.3837787077467902
0.3162289884432103
0.3767808554949874
0.2833713835795676
0.33503757186947475
0.4883804872028345
0.47683322128169225
0.41093378842815803
0.3954934881619196
0.39712812984434614
0.3850007020705104
0.3310496511148146
0.39484322751557577
0.28100867599360174
0.31231997874372686
0.38724382319442474
0.3124808666544043
0.27135909625949045
0.3637329605939882
0.3088035360189354
0.40227220716359735
0.36551532938040765
0.2915583732003955
0.5563372555387807
0.38072148026587643
0.33658724726217903
0.4269519015059124
0.4202036791268621
0.4800060608820692
0.28993422732727403
0.32153873586397075
0.28929406532229385
0.367311484667739
0.40602301644150723
0.33476061668051055
0.4302723922063023
0.3673571683329042
0.19815324991862396
0.4119222031900308
0.3787554925769923
0.41175977728255236
0.2912140231964997
0.36784524822842873
0.3365654129275743
0.3087973903250973
0.3796150452545303
0.2943937015242595
0.341451614430574
0.3311499348409096
0.42715221404626763
0.3410817277837155
0.36135140196632815
0.3111576418048824
0.342946716622928
0.4350436139765661
0.4241093649310782
0.3156759142181615
0.3882320974648475
0.3878798464917193
0.3648488554168069
0.3032390108966011
0.29323975509791284
0.3676521788977914
0.47568819746360025
0.36154019945063287
0.3351004371168469
0.31916686647262776
0.34175884822583574
0.40419454045205166
0.37984720354272605
0.3541611710598535
0.3451326326423165
0.3897632654355292
0.36705805025053373
0.4779519908215172
0.382447641845936
0.4460852845926957
0.3476873351883896
0.2414682619311442
0.35330242313780935
0.3502155338998089
0.297360911468608
0.40306203195084783
0.36646119869094496
0.4905173401870004
0.4109162027071359
0.33046947204605237
0.35819351406422056
0.3044250079634299
0.3557891524619347
0.3030845393740848
0.33336218056065264
0.33689447522642346
0.3306761076956127
0.3289680364860649
0.3202411104158805
0.28888753681644386
0.3524544059974587
0.46539052788594487
0.3247524195850055
0.42941383967465335
0.4094841284804567
0.39195953551835533
0.3704952235430872
0.3148837001307293
0.3183660729576444
0.38458293801891846
0.3530039292628801
0.3577880644133952
0.37234837122025977
0.36854264806519443
0.34847364650428814
0.4509202595533662
0.3345813750927065
0.316905847552444
0.38318530507468473
0.2950830635138133
0.502187695643831
0.38134023794571964
0.3676410826054102
0.355722670676594
0.38757785035612907
0.33777286203421514
0.36788420782316633
0.42946263072773155
0.33099267139861177
0.2628473965222945
0.4094760285497934
0.4153227414731793
0.3487103983803427
0.43087648355780805
0.35211012291202026
0.2868768387414128
0.37144209857800614
0.40965378903563576
0.3273600971218884
0.3494244318931392
0.36659313812036226
0.4220432199235927
0.32966391184575017
0.3928349004766049
0.4243406658043374
0.40159877858679244
0.36696485448158045
0.4372506375742202
0.4516171344515997
0.4114394356348533
0.4177297062865525
0.4207438760461176
0.33966552348264833
0.45361058834065826
0.3774778338728357
0.41694190512228885
0.4031903028810791
0.3024372760908274
0.2954821075984697
0.3246828019458972
0.43891240051097824
0.35731113741204745
0.29697029914093587
0.3697449000283214
0.3171453213767366
0.41560994371381865
0.5325511907458408
0.4668752157283477
0.28511058846575205
0.37369869507897363
0.401189642052109
0.36201547752595264
0.2962245244645824
0.4061645175042054
0.37237671533168837
0.4694246039313991
0.38592648129687535
0.283799995351223
0.4396295310499175
0.3071740307871316
0.378768104891317
0.4135807243321428
0.36131793539389884
0.34622173733419404
0.30253092496525635
0.4734541056640362
0.4018479134599785
0.48212897363902757
0.4342010726047047
0.4553304605364933
0.4771030982912488
0.4071698660289745
0.46981840432793687
0.4535145995581994
0.2716823588222286
0.31469228860203285
0.3348838483513508
0.3229361350829598
0.39883828713656644
0.32546240316841063
0.3873626220994533
0.30033972983747886
0.44952695368494844
0.4202690087247437
0.33792449076588854
0.4029694549561297
0.43180435910190124
0.3487244908634514
0.3521038666270843
0.29803035156309643
0.3516112359786561
0.3947584745392803
0.32260104857576943
0.353394347232683
0.34534867411704245
0.37609773005387936
0.43557814725436517
0.3534324675946189
0.38950139969000735
0.40566856854523387
0.338353804373029
0.39779476297814503
0.34168032896887274
0.5813524539108142
0.292206992139491
0.34189740138682956
0.4338460956894737
0.284479310878999
0.29436743416521627
0.3837371953723789
0.3551066617102981
0.3591721798682523
0.5369216106843145
0.4441985440919275
0.3061554060694664
0.37716753918036866
0.29366526199245574
0.34187484669606855
0.3148761690519046
0.4111666321412428
0.3521126566004353
0.3599458601298861
0.3326632664817231
0.4155552922331785
0.2910200162353451
0.5157788968695319
0.283368391333352
0.38823881675288197
0.30559702062561633
0.36452509730831234
0.34334229883187206
0.35575120092747875
0.3670708990363451
0.43963853429983085
0.38524222278859094
0.30359220366460504
0.3307338304142386
0.35654779648712714
0.34937488227092417
0.3297228023630768
0.3431115464123248
0.3744539104888423
0.4003765752606308
0.2957687887334155
0.4007668271959098
0.365525073702752
0.4424231306769775
0.3942407487955095
0.3120192992618089
0.29478259813101304
0.3775796039384783
0.36726927781398877
0.42554602676318015
0.3525381682426975
0.27646850374274173
0.36987918532595154
0.45359787625698594
0.3629512129763372
0.35944925615411083
0.3375732170430626
0.48475069928672704
0.39555966150984156
0.406767391813707
0.36439354411659586
0.35885032729532196
0.42948366488326023
0.3233380222152333
0.3859520425357973
0.3210741388716136
0.32602374779206983
0.3237525295495947
0.3304690058985196
0.32571513526795765
0.32028477145080875
0.3402800275125767
0.44635169726684937
0.3482896651515844
0.4233041952533042
0.4452064912929402
0.4341276869609211
0.34620800308157457
0.6228621745558951
0.38624053854074797
0.3798661885249735
0.3785915132722992
0.2536665800153606
0.346276256658384
0.41505875665383857
0.43941694098599665
0.33375401249695047
0.31593109442687445
0.49323371711960684
0.30215244371748046
0.36371565801648986
0.4162140133343129
0.43275656515975086
0.4075486593484838
0.34468018188630545
0.391037360445348
0.2554555387167979
0.26482145519713146
0.27142040478538004
0.4214082275464307
0.41543300776834985
0.30538499637911937
0.371786244980223
0.42255060637247627
0.4055824865855575
0.33360935317519164
0.41207097405928506
0.340752818054509
0.37551499804595473
0.33553030476638546
0.3857226453700704
0.389665097301155
0.33792279807258907
0.4082610124091077
0.3112541634553225
0.4086259711640397
0.29724659831744144
0.3873793601204868
0.3515309141008365
0.306581724928676
0.30824446274222694
0.43161462600977785
0.3527684935177727
0.34150934009223155
0.3473892530999454
0.4195970024821901
0.3967885854095822
0.3091560360277012
0.23656779725297258
0.5313813619866982
0.44462114208683
0.30576672853494613
0.2771461217887346
0.46360142071246513
0.36064851800674896
0.3828977147044659
0.37115769683591027
0.370473276566408
0.40061299860908334
0.3455406258940522
0.35738445368289595
0.4280055955791467
0.302365079120097
0.329613266160526
0.30126867220482384
0.34154567674161335
0.4062175287227041
0.2702176330058939
0.44681103475144923
0.36032185078985585
0.3006985918557273
0.3465323379206715
0.33845520647542093
0.3159835939184932
0.29483911653356526
0.4344788484543224
0.4049283839030997
0.40313927928955423
0.37265094022891704
0.30513491007893556
0.3341437803240703
0.42214702173616003
0.3778977503545326
0.43689311464363073
0.3139292205121866
0.31203227710041803
0.2794068266754916
0.3528525482136416
0.3157507510596931
0.3974310568260062
0.25815233905346374
0.3715851449497454
0.44302472459355086
0.3137485043848308
0.37630034848422805
0.2952557958208495
0.28397110341118253
0.4760921363794203
0.3425822545967649
0.3502691205736675
0.3347469765265308
0.3099640855079149
0.42084076584316044
0.30356947989009003
0.3490990754781581
0.36010314788928727
0.4914616114605405
0.3762906935098883
0.31583478516150393
0.23569392432971936
0.369637069087671
0.3677518273292166
0.3553677903274682
0.3828987185710016
0.3491996350924236
0.27478200739967273
0.36639267210079146
0.3273034280056222
0.4163605965408586
0.387661954406747
0.4606797382167106
0.26741993429424604
0.40258268693613847
0.30799900004866304
0.4114030541134388
0.36680649491985046
0.37627234794183345
0.371158999077613
0.4253512566472637
0.3205903623526393
0.32645395414837464
0.23698732381217472
0.354784713086597
0.3444221262702845
0.43508770125363283
0.27233466531823675
0.339629096783875
0.5276245507571609
0.31169334462333437
0.3283052764940329
0.35926466474936275
0.22253290780857787
0.29888360803800873
0.3152970119769023
0.3502093424463428
0.3829819793000998
0.4005475927846915
0.33280688226546995
0.36793386933692257
0.3342328792339888
0.29705123327392496
0.4395058849288271
0.3174608605423514
0.3005554027011277
0.3095325821316277
0.34089653462741115
0.3089877028790624
0.3124087512452144
0.28669308875128213
0.4170958987884651
0.3176812421257279
0.48855919926024677
0.37512243353922264
0.3329223206765105
0.32969101106990695
0.38839438111069197
0.39997779269436967
0.2853987871796095
0.34844209377857227
0.43237788615017725
0.32940929146350717
0.42096622693413066
0.3609730859854304
0.44059904300578817
0.3503502594414963
0.3300740750955012
0.30183015130244994
0.31178391435705605
0.3621744445494837
0.3358466014160884
0.2847535800310692
0.2854184367803037
0.30845608591239415
0.35674980623347224
0.377004719603448
0.3573428822750855
0.32149144666326074
0.45634866503369487
0.43131247609698015
0.33417189419771204
0.37502020579857764
0.44655038150531357
0.41209911533655263
0.34814367607096564
0.3412585286961108
0.3896185710013827
0.41850834469290055
0.31721119851323637
0.40020305822351193
0.3879332075853635
0.341394923545124
0.2973215330706748
0.32710968606492297
0.2523844618158591
0.36302545291162086
0.42519924216177907
0.3941603058781024
0.38732542401417513
0.39478558175555833
0.292376260571023
0.42471709243262334
0.4402603967022928
0.2936633095443997
0.2841385745930559
0.3904257070899698
0.47925760892245833
0.4305168230381478
0.41228884056449744
0.3224366717567207
0.42945371017425554
0.3924528678246162
0.32529249323890197
0.43455332300016886
0.3886149704698514
0.32454222162200136
0.30660082329856136
0.39761281477557353
0.3572972098573314
0.4148779357908448
0.30283897942722454
0.44117317316224436
0.38048618611790214
0.4514903342128693
0.38638775179772694
0.41610186122647586
0.30036065073716917
0.2838841680738726
0.3017157471239103
0.3378100784923616
0.33975217306078415
0.3339725598296317
0.44316901616787374
0.41112943995774043
0.37275889486921326
0.32094592426125895
0.3428177599780091
0.3388674229495072
0.29992681699771906
0.3576844603725557
0.28727638766541935
0.455832450281346
0.36115252038341317
0.42252121061377407
0.36945635227142587
0.3326844775707318
0.35445420606425787
0.42023299671059355
0.3823956671920326
0.3190195730516592
0.29870491505833596
0.36921134994110305
0.3761163949227987
0.3957748763851763
0.29318168611682827
0.41613516339640716
0.20326477890057026
0.4557351370531083
0.33251895738140735
0.41644290898335085
0.3032509167652112
0.33653291397114443
0.3213119616765345
0.41588920309971567
0.3448820699767163
0.4828687631177523
0.44817831239059475
0.4496071256552079
0.4143662249034544
0.47470285319456723
0.2906690010074743
0.32958614946305975
0.34328235401199103
0.2153185175105439
0.5111960005161148
0.3865500970605285
0.3460950940518857
0.4062686540141227
0.3221762195084139
0.30505353287457093
0.3266620154094598
0.31851244214545255
0.4341999306271659
0.28713248341886954
0.3758287237337098
0.35823161158637207
0.3524426940940538
0.40218462000762556
0.2346463504715699
0.45991862030492753
0.39758488647697593
0.3950688861727006
0.5240982334597232
0.3238512211586984
0.43494622544967754
0.37942783340885466
0.32177271680246217
0.413328832268847
0.32191453529445513
0.4230375873670838
0.30314310191366306
0.3553033279953511
0.3537149799597776
0.3390782164111977
0.31830562390364514
0.421014238691974
0.36292027294668927
0.46555472593941577
0.2518160751505031
0.39147012253274
0.31404013679039583
0.37484298850217246
0.44939539289361247
0.39662852949827543
0.3351542719078504
0.2943227174793909
0.3718861280484607
0.437400753067867
0.40962016175464094
0.33154782598716404
0.3500467277979877
0.2778412089412687
0.3835071927920159
0.4051315389267683
0.49832793862870706
0.2752860264128138
0.3927707538865401
0.3544054184889785
0.31933591011185336
0.4581426740743613
0.3548971168183254
0.3573242737286403
0.4422539202253641
0.38107266838986714
0.33776722706886264
0.34717340086925763
0.3147834212760581
0.3032411183588154
0.35080969737501905
0.2919384822621418
0.3531919618608261
0.4089852600033134
0.4445919937996954
0.34462818638019244
0.33345901906695896
0.36738400588203274
0.4332603381926733
0.2776521498986206
0.34568382410136234
0.3177113071914525
0.29888430484718587
0.4156300066136433
0.3375159449601945
0.391240423947917
0.3763388391950228
0.3767821880108765
0.3384123840139238
0.40570272790498163
0.36689199578383813
0.2768499487215358
0.5013924937764456
0.3841946125118741
0.34095156937895227
0.3579919659290621
0.4132865556851358
0.4457364631022205
0.31253884543093047
0.29251143206030866
0.34291951307178087
0.29478650395875977
0.36355883630857744
0.4386304650556812
0.4325409533375992
0.26568493132893595
0.2406364275055589
0.41900618617431046
0.3095186178371338
0.37865900107554257
0.3996471925306792
0.4185793965631581
0.39535960233181866
0.33719738724866233
0.3776267748703691
0.3110496126466131
0.2453099525178283
0.31659577851939796
0.2926268677470618
0.3698138441733402
0.2972036575949291
0.32884435131873874
0.32330585389475847
0.4081035171809663
0.2976156595572789
0.3243339324740799
0.34089863819035926
0.46843882811474236
0.370022992033836
0.24361483021156632
0.36720492802954424
0.358038967191505
0.2956632515029814
0.4490611782383655
0.3666402510258316
0.5180924381915997
0.3712140104497051
0.3802855569920393
0.318092411306854
0.3743280841428669
0.33619695594949517
0.35147292645765704
0.3176904058155079
0.42610097774653455
0.331678664541443
0.33929781269471626
0.3222804158927171
0.44878065814360146
0.519297994847302
0.4906920426401734
0.4210944741054736
0.42282945303313985
0.4623420429770794
0.3985258151237692
0.4932778804149149
0.294203834967958
0.26333831287790566
0.29669945024274075
0.32632543000312036
0.2972705237037612
0.40764769112427685
0.42512880967750494
0.3130348088567914
0.4093003788476807
0.3385457805165412
0.34898904927184177
0.25753186650851295
0.262816274898053
0.3530086906764087
0.3155465067798172
0.45694402082605184
0.3036406206718264
0.4207431373292469
0.43582284284429373
0.4860438938949395
0.24698481547017173
0.33868498182218204
0.3247189288585186
0.34182723808180293
0.343277139260538
0.3790662142829649
0.400743044874567
0.3916012246112703
0.3375136778545916
0.346766207736204
0.4787734403306901
0.4748671578450371
0.4597675881019172
0.36451306014668505
0.41619859392996517
0.3629309728821821
0.3050425398470189
0.3130581870962982
0.38909489946095566
0.2866467269973792
0.2950907003489014
0.3837296355456689
0.4055528639738436
0.33711657671178935
0.32749510355302075
0.5537671512621931
0.34275799498010096
0.3130308458857877
0.28539946058046933
0.41448054654693256
0.38876343030693106
0.3830960295728321
0.30034921759229544
0.4397783608409585
0.45261046163993773
0.28249035220266805
0.3534205090884154
0.3628607253220394
0.3152662598210541
0.2827968875789206
0.3539772234871047
0.4215792133986671
0.349584249053336
0.3459358896141137
0.3061677047544438
0.5842593449552659
0.3641340530003562
0.37217564019714394
0.2603225967744355
0.3880917134513117
0.36155543743999113
0.34338283675828596
0.40995933489521846
0.348071305225312
0.2555761260932756
0.3600192881688292
0.3667952866436214
0.33021976077141746
0.36897184584743886
0.41343508352987124
0.31139208236683313
0.3952990499989946
0.36425951333465895
0.33442929282386763
0.3512523190339758
0.294573263867424
0.2802681615538436
0.4122249549004986
0.29096220034631876
0.33108619274943546
0.45857576006286194
0.41699736711945445
0.3918283613051329
0.4494636342851565
0.3163270183134082
0.23572293920677156
0.3587304063621436
0.38046626073455525
0.49138886675743443
0.4053658972055958
0.3886594111919483
0.33866411801289426
0.41830504009808034
0.4097307615597398
0.3706494054105383
0.3719982464733736
0.33304653442567245
0.4519413067013425
0.44674356342110993
0.369657877037763
0.24548450280308864
0.36129137126404615
0.3680183424064937
0.3076268321915741
0.3578915457041601
0.3920727833871441
0.3910254908182655
0.2884701589963518
0.2761649169110293
0.3245872013392209
0.39527015161311907
0.3408061371859399
0.3345578904983553
0.38011081029954186
0.48285447551384036
0.3248950816786895
0.3112221637141474
0.4459820072288943
0.33011964812917605
0.35420645543042356
0.3057546984305804
0.4478640496341114
0.31832353798396357
0.4457752163336409
0.43595561169059227
0.3488860191002932
0.3472231436890782
0.2956900725841142
0.43008333580965047
0.31056510373721535
0.39223612718565065
0.4234565712599513
0.3766249665749301
0.3638679765420899
0.3101273772134607
0.34814733403823933
0.3700311098336491
0.2742895022500238
0.30280450739725745
0.30282292505357117
0.4055227693317
0.4215476363775495
0.42594460970283626
0.38671964842599144
0.41582376154154854
0.3314756734642903
0.3509236912697567
0.34206148244166273
0.4381745335651478
0.29436235429658547
0.28071414495405533
0.3233451106135211
0.42164828066051285
0.40884207816003026
0.45099631141416313
0.3481343626805534
0.42263337892309
0.4155569323917344
0.3549582188649244
0.3269896117771563
0.3073214410840155
0.3870548395857593
0.3119267171246544
0.33517164784389414
0.3510406708836367
0.5221826380330995
0.3515835931313969
0.27453704250635663
0.3081112000068518
0.3130678239520976
0.3487575653348128
0.42018021221393204
0.4014739531837915
0.45095086752333496
0.37942860685539165
0.3914040872018599
0.386923706977829
0.40803828080247057
0.39557062175021757
0.31823061339378633
0.3591895580975842
0.3321176984175832
0.4605319345954288
0.4098671971905024
0.35509801714117495
0.3854431098358199
0.3339090552149381
0.5090960025831082
0.49003179272645736
0.31317510209439176
0.2744796825400684
0.2759503739885469
0.42021003695590664
0.44197254815074066
0.3453046600653037
0.32769657417490256
0.31015744905013926
0.34647045266443727
0.355809353399954
0.39779658369805904
0.4392303005598886
0.3756223804118344
0.36428877225322986
0.4142793003096258
0.33306171873333323
0.26185660137919875
0.3488703606384559
0.3382326836099134
0.28480338555985213
0.3554752274962794
0.33116273389600837
0.33285132231769615
0.3849111479081344
0.40187144431016797
0.32354610442603654
0.295623723774382
0.3978687028390516
0.26299660453319695
0.32170103896921237
0.36820342414443313
0.39042380711303976
0.3639717310708629
0.38022215170730755
0.43028138619026685
0.3349242413553325
0.4989254088991942
0.2607280503314992
0.3437363971625777
0.29439503017693297
0.4041879635335538
0.31506007157849414
0.3060687669149274
0.3104992631175645
0.4905720100163222
0.41399752481643914
0.2551081457895129
0.32698479644317513
0.3608819045262552
0.346340338455248
0.3814427927253492
0.43433498347428234
0.3594904231308824
0.3411839014319262
0.4813894388456009
0.3298630170560281
0.42330081908715717
0.37445689408416566
0.33378665611472896
0.3624271446613436
0.4112843465250173
0.39202137334634873
0.31334346405888014
0.4823529263909744
0.3888340019808629
0.36266180655675834
0.338129224849085
0.29724773668354887
0.381915990624787
0.2920484820728387
0.222576616033962
0.370281267558188
0.4006000984995611
0.3330641277081351
0.34568050277403267
0.38780280250633126
0.4402105680471406
0.31458841245486696
0.39851329568541644
0.42033395298120446
0.24882754925669426
0.37008104632908195
0.44582830737305523
0.33778399713862933
0.4781296286252002
0.25402445013862923
0.3603789150991218
0.40810554846437946
0.38441137446914136
0.3063600761689289
0.3418925278864817
0.4612216472012301
0.2906512202007113
0.40134425082943714
0.4424762254502158
0.4097220449322803
0.4462149436628146
0.28725762214867134
0.30796912075889954
0.35393791886730575
0.4494469976700057
0.36710039758610574
0.3530826311872243
0.28335855603838
0.450517749247092
0.35700464623315487
0.4621284270748181
0.38614484223926215
0.3709656533037887
0.34159501624471145
0.38730185921888644
0.3192547230659793
0.42926207277115097
0.40973330996194973
0.3314982221096145
0.2984586820165237
0.3981517780037881
0.5210202650706945
0.375421668951312
0.2708282157492679
0.33020335016268115
0.34830502588829587
0.3248242079775792
0.49582428544102713
0.4029330402387192
0.30049067946594993
0.41962684033647163
0.4117696560163509
0.38148256322579405
0.5240573867531769
0.35920890827793306
0.39698605596502645
0.31418882293482236
0.2960458468904468
0.35692001293023157
0.34428989301960705
0.37489873363726306
0.48429440730355044
0.4643638661740559
0.24250409747372448
0.3126462656502501
0.3167452433266737
0.3020076194795687
0.38437405236043287
0.28745596614671404
0.30004756224066176
0.33737341223905865
0.414340887992582
0.4360345983275329
0.3368771710113728
0.30844642028021785
0.3215732322108791
0.3173689067467072
0.29500226325633966
0.36608325301121064
0.3608572881840711
0.31311156654154
0.38084652436952804
0.6159783558553629
0.37904922542136016
0.42317500335863956
0.2948477142188315
0.33080815929522883
0.36519283953406084
0.2771916259625071
0.37824612088074866
0.3472946895349395
0.31296548407875746
0.396662142284243
0.33397955350650227
0.33317940858454087
0.3995353146153392
0.2849379713256484
0.28708901151167787
0.4189425200175682
0.27610147543025293
0.2897993622779355
0.35406269950733243
0.26348146588484406
0.33791960762317985
0.2915234467367663
0.32145294867711255
0.2802327659620826
0.3273423244007255
0.35755857848144607
0.27857336798951005
0.34089140422131825
0.30492579912043966
0.30213819501022326
0.48145250395989586
0.38611650094981903
0.36996210872551166
0.3915022024038308
0.3203951564596873
0.3802498629190044
0.4477675370811273
0.36504307576709316
0.35110425049224964
0.35772585002846186
0.3486287409247464
0.3799465425257962
0.3014710318643955
0.4752320820758412
0.2867364062663102
0.3900178649238865
0.43746419389000446
0.3393770248060499
0.29770675051924667
0.30565194006673296
0.29256352539726554
0.31145605280584643
0.35228599886148837
0.3932304201327916
0.3338048691637038
0.2698856959118166
0.42845315024342606
0.3796838803331548
0.33600613704697535
0.35107330443231527
0.38649570811493683
0.34365622306628985
0.47100128248760165
0.40656294804145093
0.3073229697708993
0.4450619719361187
0.27140864537458126
0.28482193212582346
0.3570046183874191
0.33081597548089625
0.34168535449080606
0.5750609299977294
0.2830286097552464
0.327454284301955
0.33997127133601945
0.34001870628229514
0.5611789067012525
0.3472207970479146
0.3496469758065202
0.33679994370847777
0.49082743937626155
0.3013930979257954
0.435007310329233
0.4273208878411515
0.3880123171462638
0.4144487188972781
0.42435283152770586
0.288433722188228
0.30092252135370035
0.4247387818393653
0.3589120354740096
0.37742096445032847
0.3797218131688999
0.33678176681015254
0.4607687481433989
0.3400570269248488
0.4792738596743678
0.3348592278288294
0.4374494595151796
0.3201069106478438
0.3564134579612032
0.4351300142839154
0.41261059676415535
0.47021649570753865
0.40619903446332034
0.27599637918807196
0.37546301547428584
0.32965102590501616
0.381252061312322
0.41537771640804094
0.35336714648936157
0.4453923895962959
0.3784906023793686
0.4322861513598403
0.34249302926487746
0.3118114551072501
0.3393215419358279
0.4433700741536923
0.2873308507041771
0.3606568635459669
0.40289430329907167
0.4003188359983815
0.29994082767420305
0.33810213429008973
0.3366631915552331
0.38786897556828176
0.4102453815849552
0.3305281552629722
0.3987242897701794
0.4389871057729236
0.35323546888906726
0.3494941563809569
0.42245458124402185
0.3268059639822165
0.3162984080975118
0.43000425578640106
0.35019610038509474
0.3878389149191873
0.477442298737305
0.4473674025146961
0.38277441031140097
0.280820810220794
0.325839160199348
0.4436583880495073
0.3192930476091066
0.3757113134507392
0.367721767106759
0.3580318704973605
0.5271596698810821
0.3866591612413678
0.3752493653885532
0.325099670767383
0.3128444786782212
0.3324743266554634
0.5076564199509516
0.3750864705954035
0.36859706064728825
0.3013694904369168
0.27388893954678406
0.47259192643338693
0.29751769665861055
0.36375037440680563
0.4380549591971931
0.3891823768079301
0.3087457765129867
0.32098647634827315
0.4355497585262057
0.377071616894891
0.35227877442935973
0.3231102174520175
0.34280461352592706
0.3680926808842647
0.4096571194658379
0.2775623900213206
0.4524209463740809
0.3445675576200471
0.32874966765234476
0.3642429004067639
0.34129062242518354
0.37425627770616493
0.2668399800503868
0.3468100658321695
0.3295216476253366
0.2540214897610248
0.3207908660200276
0.38308729927539314
0.3006951904040098
0.3555795884019353
0.3687234641235541
0.2821275867611944
0.3273982526741675
0.3593429306090783
0.3657721669643455
0.3371609045994281
0.3622931423782591
0.345212088827823
0.36412322203084047
0.30864056838684123
0.41798796275932604
0.44571253330974947
0.423937447028863
0.3910849394468984
0.483868693875412
0.3233998814283798
0.3116079837715127
0.32694953920741676
0.38526943719577156
0.37580182045869287
0.3363502517991572
