0.3347338549315838
0.36596970135616724
0.34623619383973653
0.3256055642718615
0.3828192044997772
0.3525336969750561
0.33039005851943526
0.3225401028459115
0.27725770964781526
0.34554221823071624
0.40761907327507957
0.36727883375522025
0.312355159706572
0.38062737317672485
0.27382301581738694
0.36679810428764387
0.31287106326241126
0.30009190320118506
0.31852848372996045
0.3506491658676142
0.3441803283269377
0.29611084579356395
0.42850092081809904
0.28742829832765865
0.3365055498782474
0.3746215481861277
0.4055255882458824
0.3692574868557938
0.3414219637706057
0.42587503062712534
0.37758983964364146
0.5004736108091266
0.35946016712072776
0.38057955573635005
0.36918537674398055
0.46208702613332936
0.43250506972026614
0.4681823075093646
0.41368537276677625
0.36333627810290553
0.37840740446349513
0.39761206683325495
0.32767871763254947
0.34820101554872523
0.47040812286995515
0.3794565068719474
0.3507295278706776
0.3355011902372001
0.27865349246131277
0.3168351714905222
0.3288655911311445
0.3334796178610283
0.42184877179967906
0.4338579167109788
0.4576984678294671
0.33854527787903754
0.31824167672823184
0.49144591486993733
0.317409702520429
0.43445510849295826
0.34845940844254786
0.4246217212109779
0.33252286275238646
0.29665857981044735
0.3981083748936836
0.36286375001256654
0.4248440940401736
0.41505330354651976
0.32008902240286596
0.28290709315251455
0.2907194712327194
0.33451198897828077
0.31770379505911517
0.36705795005605
0.34526255085277674
0.33117388933053366
0.39091655075033094
0.30801065938880257
0.37014564546733913
0.35863904549723685
0.4673447603312945
0.3064633873476449
0.346132764344381
0.3965188151625956
0.46505888414833285
0.286600529878126
0.39511080766852874
0.3670962688995927
0.3283122558697254
0.24162013565004944
0.4334184542527576
0.2917841103325268
0.33823692726616417
0.333381502063565
0.3593557258212925
0.255957048856938
0.39815290607166487
0.4329593823001326
0.4500677889076896
0.3483665386447543
0.3071810086575823
0.38739723793346814
0.356183422436369
0.397137833863906
0.35134019111003334
0.3733656180349436
0.4570990652625826
0.2879277006824547
0.30004272942075744
0.2777339388517728
0.4270634384538373
0.29746319047418796
0.32558531277456404
0.34978228588157595
0.381754129845627
0.31665334653953187
0.34896072009334145
0.35394671823861534
0.3661047427848183
0.4009100308541611
0.2952984871113944
0.3202877108162789
0.4395249636682806
0.393498009109143
0.3034173454505828
0.3356882752349653
0.34970278715871267
0.28988084621180443
0.32203830557721225
0.379874178549841
0.3011356331460201
0.3458251139339815
0.40062694300737794
0.3024615099338713
0.3920248385112599
0.38680677866787205
0.3650939180033082
0.40311893813131994
0.3294925194458497
0.43024215507184527
0.362132074577834
0.2921271564399916
0.35654662981742336
0.4303349046917021
0.2922147669779582
0.40036867749256877
0.306294225395717
0.31167863641738786
0.3014323046336644
0.2637578558737298
0.37274780695160425
0.45527519341754047
0.3019470760977222
0.32356838329961796
0.4061169723863215
0.3203972500965419
0.2788399713540224
0.3123461333448163
0.3377828580938563
0.3381241445880226
0.29704479340981876
0.2758718473550299
0.29920435196644396
0.31492975043013155
0.286403700467438
0.32671442375893234
0.3304018114697445
0.3514248128130922
0.3161997249061944
0.27430570853579994
0.3410053979440485
0.43404927703476504
0.3395542136335076
0.35468120785649165
0.3846120878988495
0.3088854917342886
0.4911480474295061
0.29089695633347534
0.3412625951580239
0.28474627111041045
0.46115129871864635
0.3029571045919637
0.3749105007732502
0.3245582712589047
0.3923075398513316
0.3067125122480787
0.2797066231321213
0.3357537550081517
0.3176567589815624
0.2852241787664163
0.33369300077724645
0.28549151356738106
0.2913484278910143
0.3550443692121121
0.3313945492191898
0.38937760540528776
0.3381392592601545
0.4555280078003042
0.31926654734164933
0.33487258571063155
