0.4036952844904129
0.34644824814342196
0.3968553703036715
0.3345147699203066
0.3802190849623109
0.31111935298758586
0.27734227825912444
0.37872898005411143
0.2662917210584649
0.3510094656028421
0.32376022434362284
0.3336029919480429
0.2738022687390749
0.29862770468914474
0.36172890828911575
0.29487724979180513
0.35634223413230465
0.32084774432913243
0.3692591702258032
0.3611617857199899
0.3404893853930596
0.3477479482960833
0.4225141981623105
0.4187850168700907
0.33308834635885487
0.4496873063678339
0.5519140947676667
0.37249981638247026
0.40350743619042295
0.4596322927969211
0.3921442597668066
0.33398778542967217
0.35244059768467345
0.27524021216128103
0.3746989748468413
0.38263370448694084
0.40473631574140095
0.32419148388184893
0.3006313546944298
0.3645592261914696
0.36719300975007985
0.321868481587133
0.3087882482235703
0.2435865536806161
0.33793405053438424
0.3904735314787309
0.32773143042457287
0.29034352782964373
0.3815571221811141
0.40839465668529906
0.38692670408669805
0.43415830804796907
0.3407797478473629
0.3477454816399476
0.4445351850117939
0.4211258345678866
0.2658174451750013
0.29474321750490445
0.4274577720897337
0.3451594948283463
0.3464304153858356
0.32748308952854
0.3568999654551748
0.3675496097906923
0.3781555742569975
0.31703920019919934
0.4479633011399773
0.41783002911291034
0.3334219790595763
0.4088886235975851
0.36734008578130906
0.3484798947579135
0.3447784190429387
0.40313272772183184
0.3179442511251663
0.4073851320879678
0.22791289977859533
0.29565440328357384
0.27555486401668233
0.3324101139681474
0.2478138034385018
0.36359978673856563
0.3544876744788948
0.32336496270488757
0.32125178900366474
0.4153950970028463
0.33441024765203553
0.3301061060606965
0.37667024007742617
0.4547091448910588
0.4146388543445259
0.33763107545907933
0.40787820625054283
0.40228526594336794
0.41382018379691965
0.4120271122729989
0.24912354324675293
0.3427603277260315
0.3436254630119914
0.4156887319617854
0.3830361128356826
0.38107834479833314
0.4608520980722309
0.45213140294555404
0.2803365715979104
0.32269686701891065
0.29165821244219375
0.4095073746283116
0.35410319741322693
0.3285505221592479
0.3588906077582954
0.35148001492023606
0.419564589790143
0.3001043490209445
0.28144766389994647
0.36109977429100176
0.34685461984783733
0.398031752177041
0.4224904690043127
0.34814994809038396
0.3215534935816853
0.35083405715587945
0.2895821533928374
0.3323386838553061
0.2582266075580667
0.37424017035388524
0.3336207108274798
0.31224257222446516
0.3148411154063076
0.27650459912361885
0.38417743929465004
0.4056968714945652
0.3229334846073164
0.4206525548699766
0.3578045190530589
0.3500833896910079
0.32836016049270256
0.3815115681788525
0.4100705312586354
0.2718935239984887
0.21454809733890684
0.3223272768679231
0.3772921497850043
0.37456664826254704
0.4033519896924913
0.37181444912596323
0.3256698166309008
0.30206498303446006
0.38001975964235934
0.3600029225701512
0.2983558976120893
0.32757317335163344
0.32093351237038825
0.32978828999061915
0.35916069836365594
0.3173959193324214
0.2770263871456854
0.2758924090707346
0.267513994194038
0.3481946735406629
0.32180881174465187
0.3691754659991932
0.3320560597854339
0.2839235452487586
0.35952593991729
0.3485251535714566
0.4101539126278885
0.35110044618215625
0.287842640613081
0.3457409933375794
0.3573021811707357
0.3467583052158044
0.337821341194958
0.31250872534576
0.34649458991660487
0.2921443189515832
0.3150947252855554
0.26811523785622204
0.2961438438874868
0.42115868976524173
0.350396408637509
0.3420982369968007
0.2783600559070347
0.3437739320198597
0.4334113328135191
0.4697442693182494
0.2965085475210561
0.33354784460217435
0.30165541779566163
0.358349588973038
0.2762861546192686
0.3006399681515094
0.3887437075426739
0.3235788013713832
0.42719378367558086
0.29767173739142216
0.4310269681382493
0.34316886894581156
0.3728392840161616
0.397657504376799
