0.27648803447015613
0.340422297937867
0.3087568483359062
0.27757580823170264
0.2830244238816557
0.2507036811216463
0.2943600974167061
0.3209588889271924
0.2974141643416376
0.245972428828217
0.3935051052258941
0.4207584584377259
0.4149543802044134
0.38953563444439765
0.30941110447453296
0.30284339263929977
0.3337312380607565
0.26714003180612433
0.34102194775946615
0.32793149427907137
0.27362897871899755
0.4730537081384076
0.34776264692964565
0.3573960086955544
0.3075829862727171
0.2625319539204387
0.3928526401014659
0.40217886534376623
0.399329033475721
0.38001622195549045
0.3150714670631989
0.335298360341917
0.38428991789295847
0.33450598322252983
0.26140933644759856
0.3151843047028955
0.28934359432249407
0.33781407024544546
0.34519889758417
0.29537652152957433
0.2782509897181473
0.27534936140725036
0.5203120379622944
0.30586676395849727
0.35070749899354237
0.3679494547759483
0.4104114595498398
0.3759031484403054
0.3995517106165624
0.3038397762395671
0.2671528826466953
0.464609121511172
0.3897873223337417
0.3286747459789651
0.3766127476643573
0.33783632756923127
0.3514741063216318
0.29404560593308515
0.31300039531474244
0.4216559497907339
0.3015511631456219
0.4331210030423589
0.402232849624569
0.2688367234864836
0.23673847802210377
0.2621924012006092
0.37779972861741495
0.35870772232692283
0.27119544224811115
0.41779698931154213
0.33390919290155496
0.31268448086553674
0.32774457583117045
0.31787993486109617
0.32140022848114913
0.27430215425607873
0.2686328141402657
0.38912429967635487
0.3674454466378433
0.3253606996341674
0.36517426897687655
0.3691884192785683
0.37645972852762616
0.32299450871854557
0.3096169665491567
0.40358298435402234
0.3442079526449723
0.28405190134611413
0.40449314542813697
0.29996401064796513
0.2918685430361454
0.3739268115550787
0.3421799135739709
0.2871847119477922
0.4155427865310495
0.3923165504985809
0.23569942988513543
0.3560042437731071
0.33712214642819216
0.3306895693177519
0.3901495434178996
0.2511935136065881
0.3238008724746716
0.4545656970751552
0.2926681576055466
0.27825078706403
0.3274847267021797
0.37535267005317147
0.39141912873524987
0.37557332087671275
0.38269434635623595
0.29805225331383634
0.27866958297257793
0.38289041955436787
0.39477078856231856
0.3745795687247359
0.3566523351258238
0.35480853727388023
0.31289430272328955
0.30021128139452813
0.382204833366477
0.3662055240466324
0.3835687958188204
0.2897034127414853
0.3095042219403092
0.37928907309127974
0.38416431484367586
0.36961115566791597
0.20469911594225298
0.28955400582084934
0.426715204906991
0.34749392182354066
0.37518928669736934
0.31945568133014485
0.37524385782104436
0.30927321316342155
0.4204054103472951
0.3543767018820804
0.3073408654315001
0.30432523811662116
0.3500598288077327
0.284925315337679
0.3080360200768005
0.32084502297347756
0.3243114975094667
0.26556120104577313
0.2586657325640405
0.32164632973835633
0.4488575320317186
0.3915477523805489
0.2849557131733692
0.31085378505393724
0.29570349168549903
0.31050978758223385
0.3523919262633978
0.4937899229423157
0.41402822043364945
0.2659166264100628
0.3396196503562303
0.2895137413514633
0.31039544185637646
0.2754975619552776
0.38854234198039067
0.3784011286082552
0.3946435593686548
0.36928456805347504
0.38538335844564175
0.3890613370325894
0.29450027748653623
0.30095314866503525
0.28473698198135716
0.2729824455462511
0.35164411243568616
0.2761156188217918
0.3618436484098818
0.3593739919634907
0.39358200134906574
0.4170194039508655
0.3068424777506964
0.3345116520547656
0.30607451131356234
0.3994415808219592
0.3235039708985059
0.32710808519791956
0.3802337138104546
0.2760482364572922
0.40581684308822336
0.3202452487265303
0.3270892661412775
0.26049742693335093
0.2979893295340461
0.29574420244495275
0.2883748640801848
0.2362376344700076
0.3128536493455351
0.2766317635879607
0.435208100915734
0.46776070331090996
0.29428322164361176
0.28784166951772977
