0.25730487980921246
0.3644091214269377
0.31266128998949516
0.3592834183651196
0.30792127752328285
0.4183913998910066
0.3427157612230416
0.42902976290715195
0.3209628421375373
0.30351291011114223
0.29386212258493455
0.4366754615733304
0.27897794379610524
0.4593533459102967
0.3299947803939731
0.3685539435541572
0.35400647343573866
0.2786487992931995
0.30805532006169833
0.33005891288005096
0.354601551549227
0.3933816930895236
0.3646959129358534
0.47963019119599026
0.37154097631760663
0.3229818432084185
0.3672323757589512
0.3174312708812826
0.2777165536919224
0.29503304591386953
0.33650208263761644
0.43378585758205623
0.33285492693286517
0.32813889783334727
0.3965906488722979
0.37083636521415364
0.3089551644640118
0.319008304848147
0.35166618406489003
0.3456119968142913
0.3442987518964255
0.40308205121332563
0.36019756053971796
0.33334207530391513
0.346429204061866
0.4147855794638279
0.4728683681417357
0.2948469867262569
0.3391878936756154
0.31287461655001053
0.4077626971241504
0.3189710244217795
0.4063613379737457
0.4030628569119655
0.3889412974815718
0.4017678433104321
0.2846567513937114
0.3045941483166777
0.45629898382420336
0.37537532672214513
0.3752424907904787
0.3981362920980958
0.32715277273183274
0.503306576611342
0.30454850599737443
0.3228051541847232
0.3538348387754008
0.3381811002025668
0.42530878087108037
0.4100409252156316
0.27164747490536173
0.43647134875913396
0.31129257961651274
0.370048409071855
0.34866150297921955
0.31551687366331704
0.31929818363709095
0.3587406893591074
0.2977808251788799
0.3601653309784743
0.40208361386529035
0.3035846387186217
0.340593937617541
0.3808083599266634
0.426762950852333
0.3369012297029661
0.32892334123089345
0.28016395145686407
0.38589944594456194
0.37941749870535507
0.32308091929751187
0.3995880594093813
0.4042716770041838
0.32506234450230514
0.35467241797848204
0.3339623758232611
0.4194248141435352
0.35455584894450676
0.3874982553593096
0.38463185818273776
0.3956114645722418
0.41689690934513035
0.35008709121580395
0.29428864864198273
0.41172767870479526
0.4361617800443904
0.2949991368366114
0.41434720874119624
0.3576049601337345
0.3326920889901162
0.3689192947563015
0.4389631376062991
0.3138219072417131
0.353243307287045
0.2956984041399295
0.40608615746085336
0.39595881032897956
0.29511584559065945
0.36070769361052857
0.3039253231553204
0.34848305021479475
0.4110829023310718
0.3360082017759748
0.4730390471540773
0.3889475478418534
0.3625777688648521
0.33784951513484907
0.3338073103326064
0.35032271683008076
0.34092678502230894
0.3527074122532967
0.3396404190658428
0.2372938263259689
0.4136997257970785
0.42163169133845135
0.33517629907867247
0.34388864950788567
0.3343463647356168
0.3843751810763166
0.2754201509559841
0.3957488054577435
0.3719796936005293
0.4238712853379513
0.3794570475637654
0.3482191256635424
0.4387278353650974
0.4400914018642976
0.2785274681213784
0.330384883953768
0.4059765677000992
0.29232330238147364
0.36645141809657683
0.3977654294366423
0.3590637610254363
0.41934310327716817
0.34823759028124845
0.3622584518012461
0.4107814161500032
0.3132647105325781
0.29242791584105504
0.344218268808344
0.3429892380385991
0.3039596808231067
0.4125179272302061
0.34694747704684026
0.3274801316999644
0.4300597057740828
0.4068264926815299
0.41078775283895325
0.3546051399861548
0.46355436389842
0.3457185455566748
0.3482277419189093
0.4214026866192815
0.28327186911896884
0.2809014786849598
0.39877962002545053
0.2725144432005825
0.3712757383104598
0.3124842384953435
0.3395690153452037
0.3460613580288825
0.42091358924121175
0.3568512069066194
0.3010895380640815
0.46613181136607734
0.3295211412810983
0.37542518260729957
0.2972290337541329
0.44449966246642614
0.39531156951090846
0.47371508628036096
0.32930818041690474
0.3663460818268259
0.37955060168131116
0.3392561706080169
0.4153530926661921
0.28002994007887305
0.39132910070048865
0.37281121221576713
