0.29319747329022766
0.3326911487015183
0.34654812043005245
0.3921467396827466
0.4029513745407304
0.3406752399901852
0.40364350356596024
0.28064388162022014
0.3202662593224636
0.47223712917393423
0.3460459974697336
0.36354942272535196
0.3442124819910736
0.39598253869753613
0.348026912446133
0.4556614049132851
0.4285626148765766
0.4052388455006559
0.25435125466244296
0.33121350170129976
0.31675166603237953
0.4002146088535407
0.3437892810178892
0.3136284780888532
0.35630523505900374
0.3751312430076558
0.2560165345664062
0.27615832870952645
0.3678255164714822
0.34964935062433566
0.33878300113366033
0.3429913447328029
0.46959358860298434
0.36124289052750963
0.5225272087778623
0.31781238179505217
0.3407870303081692
0.40608860996878
0.3237801190961954
0.41862896926993337
0.2767748171940808
0.35691622603930845
0.37208847369101683
0.3265148651320264
0.32574309664912665
0.30330414499371344
0.32547208525674837
0.4185417613357646
0.3411292535064128
0.32948135840039516
0.355044645965288
0.3045685368328517
0.31956517715004196
0.3689197243518799
0.35771111525887384
0.32492236459778273
0.32223526723820134
0.3510338661146626
0.1932935806251916
0.2572989029150093
0.2511376501973021
0.2955355047322601
0.3567726043223478
0.24998043428813554
0.36936582933179346
0.41112419809525835
0.23687403899961254
0.28934720356098603
0.30284829415180375
0.36621622600000636
0.3117769756681994
0.3840754289947671
0.38892429935713374
0.30299420918864206
0.374875337815399
0.3881451274699044
0.30354990337791654
0.41647331096537327
0.3965396249756975
0.34399053945939834
0.44410614538787785
0.2968330758050973
0.28480037487512305
0.45272618199867887
0.40822689416142033
0.41635202955402184
0.42044076826949717
0.34481178854442424
0.4010913443333433
0.3564521565856078
0.3793967749898923
0.32286213696330734
0.30445044999422766
0.33763445106400525
0.4222228362753488
0.30309974992326366
0.28033272525274316
0.26003403530018104
0.3352221492325351
0.3765815276869143
0.3964598059102288
0.348777153907071
0.2810183374241234
0.35426288754289137
0.35391044309841746
0.2375648309335555
0.3015354693999387
0.41302771657457643
0.29313745316101353
0.38394568579380806
0.3514771260313018
0.3482622504223846
0.3079080401565686
0.34112259146025786
0.4252329000017127
0.411819634336475
0.29385191521337795
0.38625950652183155
0.30900826386157654
0.3212987248952141
0.387879879788134
0.3474251149406883
0.35591836052164944
0.31166858397162905
0.32167602569913684
0.3035804635112849
0.37360149258077185
0.24136137490042706
0.375781813473876
0.3580183749421666
0.3080750091777795
0.3805947420669379
0.486923337364485
0.4266954711274998
0.33561321406887806
0.22253073847126123
0.3110648115284268
0.4649390009688718
0.32705443028955605
0.40779359206623045
0.32202117409760517
0.36497299304879277
0.30518202425298296
0.3248532512691518
0.34496096819555466
0.3614597733402703
0.4577637695791189
0.3599319939720911
0.3057145731501256
0.3059505625600601
0.37348881153671754
0.3842026827032528
0.41427927338605414
0.3787255580549448
0.3095743368449636
0.29661899757905796
0.4369640186954937
0.28333317232368493
0.30846405866339033
0.3792460062411116
0.28000735400827487
0.3298927533807258
0.27769597994583656
0.4035972649567428
0.3182953183308883
0.4142922217485392
0.33201037621274254
0.3474383166616739
0.3932228266313257
0.3641177140355285
0.3996786098668122
0.4236292840577379
0.39992668518725
0.3376991671173934
0.28102802552852985
0.2961799344406143
0.3201308897738593
0.3482326597540392
0.3691696885045629
0.35604076473258395
0.33827016922159636
0.2844592482516067
0.4279619893134562
0.3364556249236585
0.41414565581724005
0.31460370662979437
0.2632034745019127
0.37977293607114493
0.34884487048230123
0.40403942413673394
0.30592989289396083
0.27994596815133177
0.41027310484062385
0.28911738015750305
0.3367340738502667
0.32597700506727156
0.2921880444399566
0.3313105912920038
0.26695944849578973
0.35008808383428397
