0.40091478146755893
0.3249922920874241
0.3622927069648688
0.3208632309047199
0.22618412109017197
0.3406525925399321
0.337582465596801
0.4020518875006525
0.33687286358244883
0.30571848438155785
0.273623045550467
0.3290868715566155
0.3436836629944698
0.2686264156410616
0.27941402492441736
0.3687361831945232
0.31730154890340256
0.32872008765822774
0.25564873187160225
0.29703949489515713
0.34046754197854645
0.3226089175085287
0.3575877202216947
0.31340574382474046
0.1992915746269586
0.32517253973393234
0.36316695447280306
0.45982368091899867
0.3341185892346801
0.2860586957049235
0.4358211626863191
0.2978217372969104
0.26982990091621967
0.3421747351353363
0.35044933646303633
0.31910923996445845
0.2732179291525708
0.2917618341095568
0.29870344540693605
0.27858877685499245
0.3058504600931364
0.31602363547869544
0.3247236082013883
0.2899774169922113
0.3853076104388977
0.36946262199203894
0.36999093652871606
0.3925196640819896
0.3567964749358293
0.3014571125183507
0.382377698389434
0.33237949812389855
0.3005448464479171
0.28922378307693597
0.3194889746831895
0.364423384620989
0.33494873603079633
0.3489405967335763
0.39530169167681783
0.4556273019910889
0.3048347581619571
0.2930673383440414
0.31494377120756556
0.3651744599085451
0.3024827870100685
0.40370173242678736
0.26500593262748834
0.3134205168111537
0.3504038929860391
0.3461738971635768
0.28382175695016515
0.4439872932113072
0.3891464981052151
0.3729665523321468
0.44084219157278326
0.34305401568567884
0.43538951819897254
0.3938262252866292
0.38654692397200763
0.31720852523392296
0.42197985988451076
0.3240799515698181
0.3365414191213724
0.16165437328257898
0.43090868264918575
0.39727578550909004
0.2972640352666071
0.3408491905337969
0.3082437221065925
0.4159878533129732
0.3262518835211971
0.33347504989291504
0.3626737293770763
0.4273116992527077
0.29145129919392526
0.4394347298310233
0.3556564306654369
0.34175390640686065
0.37405945959283665
0.28245193374365507
0.3288771976525764
0.27387270676475606
0.29303417988890673
0.32058472786247194
0.30802947678277176
0.3556249494485856
0.2771528500234025
0.43447330578429083
0.3651752030311904
0.3792333177241419
0.3411733276826296
0.3525342599934373
0.3257663732124573
0.390696354839813
0.2984543749411683
0.3866932353739664
0.3305095998690313
0.292923582368562
0.32487984795715774
0.3589988716339796
0.32617873304546796
0.3467823074764571
0.49348492058114174
0.28874260234486027
0.36709410805263754
0.295772739259419
0.43068584094633283
0.34683184324359173
0.3441456350952266
0.3484464057616606
0.38729068242257875
0.19967974337353042
0.3174877419738304
0.34208895155850405
0.38959662942908757
0.3258999631591527
0.3552930726496987
0.4108307014007526
0.386596951040029
0.36943617130291173
0.3141326288912207
0.3543280996813456
0.32129228916199
0.31284928913305887
0.3001339147660715
0.34822374416672663
0.31100366860212536
0.2873470207018758
0.40318313632384345
0.2963301772064463
0.34799633026629656
0.32367977499608885
0.413685801638078
0.43211277649975716
0.2537204707030769
0.42616311595508466
0.29505231922268477
0.2988101090521618
0.3750284116414952
0.34586234734100707
0.3268776876084572
0.40437986539578447
0.35113279078965737
0.31857290679566214
0.3502574365407395
0.4451704129187141
0.36808241976210304
0.27482407482192606
0.4132589096328854
0.3302958177957195
0.4084253823033416
0.35278661750632095
0.3792530935057304
0.523037342767732
0.29205680873749473
0.3183281991220593
0.31702904716824554
0.280142283085382
0.4159889991851461
0.4403289870199135
0.2840837458986597
0.368587122492767
0.38002261485304417
0.34232565720052555
0.3105231050691336
0.36256769666507593
0.3505268378853867
0.28857447994320007
0.36916855130971
0.38388110074607545
0.3472734157318114
0.2701133415256346
0.4013669810965575
0.40092924313730455
0.3884681722505618
0.32038403907830976
0.3432457753705351
0.3352685115209991
0.27561844354230436
0.3661720209626879
