0.37899236635565947
0.3087305255142653
0.28766255783732037
0.32369531397755
0.22989036976994717
0.2966845438590412
0.32797620767692365
0.3507114907581983
0.3778832121855664
0.2768305101472714
0.33398669974814316
0.274448797974767
0.309312828383604
0.4044777098939951
0.2683475728948728
0.3251157377733145
0.4217680705900005
0.4191104873781326
0.43962436867304966
0.34399896540510455
0.4179399998063597
0.3825096000971177
0.42570458682903584
0.35795872729266187
0.32676779551456453
0.28104193396258254
0.36564098117742916
0.3326436501616242
0.4118054121273865
0.3773108774711073
0.3455933582749499
0.29714677078410995
0.28512843978811175
0.3625985633468514
0.3155270929703018
0.30384954148151616
0.28060007864146136
0.3745938570257027
0.2943096008277069
0.34142088838209056
0.3003077009208887
0.3036633308029312
0.430388944301291
0.328610113254188
0.2753494779826434
0.30460454521402347
0.27572078491239144
0.3472378201958447
0.3437219190510939
0.3057803730687478
0.3708024926456257
0.3966297622774116
0.4082003660091435
0.33759926463501866
0.4015860787657593
0.3930828586881968
0.3148977369891616
0.33299177810137004
0.32281537146980566
0.3337107440405218
0.32274199964377437
0.32727654645556414
0.36730021888664316
0.3472722194160543
0.42323850646717043
0.34567479892055886
0.3920202922678947
0.2986556378898513
0.3995814087645696
0.30023829661935
0.22157316701183136
0.40505039019924827
0.39918536580596464
0.3878265771483554
0.4014063623575407
0.3715558885246684
0.30430556087103955
0.3134209911389468
0.3825992834519113
0.2720020540332756
0.3023138474253033
0.28720529037123704
0.35723749253162224
0.3120859007654711
0.3137295497688515
0.3542723138586771
0.3882246524138837
0.2760788789324828
0.27816793594459516
0.3029835376313263
0.32849520768298
0.38660173901284595
0.3375803540538072
0.2801607576407972
0.2943617039794166
0.32549984469480586
0.41773871462689915
0.349728026594906
0.36699533026355824
0.32717094692458654
0.460411839446453
0.27812154481549883
0.3790860520187695
0.3157741025749121
0.34033667315841504
0.40724555681101143
0.30302181900905156
0.34631510890847844
0.33294679466756366
0.3459446657753233
0.3966001995146797
0.30505977230629033
0.3838242328213667
0.35657430961974146
0.3470796440140983
0.32347511520141625
0.23651679609810713
0.28029984947988656
0.3882365394196274
0.3509004803438078
0.3973568675682474
0.3677368907195374
0.32090255770339243
0.4268670831033937
0.3592501219623497
0.32060607597253693
0.4052664926574083
0.27556323044966274
0.3349450455411196
0.28987970008876784
0.3208313710059119
0.4045708304528746
0.43909098649631834
0.42268661089656956
0.20410257314507982
0.30730079767270846
0.3543648850735087
0.38502925343812283
0.3789407311083288
0.3045285719652971
0.365565463862675
0.36299661807549244
0.4042212835572921
0.3596918224173998
0.35789485725270803
0.4269772951467144
0.2329496991945702
0.29954787285529977
0.31638317402331767
0.426696862392987
0.40401767731168525
0.30826362631200516
0.524904930705071
0.29531625035741127
0.32912988576972335
0.3510110185172219
0.3787127655673586
0.231095024839488
0.33037388643253135
0.29145632102603186
0.4235292591799929
0.34549554892055956
0.40453413704042246
0.2876229126475447
0.3962415278990791
0.36514370952225095
0.36009560023581005
0.38537378514967013
0.3634578332368761
0.3497554924951333
0.3238466426436507
0.3013855395698805
0.23710974013326125
0.3032339437949762
0.30830055071346363
0.2899606702703269
0.4231174025628835
0.3312824392156946
0.45284606913041636
0.2509841840986256
0.33367238331488575
0.3350838946658845
0.36003943880301165
0.41254816272097206
0.35105817766870717
0.45342555541299984
0.2326532003418043
0.33274000379099417
0.31397651851193714
0.33460354280892896
0.468111960662651
0.31051780633551523
0.39887449389677737
0.4315260853838868
0.3997137695727737
0.34735414980338974
0.34687077959348245
0.26997266258650493
0.36957614044855497
0.3873061796778424
