0.34084821684301164
0.3394357777229003
0.39330106072976084
0.37326707090688244
0.36016075224855604
0.4071590560825215
0.42123273880077866
0.3545975529990424
0.2597055811281304
0.27306932953915697
0.30664175310687697
0.28427993428601994
0.3787267687340213
0.34958366613824315
0.3206933876568383
0.26826169033331393
0.23874802896822395
0.2904436518132239
0.36570483388887276
0.43408292305311835
0.43385350001549194
0.2989756690395804
0.3436363845468865
0.26311321675576227
0.3792338663132449
0.36323933857024415
0.3676839565075192
0.34888017671410065
0.3516316765844583
0.3756682847437414
0.3509712967129491
0.3893830343806465
0.3104462697845378
0.3960355028439933
0.38925153493764086
0.41571370246025174
0.3065559247899702
0.38435365167144026
0.35528854007284993
0.3104894506172975
0.3098607349962732
0.24578197813345454
0.3131946417114114
0.28249775454475556
0.35043282166261813
0.4292418001628991
0.3752591610201205
0.33062195589845184
0.4089607815360704
0.32288648118539176
0.39455717233208343
0.34527523163203266
0.2930298737761316
0.4497748722559383
0.343488448946137
0.3154257513447483
0.4055758180125779
0.4053037504851457
0.35313444919015824
0.278679890617317
0.307881267468424
0.3115391984375708
0.2545362400723318
0.3262589653157594
0.31787015149902625
0.33310729398105654
0.3754373023129757
0.3305022068288768
0.31730541264964823
0.310017091540038
0.3378579216466894
0.32317776943042953
0.3438717544839587
0.31573747987257517
0.40028912088428975
0.42023960171589936
0.3323211375282099
0.2129397752818638
0.3462584027410088
0.36506050917836064
0.3131207675268919
0.2523215193505384
0.19556133734687725
0.3006132170143707
0.4262723499277036
0.31279053574817867
0.36525680789976434
0.2664657632792431
0.3545321249427422
0.29593655678436365
0.31329328896615793
0.2832768353334146
0.2785648035305563
0.3056057219453598
0.2683787341468797
0.3253909718685843
0.3847527658753879
0.4213244721627727
0.2891582663232205
0.3314993331896559
0.3313000355906304
0.5133945513411076
0.3305064137134827
0.3056162825519902
0.27795173330166434
0.34203666871115485
0.498670055082674
0.4024625497711521
0.3320365369383716
0.34499080436531565
0.38979272774458423
0.4515954886119406
0.36828106512938724
0.3572908537904271
0.2797688619673454
0.3210271871502527
0.35946555545373
0.32551113810482185
0.4397071210941154
0.40993701412786837
0.3569130156108302
0.24416409181673618
0.35586334197555114
0.40421972411362034
0.30838960262527754
0.40323120026538567
0.3745012365998557
0.35589339141906995
0.2754514187377068
0.38727590888347485
0.34812933308565236
0.3315013704668459
0.32091353963840247
0.306938337156284
0.3516062280869111
0.3312830151169962
0.41207872104085264
0.3652952428102445
0.3824433517912023
0.30568399203735985
0.31152112345642297
0.35344636779225463
0.4123415655733699
0.39371191661855204
0.35250862190314897
0.3140159531376899
0.36448364863450106
0.36494338717789837
0.3396217580073613
0.3210969597295243
0.2993098895603793
0.3494423845932586
0.3349404923582931
0.27828528454490636
0.34786855930892124
0.40047679334815844
0.3217377024263106
0.30716227965821413
0.27576555227251465
0.3879751899494808
0.28946479188507707
0.4240434553182142
0.3244299747554849
0.4032878352774744
0.3007734581199739
0.39038259697539063
0.3366008626736267
0.3462025380236027
0.3732860341184056
0.3189407565292855
0.27873919116837004
0.38935444026736454
0.31934440675446096
0.3636029780131077
0.4160443350595613
0.3782796311508158
0.3795117577866997
0.3776626489411957
0.42563301836576994
0.30272803896968636
0.3205694160220032
0.4005227829723191
0.23104687114027633
0.3535747765956082
0.34661651588747044
0.3085173669147313
0.3576371877814445
0.3977420153134647
0.28432065648908067
0.36098231201838243
0.2999834530201913
0.24088028828424335
0.439855488028202
0.2846890298763663
0.30592022174755273
0.28421885659550833
0.3943221955380699
0.3501988953023753
0.31166328451905567
0.30992119691167763
