0.386305771134631
0.40014316303070974
0.29292216047751835
0.4124605356968108
0.28779286918770997
0.421261946367022
0.28750884609875516
0.2903775343517221
0.4287512662334165
0.3266371028686491
0.2920848739445684
0.32657154124188587
0.3365039569895659
0.37973729194636796
0.33052126115153607
0.38281216139117913
0.37294097484851263
0.34725858418810207
0.3832794987366908
0.4270667774059894
0.26814388841082865
0.40179389503459323
0.3953956055210168
0.45468263037835643
0.3260903444159682
0.3358063201243657
0.37833251105253224
0.3602075162028433
0.2248333935548099
0.3607369124913978
0.3662101218036175
0.5791464169447061
0.3858361962573477
0.4262697371231096
0.34788124907674794
0.31585280423026074
0.41338896680735593
0.39833160057412054
0.4345292110286445
0.32201003727538896
0.294204495317709
0.3242193572454671
0.3750452833400118
0.4041492657470015
0.2709008862366897
0.34673615598491114
0.40200448489007345
0.3844971900195299
0.34351818139898693
0.3161938957206874
0.2968410084483421
0.4121002169906537
0.3364018617135555
0.42534388498395276
0.3222210279750189
0.2919422736895789
0.49805010473568223
0.42216315185096437
0.30193668477805136
0.3263789135794787
0.3860097132690729
0.3990435081080024
0.32542303829400004
0.32842908859949477
0.32533925261095803
0.3167890722899816
0.2986024791918719
0.41129171768344447
0.37157272453813345
0.32044760656010324
0.36914307419107073
0.3746466965032586
0.4052184702314311
0.3603644935343241
0.284250948732003
0.40507656833664635
0.30155101073762197
0.3116459989667005
0.3449273372766977
0.3252191212807456
0.2537063805160846
0.46349561666507416
0.31709225379416345
0.24790508860690552
0.41912165180616084
0.27671586509511636
0.34401384700172327
0.3318133063094604
0.16673370194213136
0.3912110207877113
0.3838837828225299
0.3409240784819877
0.31642552551923836
0.39570624178758873
0.3652600260649564
0.30228567804585066
0.32543236478213916
0.29185884743951646
0.29682675262428754
0.32794706744254704
0.36221344311240267
0.32212267268250994
0.3785681544626177
0.40302268354201626
0.4674160055063372
0.42303220656832496
0.34878213139385544
0.286099663903447
0.35168022864190435
0.3250728281910915
0.3287102432398778
0.2905575054428722
0.3183683828518581
0.3072926999689526
0.338697558764745
0.35259874353408255
0.36706584990068075
0.3454589043082506
0.45375096813657895
0.32936669835188676
0.39498299988856056
0.4181441460968596
0.24719834150829728
0.37145900988887776
0.31304634024257266
0.36803601568863437
0.3200130712361482
0.29525898694371616
0.3656641042406882
0.34604734036135126
0.39778063469481184
0.3580205455311244
0.32297973565062943
0.45561394653590975
0.5365216164369317
0.4244383249157062
0.25693160782155033
0.25217702402808606
0.2877863434864259
0.40006782078509556
0.32345793838417564
0.37753291628554053
0.33888248731947324
0.3714102003246883
0.28521487902683634
0.3097752434039204
0.2802048366990401
0.27801734973056025
0.38320125376317865
0.40849888833497555
0.368137502030273
0.3303187293036967
0.2215074034950869
0.4631237004002598
0.39441665400183784
0.3047318421911366
0.2864756079800986
0.31400689381306335
0.3144237302104512
0.3078249985486918
0.2985044161605444
0.43569489429949665
0.3027542974849082
0.43569839872959354
0.4650292987239941
0.45708191360586864
0.2998769383402453
0.36454431181723657
0.4052572937507067
0.35323167959754076
0.36436086027396175
0.33323446865317274
0.3590047099142922
0.30092049939147997
0.321514417239186
0.4071593250618077
0.3879524197655549
0.28226680691858397
0.38712869381543136
0.362098713347564
0.34853691698790645
0.3042104456513941
0.3885737204710347
0.3000164867769146
0.2892812642200432
0.343200910984005
0.282591448029218
0.33405992200359175
0.3085225686732489
0.41335891784583295
0.23490428405900962
0.3370711129491357
0.30059156852050983
0.44674317794260754
0.23558007156171826
0.3431125395477879
0.337130214289691
0.39129759392204816
0.3807448713846358
0.2871156541339777
