0.3857838341048137
0.2935968069061277
0.36811239170556925
0.34179123673268524
0.31487055151635873
0.23920742604014003
0.2147152904587083
0.34141770255757753
0.3351091067989059
0.3204824855818054
0.2993568900489591
0.4702135324685327
0.2989074151396458
0.33112502976427616
0.2659214722838199
0.3580934919983794
0.3760288417083436
0.44032500301023836
0.33413712204769647
0.35190401911752683
0.2911780336952065
0.41407795579022083
0.3822245400563812
0.3409094886176397
0.32051599765162647
0.3859292066089465
0.4627254102862393
0.4229998235530427
0.46227290090427003
0.3007227339386484
0.3994924324284125
0.3608243621617175
0.3307917307850409
0.3025621151803208
0.37334545324456914
0.21700011348236223
0.32187804621549326
0.3395498063332462
0.2890851261205777
0.3272929264842492
0.3181094594244462
0.45272459021659145
0.40637714277464504
0.321269745420261
0.2821184174031958
0.2823204540958288
0.3566582143674492
0.3988348945340009
0.46565353210940663
0.29690720054470726
0.4039869027612619
0.24269173676890016
0.30816070041910854
0.4207989759460244
0.32442417592617345
0.3463475933895589
0.3032478163249025
0.2280818295261514
0.3515768044545064
0.3889050162465451
0.3334310736183599
0.2860343075668189
0.32187618971492843
0.34367805539787044
0.4474682441650857
0.3225519191052189
0.3219908515740727
0.3137233146015419
0.3464535915803668
0.3766048192720499
0.36859928877124815
0.40318064528782577
0.3905964013218976
0.40406101782088427
0.31070007641210307
0.39703185502083904
0.3611189605707407
0.4186755249677518
0.28130444062721244
0.31078119986148417
0.2707701779348008
0.35186109520252057
0.28084237931470923
0.42170619521024666
0.29461880836320126
0.38634612266675555
0.4505587986714379
0.41647659008228183
0.26708647269599833
0.31308963691067504
0.3281418575973139
0.3678390599565792
0.29777716773089963
0.3040212437388912
0.37327626485588034
0.3140866172734993
0.4223385838597864
0.2684793454233963
0.3446374014591931
0.3390889259975423
0.3304606142031389
0.3649769107382383
0.3352168322543233
0.28435870866859836
0.3364806332032862
0.38677797770715083
0.35260224069877066
0.41210173677811
0.24961772540622415
0.3488362798381627
0.3747390302616768
0.3150304326303339
0.34818447150843307
0.42008760669647294
0.2991203484780908
0.32418529683818353
0.31397684522361136
0.42327452142994854
0.35223521063970625
0.34801380467459647
0.3874436572437346
0.3357140898149473
0.5279067510260016
0.3993386563923177
0.34966471102997265
0.31760316207082845
0.34581401827263075
0.33227469748221
0.36404218293387114
0.40436132021404503
0.3576152201785068
0.3168023616387315
0.45058324928767246
0.23567055685178637
0.2852364249323621
0.37978324326108437
0.33781551492149847
0.31704595052097057
0.4227482926835376
0.40954030690050786
0.286548665493777
0.302432594488298
0.25465618410820645
0.40710109595496524
0.38205353658567903
0.31868005242349984
0.28639789955943934
0.3821651677172491
0.3390657579239689
0.3800527648819054
0.29527676203005676
0.28249827112340775
0.23958924883337018
0.25076556824885976
0.2674373101074441
0.40497514412003077
0.3121511641441046
0.271268126136779
0.34041528136360355
0.2871527841484697
0.36917238168255123
0.39037052030304475
0.40942845189065763
0.4178122333644187
0.3362860919947125
0.44494707499686365
0.24970429866003063
0.2113874491617186
0.31229585574189567
0.4284264623688113
0.36659074312933987
0.32561183294927704
0.4089050183371672
0.42835486892651586
0.333700529782507
0.25006696236543124
0.29754401826727683
0.33508686437914886
0.3914869624892426
0.324133962100631
0.26656693418163274
0.3810126595743908
0.40039145021291733
0.3527228267957327
0.35948343589530085
0.39877718066770534
0.2801756882066427
0.4005442865649206
0.3771645920246762
0.3402881787336127
0.2607376765368883
0.38935942300841336
0.2635793707537821
0.32452544593933574
0.3145252027670746
0.3661042588874942
0.3955474755290404
0.32309927931019583
0.3934114737200664
0.43128315442497733
