0.06404660137443871
0.05990840081489109
0.038945231150080896
0.07366598966177747
0.06946833614274237
0.1023447436347285
0.03356888439644364
0.03655934792591405
0.048687847342846244
0.10714240600390629
0.0471095274998295
0.03762208695912893
0.0848284319176429
0.08012528642055372
0.0729146003848554
0.06896194764605823
0.020413849591290032
0.09400182977556126
0.09413816122696517
0.04163496559949604
0.08064352041608208
0.12248159569009344
0.11158377032786986
0.06812712460073204
0.06545138441999684
0.08586918006104834
0.08484023585994888
0.08306194230163003
0.06685287665110339
0.07745010874156527
0.06782781651271379
0.15312101359247254
0.13608239185404347
0.03450689693616274
0.07402554642943932
0.053415096344635496
0.05246246592381207
0.0776429360130857
0.09258036047397572
0.06340321346601051
0.043644056425599834
0.08856987636194057
0.14210856396603952
0.056286648440730946
0.03980727471486117
0.06085237527961217
0.0971930873906028
0.07032797855083082
0.05485147227383494
0.06392938832926265
0.055139599533889444
0.031171688448788325
0.058398015781270796
0.05487784649399145
0.15206854139629666
0.04526734628286205
0.06698099985645473
0.032058458880169595
0.1386198934967445
0.03223459854041353
0.08028646707884855
0.046000214181516126
0.12686130704640342
0.07754598502313281
0.06564816446739319
0.08249528256754979
0.0667538871845168
0.07503649849229753
0.05008014386899658
0.07294208326913156
0.05825851015163697
0.03525820122053651
0.06783001496879103
0.054488372672335535
0.11331301530983835
0.08689108396345376
0.08021307542372884
0.04279779951222951
0.045259900056871354
0.058711016853145274
0.045061384588344716
0.06514563533450425
0.07279883363924039
0.06340950215436009
0.05342448936162489
0.07763541155765614
0.04492390304714519
0.05729667944291777
0.11042450913387601
0.0759115621648703
0.04950864735969913
0.07104726909554425
0.08884935332728432
0.06716901698122354
0.0562742856142763
0.0910979980322674
0.06526970375025436
0.058915450190631755
0.08385156100908792
0.09891194633422778
