0.0309140352177515
0.06758317109017772
0.08996472862873305
0.06171728274106581
0.05728850669440054
0.07397008391840705
0.07894290782866653
0.08009668875234101
0.11658772041342509
0.13801694902081588
0.105981063248343
0.054555191610396514
0.0880095187967484
0.05172347211980734
0.06277796563509182
0.11949058434488881
0.059743902397537345
0.08426118843060205
0.07424081823831404
0.055032234857239265
0.08624741175717508
0.041863016739373246
0.13567580321047026
0.06313551213155726
0.0438986972364519
0.08385038790897105
0.07868299551059406
0.07290105381823947
0.055812716534272805
0.08054409974210514
0.029999299705512184
0.08486995377722868
0.0462866251195085
0.09199368466569481
0.09660764810207069
0.06304263514945566
0.05724542729909069
0.07739073028127354
0.04596813449179057
0.050687906701242284
0.05747670003380492
0.036698695536632644
0.0930316586490599
0.07530380804634816
0.05182665122484954
0.06685062474555258
0.06716550252176813
0.05464649737469268
0.06198645319737919
0.07350086544918993
0.10355913062018028
0.04935574923553283
0.04794997689223384
0.06264324704618376
0.1310657639047429
0.08841579193079768
0.061510834104550285
0.06412674919890805
0.06385948030746745
0.1341638572590295
0.0931925351135866
0.06873333054755319
0.07642156880607766
0.04754226482274259
0.05742936649208678
0.13387557232886238
0.0844165037231425
0.08355067380794795
0.0594047389672073
0.09630152909296721
0.06764422665066043
0.08148283216209128
0.053577042828509336
0.09374018224951752
0.07219374727711961
0.08890146889337695
0.07872174856883264
0.06425792563771993
0.052420602460206286
0.021133026717643114
0.0741676017577764
0.04545452738466896
0.0913562686234288
0.0733616522791858
0.05738766958531811
0.05839038522807531
0.04330214551812293
0.07603086742433696
0.10834583553903167
0.024370846127634987
0.0807558261843667
0.07031982776676085
0.09473260562719074
0.07383205796528527
0.05399537057227014
0.06847237228803627
0.031201038713388755
0.10656644896142238
0.053254560463607006
0.059497863061902974
