0.034649968415172136
0.07723203648585494
0.039636846865444386
0.14228524235007134
0.0669371821405895
0.0659606083123039
0.04603620415021594
0.1229914147297846
0.11386089199547095
0.060358990584392556
0.03292481404315359
0.062084833809696045
0.05611538325394582
0.08291376179292052
0.06559790057392255
0.13900059871302908
0.059570723920683195
0.06532662128454891
0.10427773189518266
0.044497416285337536
0.05639970945859109
0.05522927441267106
0.02917422323461014
0.030262638309885084
0.02964546666645135
0.05812341183098101
0.05273786423674347
0.056014963529834226
0.050671699884117724
0.06558987675671397
0.087175829536546
0.05301568820976213
0.05950706738603895
0.04516867418696902
0.048994572508824746
0.031288047777877824
0.09796005317622504
0.09742105832852414
0.05082022821693876
0.08310286064068623
0.0561720340194921
0.10010394404028847
0.09281631135544222
0.05637185793343113
0.07707037289542726
0.024180878652573342
0.11066612156410312
0.08451533426648511
0.09900694624217594
0.0897312075139609
0.08437675256254946
0.05765918661270699
0.08202715686947569
0.06310467867903222
0.16618278674116319
0.036467934962776456
0.06602214871701187
0.018136913058198912
0.06383799044728748
0.05781811328630677
0.04716196455416296
0.05944367536459932
0.08314836477067256
0.06341136268456946
0.07018292620855017
0.04388513524527222
0.07641222648113645
0.06232678901961105
0.07270697564652776
0.08758844242253078
0.0967312105291288
0.04539021261976639
0.052500091212170655
0.0633401472838783
0.058943497903307995
0.04615724298844752
0.046883656924265625
0.06658967798714151
0.06580574335159682
0.0436039923983849
0.06745753940346862
0.06895272058692319
0.11957788668417195
0.040258352042129325
0.058918021454048355
0.06612267343489571
0.08568029645338032
0.08743677915894721
0.05507220739486864
0.04590465829328702
0.045065124995372866
0.1131517862528546
0.0725308169920344
0.11470663286231274
0.07005317620413062
0.06129866176722382
0.047670232251842665
0.07017613335288085
0.07079962570767433
0.11002071190761645
