0.050975306461287444
0.026457556857816318
0.04002744770332363
0.05624105808476615
0.08350337411855867
0.10883076346089138
0.0822509071219738
0.07257841961652803
0.07656222776427067
0.0703832604940795
0.09047046741130582
0.08523944963950068
0.09978918593765941
0.046629693419893925
0.07885834082891904
0.10619500962894439
0.09510361972538277
0.04535435018061498
0.06011620327112945
0.083435024970993
0.02847840109447546
0.045521786209402594
0.06018992509985927
0.1599601415232001
0.13020069152187044
0.05723521521124863
0.046544140268097785
0.12342400955285836
0.07749115410263534
0.054587871213287134
0.07776870903401162
0.11461181038217771
0.1321795350850233
0.07746151397331212
0.07003582525417833
0.06382025254584407
0.09510199473298345
0.14160366506247318
0.07118408944375572
0.08496221349527677
0.10523888093067935
0.0854050163262149
0.1173916564198112
0.029197974421796998
0.10073311040606506
0.09267750341420612
0.04674195092386208
0.060869701834801886
0.04452416914854065
0.09182662355063968
0.06602093833822388
0.09894196051490367
0.06696347736050202
0.032576684714370564
0.07749221232403009
0.08312627834614321
0.021489766255040576
0.08226202894521681
0.05852278154841339
0.0451075479420974
0.09254562737579797
0.043256944384816254
0.11571477265367833
0.07604412439130459
0.1554760755936384
0.08551688372551289
0.08326652766259168
0.07512210005672548
0.07019976903602519
0.08504483595091837
0.07482238373364754
0.08023787705196032
0.06243317948037884
0.10699425682617278
0.06361488629346107
0.06982106607980014
0.09956612272590266
0.0930795880209744
0.07819491758786094
0.05730329513836071
0.07213650653746939
0.054678312336649895
0.047013815538930956
0.09533454847718908
0.073137111666065
0.09929021060323526
0.06052478549076057
0.050365570490330115
0.05914866122031178
0.13331832541327415
0.08329684219531559
0.07168781003328757
0.08103237218314188
0.07383506728151464
0.08380512361130119
0.061552682295431475
0.08155353784945858
0.04309483595794689
0.06454182690766368
0.05327319571390314
