0.046145369723926376
0.053737894286142826
0.07528821931628446
0.13246928497164706
0.10595259891540945
0.0719866781219247
0.06826576042297029
0.03249388829891848
0.09124096907989376
0.04415063438492133
0.09606954131908758
0.10691739198798247
0.07259798289261211
0.10691861514623241
0.07278087988778567
0.10195655346824814
0.029337417775998447
0.08156015060660282
0.05577837299392446
0.0829177413316744
0.04411004445142289
0.07751264159531022
0.11463796192748653
0.06281677081685602
0.04233737227099384
0.062427305434046156
0.05215372045610409
0.06637377984403464
0.11356677770142909
0.12882828951995204
0.09924715389837604
0.0809872059299318
0.10741933159173626
0.10236717003854673
0.09529010511828315
0.052787182360857006
0.10307076164347767
0.037286137959461924
0.07878262977003539
0.09001529954982525
0.07781931465593213
0.056491170917547705
0.05683567563948831
0.05445784807293936
0.07173327938056587
0.04919375376845118
0.054756252068605425
0.08404754222538816
0.07550557879453916
0.04401588188383125
0.06379407795270944
0.06287897406129589
0.03934890108345758
0.08895022956490922
0.10334411115249388
0.06589629742764923
0.08750204093625547
0.07954225288488766
0.0896902485928588
0.07040843049835568
0.032816533906038475
0.063987039937701
0.0997019876168718
0.037826165008536895
0.0780854612531307
0.0834900223249249
0.06615335987905294
0.0348583345752058
0.08698986389721151
0.03929079401363611
0.08030430266871993
0.0549638321304476
0.06821555173528618
0.03289510642827353
0.11302144463121198
0.1393382160482977
0.05320154428678157
0.0836192810852417
0.054983093835743006
0.10027213471230786
0.04962998513661294
0.0634241490931285
0.06220838494969065
0.13298599840939937
0.09012559939666175
0.07048746057949697
0.10460011695061397
0.06684833015419041
0.06641188999481594
0.05475201741663647
0.1153869702027139
0.0650564086780495
0.06890682518590109
0.0348022054882285
0.07426097338015235
0.05921241682340722
0.07670769809445033
0.0734845545470525
0.0887703164463817
0.06888075589132721
