0.06733192568504026
0.06174598147250188
0.127118285190439
0.05521048848971718
0.08174557660411277
0.06481508645324029
0.08761643575859714
0.09836135017056058
0.06677605753001081
0.07602479496037302
0.08889921414296599
0.06739991944580807
0.10484405302971306
0.050007524048401426
0.054758746987384185
0.054301744654270484
0.09446714391340474
0.10346735214750985
0.058969152216635644
0.07229058551593366
0.07941782516319049
0.07829673533616226
0.06758490544379152
0.10920642990413969
0.030284941565598238
0.047309325781401866
0.05635318491252011
0.04025175631979711
0.12216012947372713
0.04739759080858112
0.06215052843537084
0.09929623914610203
0.06340265292355284
0.034927871927705946
0.06635744572279666
0.06515924024999402
0.08941819279677926
0.07269443850347884
0.060355187478193954
0.13385237168963032
0.08362383625522384
0.11656826823721377
0.04307055811584427
0.06235376938794888
0.0673720442362111
0.1449059436091231
0.0750151882960793
0.11117017173385765
0.14019488070817832
0.11272036537784742
0.08746043941609478
0.07085531724912802
0.050957225316015
0.013205370410553247
0.05311589349481558
0.09946548252919826
0.08181879010167192
0.0682731263846193
0.041761141248770395
0.05271650404230432
0.06394425948689232
0.0658370933642134
0.06523722679232064
0.05399715223523076
0.06456662103041878
0.03222542663138798
0.05011745758620248
0.08900968930240914
0.1063703247801324
0.06644304313552923
0.09755209081785902
0.06958024089803073
0.06022818848766328
0.05820764897646164
0.04187272342044807
0.05556338152725417
0.03454230984430003
0.08836567686463025
0.06353765106437538
0.12984852211781123
0.09796021637758195
0.11324107516258751
0.06170991812651141
0.06485554951831755
0.0696497156000432
0.11452148653410224
0.09157285917607734
0.04477597141698478
0.06687088170098254
0.10331820530064763
0.10745101395905937
0.04131220483433122
0.0893912198279939
0.06564561418208746
0.039820321045212013
0.11075194297911213
0.09028739966491668
0.07784422959306984
0.07791968224455086
0.08870187306458964
