0.05684717037046753
0.054608776911273846
0.06241942338578403
0.055008491997142465
0.0690161297260603
0.11703057818032707
0.1047407718364555
0.04576098184793519
0.08629034902071034
0.0990417332942095
0.04103625650668793
0.06985277908408404
0.07111949263603108
0.04386980682978753
0.14158676877328366
0.14117669037752492
0.08797305392405069
0.06456839144338784
0.09217651898714778
0.05867148988661204
0.09678586444588715
0.06326833304700731
0.045150915630699645
0.07815709927134673
0.10115854492247972
0.05750488033932771
0.07383314208754023
0.08385227871954413
0.06811784858413832
0.0804034916870647
0.05836640338722143
0.056992125425255294
0.04061331256045811
0.07485899957993951
0.08065673330692574
0.11180674797322535
0.11320896369695677
0.10254156130564113
0.06599252706609028
0.06741117528093346
0.08292613212294903
0.13234396810796742
0.05420521980974358
0.0697150489174831
0.08393144096326716
0.07478533942798195
0.0682149005487759
0.07377456774008409
0.1055551283986356
0.034459782414405025
0.029787913306086527
0.0661992306597794
0.08680119809265255
0.08968279785563725
0.054458524521151325
0.07185799824568322
0.0879923310596354
0.05843438545726073
0.08839505779946717
0.040834697168676284
0.09571669699185732
0.08165517095882938
0.07308627373788923
0.05779753232055994
0.049259090695662186
0.0625689789474424
0.05591204406523809
0.06796997261910694
0.04873800687849383
0.17940844073555043
0.060895617058938395
0.0845525337161042
0.05930106867267589
0.06852672943391087
0.0814643911165829
0.04975356064067915
0.06029633188169757
0.07843460061638917
0.0468753698743472
0.06817973576531267
0.054934000886345
0.11872097194320741
0.10076847451762688
0.07719878380800849
0.0716542356222986
0.11885575394050439
0.07270139371092932
0.0511722012700791
0.04026380592622195
0.07302454164391474
0.031748360721652685
0.044853355895622664
0.06887650195653874
0.03815129205229112
0.07143387888628953
0.1592402284867412
0.04527384711041396
0.0644068602542101
0.09276950349693168
0.11596212882855941
