0.059796497694556285
0.0303235262773598
0.06473303714153694
0.06279914598580147
0.0973334069744496
0.08766059366123016
0.07075041014604118
0.022425250989053097
0.07366900954924484
0.06629637885806264
0.05539238312769133
0.07825683792905455
0.0635802324605791
0.11678308727673568
0.05832551632078363
0.05625308195168913
0.06278094264603934
0.07127757155127983
0.10595593916867778
0.08873118834306092
0.09229137127575061
0.07737221705619239
0.045475524958258705
0.042336561693092294
0.046004862361768185
0.06203547145697336
0.06326099890429315
0.053909673348860716
0.061779006049649934
0.08362888600418862
0.07450759275491664
0.11281269947024412
0.04117671447692146
0.07304461634225001
0.07144250378968532
0.04211744744725347
0.05542461885463633
0.0752982826013948
0.046824521739096285
0.07260310632408061
0.04709839675698947
0.047091247452611056
0.047668855693482316
0.15930154828953982
0.06596599922080715
0.09660388686928771
0.06517075029790524
0.0802006142900657
0.10577643851432329
0.1059862049186655
0.1009137005233883
0.05683164949233685
0.08642708395313448
0.04418893630652185
0.02972538214357355
0.045506714706194676
0.03850578323612678
0.013945284908132894
0.10789046237532152
0.05660081622553115
0.12868102238939494
0.06133505234447202
0.11024527870025283
0.025787771309192704
0.08006576083210393
0.0637019299804998
0.06443399055254051
0.04965434025133243
0.06572078838805374
0.0640542852009604
0.09979626856264118
0.06089108769237458
0.16359214803931774
0.04302088379372288
0.06409957166834244
0.034168875913894406
0.08289487901302922
0.054894136532097376
0.04716694120281305
0.050361970926273106
0.08196862942564602
0.07639301542843498
0.0871805472913402
0.12363785097042353
0.05757612467676723
0.04544380196789296
0.08531900082202597
0.06944077130430051
0.03409587485414767
0.054575312564241085
0.07319757918289163
0.05834143700319951
0.03960076885322905
0.04978477289498985
0.08075892816312571
0.07032816804436763
0.0939097398623927
0.09150331565410821
0.07912390161193564
0.12142526973845379
