0.07522335784956789
0.08732919761001902
0.12508403139778362
0.04602171087389481
0.09829344678575785
0.03794035394575265
0.040205697893599145
0.06179179615618891
0.07215654443000608
0.10060298441333079
0.06812693177285573
0.07524685786672593
0.1343892111368615
0.04369036184196692
0.09908426475970286
0.03504404484193826
0.09412422027303066
0.080786557038133
0.04720615097655591
0.06679567377367554
0.06111262723088177
0.028498180412009817
0.07802757161975364
0.07275999558795164
0.06360796886401535
0.06320470097123561
0.03223553678185637
0.057305970022594244
0.1135456524386514
0.05093179914395724
0.05789741454604295
0.05608200781951017
0.09008312333776519
0.10337238205372405
0.06073477411652879
0.10230417233709392
0.05488897714354376
0.08547572751502402
0.10612926946894129
0.11573274836737978
0.05253430440215457
0.07907470365184104
0.10314406535354607
0.14601196895483326
0.06292081873652954
0.09165440523800755
0.08830426360299048
0.15480169173766267
0.10536435003135251
0.07639377022849786
0.032580484390868206
0.05467689023275424
0.09941908682663139
0.07850718696767593
0.05458150858577779
0.10602398245206524
0.0688308111931021
0.0640503379756965
0.05849650216890638
0.10560379482218026
0.01706921230094335
0.06081128534295924
0.028803849587644398
0.09089883379243553
0.04085147500583627
0.12362525337994487
0.0848304678832133
0.07586115765565161
0.0998065744026294
0.09425377296276512
0.06236598921082883
0.09706220459167302
0.09053061930391323
0.09066710741503008
0.048895202395984536
0.07921072257972661
0.05833879603566853
0.09453347547078063
0.08775308065328516
0.034433808833699786
0.05477748009889171
0.02654679146930153
0.08955279331118796
0.0593366308128158
0.04542916283242526
0.09176835124705122
0.09869072151687794
0.06348019265061697
0.09231705798457109
0.08180819295681539
0.04548396534048478
0.07159552312025586
0.06755656990467694
0.05355411079184067
0.07805779091550184
0.06634036585033859
0.13818525990370845
0.06550515299618302
0.05583268429377298
0.08245646753485375
