0.10340108910868111
0.041945264145864275
0.0581461888871503
0.08354344711229057
0.04048901034513113
0.09076460328913179
0.05378861049837297
0.09289901127976749
0.03239099155187474
0.07116064518413122
0.048335154959218675
0.05647069211931743
0.04933057549624531
0.0750301473091625
0.04976118127676649
0.08195057945495056
0.053388387096764134
0.06208279205839387
0.06375868492760974
0.0681005898999629
0.05890042739750483
0.09795309830005197
0.04092040730595282
0.07627648813605067
0.05862683700270157
0.07589432008900472
0.12245788804778174
0.028209771603613147
0.07319370157168015
0.07336887819974641
0.04051094583519179
0.06811133509643484
0.08746471176142304
0.10074872344082736
0.05059140324033603
0.0860196490350372
0.11371439935728632
0.11448373513773642
0.06840170427159742
0.06435727092053084
0.04152753427718117
0.04043604788594646
0.07057699736144343
0.128221446233724
0.08289539332339887
0.0672109885463649
0.12035978425638999
0.034850884291898206
0.0887354455251155
0.10687414488901016
0.09521035034359983
0.0934248063875629
0.03465983017777545
0.08620677222219403
0.08333941094244919
0.052587315413214666
0.0611756438946643
0.021973449012423072
0.052102293419144366
0.05092853511667785
0.04661986998971949
0.07842958833759213
0.0675577740387884
0.03155892655455476
0.06708187723822157
0.06375856719589307
0.09838381131620984
0.05348667083759332
0.06278082451275442
0.03907249480557995
0.04440845498923241
0.0653697385457889
0.11712428464879855
0.05115343085819258
0.06409415559390934
0.08500831484569923
0.07513166518360148
0.0912617052960797
0.07065352323428725
0.06983282761883303
0.06818902521939148
0.1368556115743325
0.06055053193586754
0.08522339524972691
0.07486744417090702
0.08582176655430039
0.030699546236854707
0.10934740243276088
0.09456606249379161
0.05414936897217172
0.062277145506784266
0.05100518231828344
0.11396350308996128
0.08920421662678377
0.08062714719151726
0.05896265221087309
0.035656809044723715
0.07182388457769731
0.08236630235720047
0.08224524664611495
