0.03468486267291783
0.08317695019854346
0.1151137770615266
0.10159787780100019
0.11458998839336319
0.0922407765433781
0.07240817963980309
0.10699855479078549
0.12877279626578447
0.14340445970971305
0.11473341532384007
0.09017105790787223
0.06696965976882577
0.08653402269062965
0.06026010841160078
0.15601705719177603
0.032072942366413754
0.014635028009924016
0.10589206403300064
0.11738119932777867
0.07783102606716474
0.11479269103323972
0.08108854288467063
0.1255169839923628
0.10862813539666408
0.11608919500212919
0.09799079955647796
0.12800541181004246
0.06505178258420004
0.15670272590242018
0.07849342487255953
0.0671181441108642
0.08031230912450708
0.07791794025364804
0.09082083594382409
0.07469493258376561
0.07061245466983211
0.09341487362541577
0.11208002595995935
0.06651649967584027
0.05596009768378306
0.0740200167777861
0.07982114079748884
0.06902895848316229
0.10422758116064688
0.107126851256988
0.06584617183105604
0.13364561156446772
0.08534460726542163
0.1216893472563184
0.1454956636952456
0.10610116664161162
0.054280297085399526
0.13404926987894375
0.08154111051070857
0.08783509254093673
0.12321921517638224
0.12792999828933954
0.07980489215437025
0.0938919587546359
0.056002886248999774
0.09029892279590425
0.05728252851321356
0.09432074088626542
0.08030019437338369
0.11425681119134781
0.10036726531486177
0.0846089063007747
0.1324872429858489
0.09316993474659382
0.07945787044032117
0.12288285087659077
0.14523154982337788
0.072344865584246
0.1237697304384996
0.08690017905924387
0.09146692910382273
0.12440928631732354
0.11518015133568218
0.12460581930106959
0.04847965315668076
0.057673306725986015
0.08675585449335743
0.10364003731566854
0.06526894818797578
0.03642128920758924
0.09666933969091644
0.08252090938007783
0.1496092609496046
0.029457927273978973
0.06304033618763306
0.10968441395878467
0.10814447219969933
0.10383479431412819
0.07072262719961886
0.0682705242546464
0.07472463835571488
0.06690073779667463
0.10596627482592459
0.04436079080803639
