0.05224071519373975
0.08122879093323279
0.09877362155440611
0.047880384251621444
0.05944984534418539
0.1735978601550165
0.058183508171104036
0.08652612418989436
0.02551155728552448
0.09694564447283202
0.03983952529134378
0.15444384996674632
0.07155604488450454
0.1029803976306298
0.08751346172955814
0.12223338749633424
0.10526591728186598
0.08625922351588454
0.10392730792237392
0.03918282554956181
0.03150505671499746
0.09469584268181912
0.09952401664418227
0.15677906973687927
0.051969894682555154
0.13840881220846543
0.09852764278276366
0.0813491977684829
0.18871124099309317
0.097060766825914
0.10255535651417112
0.12374913864823027
0.05194176503741235
0.11381791360547854
0.057737261813286825
0.07863355131489694
0.06996806213132466
0.08058539925255502
0.08159904707771438
0.0767407535607417
0.13766662734754165
0.11378704809385147
0.035756769812220944
0.0941378339767632
0.09570602249093313
0.09223727412847006
0.07660738204455805
0.12889670853833868
0.06444072288718357
0.0630491165334364
0.13704638540030945
0.06368075727583065
0.04496116902601969
0.04724890824304203
0.1231840168588269
0.04713683514780237
0.10421563797994415
0.06596765683570541
0.060021585328396194
0.04861416567913232
0.10742268653042356
0.12716285605344177
0.09707831573362706
0.1327656143668486
0.10131972179631601
0.07812610030067042
0.12146080885447733
0.16588691037420913
0.07006926589727568
0.10577682667035322
0.07266516017827705
0.10981014626135108
0.07319036120256114
0.15816591338748207
0.07961966803567509
0.09059669374299988
0.10056636883913653
0.09636034297173747
0.13684764271334413
0.11867757142602327
0.06827130480725609
0.11479619387067841
0.0422793679194712
0.08484653288494996
0.12361619816419679
0.08237155166098985
0.0992046988798635
0.08701670177508661
0.014687921813854726
0.05160093833475243
0.11900821534883077
0.0784539405676061
0.07533371060644745
0.06290157639004387
0.09610043122315645
0.12530276583109046
0.024291425971060106
0.12593099565896765
0.05116800475105733
0.13227567542679566
