0.08894408781036205
0.12532338567718754
0.11483734284713225
0.06202039019342648
0.08771863154265977
0.072796244181926
0.11262585685449052
0.15796106235698626
0.05938718388391157
0.08537488791210017
0.06838726464048445
0.06650516847075112
0.09583576943148531
0.08195065664351806
0.10973764056897366
0.09695088101910285
0.09976096481877175
0.04371854146013239
0.08029940011666425
0.08120453968115074
0.10182880962451517
0.08145928413605964
0.09128056142987148
0.09229412607156816
0.08405661911961064
0.07756157833783214
0.08334563922746753
0.07809425397705592
0.16524226356271154
0.10792666565039453
0.09473493698811393
0.12323374136657896
0.051781921793230726
0.09085225525846002
0.13816288447813171
0.08539152404133603
0.07318270558868943
0.051061541582439134
0.06940459719577693
0.08172925384402177
0.09511940595499624
0.06406188104777975
0.0809524053532204
0.09214957785534357
0.12160193161812004
0.04912186657685911
0.12654429640914944
0.0647066152325236
0.10390000181145688
0.11414008695280653
0.1275592475852332
0.0729787666705741
0.14530737926149712
0.10541020774219194
0.09567924398350525
0.08215426311821354
0.1565546487569524
0.08488195776221823
0.04012688667182243
0.07773071853993116
0.03216155370185969
0.06174483169671841
0.04842674933476417
0.14592745376523872
0.08134772061682027
0.05764693103867778
0.04255948979424838
0.046819452139621624
0.08614572301491046
0.07689316529678422
0.1435909387218518
0.03718642831086111
0.13126495122139936
0.09798948275119457
0.09468306676867345
0.10625947359082509
0.09347615220295478
0.05981255653748956
0.05355677195884162
0.0805954869080669
0.04002987951361423
0.09514507169380274
0.09299010566383452
0.0783011487602874
0.10667394057309745
0.08468069978504192
0.12351166640542058
0.1262625464291357
0.16197088913615146
0.15306274836660022
0.08359808170428318
0.04410899644882801
0.04017254658132753
0.07820461090111926
0.15086742113816934
0.07207798423695552
0.13898986553301287
0.0655834461404565
0.07602493087955355
0.09475905992549019
