0.10037521068651993
0.07453358762346748
0.09341756060678987
0.12639186046289871
0.1502057893628372
0.08498181278612825
0.06760510370310578
0.1260087426609624
0.062215145911442185
0.1233386747282393
0.04939474922190148
0.036617890411464266
0.07818766521336278
0.1076133301703585
0.05046973191749544
0.1285542866745888
0.05978624569134865
0.1505209041980045
0.05634696437970227
0.09977734759446096
0.04743109234348365
0.07676199760269432
0.13323969312745787
0.10185961991379534
0.09654323484725946
0.0821808634684749
0.11657429440719494
0.1081227890294445
0.10270038258261513
0.1159360917001527
0.20103920510030798
0.06947446988235605
0.1193286323324045
0.06596478336966066
0.0743692104966913
0.11304758621494883
0.1583680294024701
0.07846377493906324
0.16281742964148851
0.04541852573140349
0.14995358070527517
0.034867633292307625
0.1265314771716539
0.09714369098922858
0.09909097540095364
0.0882516952045344
0.0737165323470696
0.06486380034140164
0.0912222295754557
0.0450133923583572
0.10453356687905022
0.15304180264600117
0.02430383352729399
0.08304550334294362
0.10403939815422923
0.101000966939927
0.14578053568123903
0.10246640920833497
0.10460315098724286
0.11825432826698389
0.08566046036910072
0.10284745218655905
0.09644439249197508
0.0562437344134449
0.05744456186121849
0.0892490858808483
0.06431622768892188
0.08031130306448549
0.07980885053740493
0.057433976628795604
0.11850130756400176
0.20130766357436122
0.07544853960842732
0.0636485195561926
0.1471601648769654
0.061992317655356816
0.09185130842818501
0.05325806828497961
0.13976404185654667
0.11802330923124088
0.06610967606450113
0.06314917298353573
0.1427294528330901
0.060847472719344285
0.09329365516179997
0.06535590782877405
0.07513266727941276
0.07107767752985952
0.03696182104303478
0.07248112572181171
0.13360841592901002
0.052111640822268615
0.0804464593390493
0.0722351380945064
0.08919480638381103
0.07154996775958
0.07200463024784434
0.056343222373607664
0.05822272587425294
0.09557201835899298
