0.07883679575554042
0.1050824076972678
0.10349960509894268
0.05249545691437686
0.12928579777075297
0.06965303232450898
0.0606723289394569
0.10149799427803435
0.11204029444984648
0.03557902523002019
0.0966344257737231
0.09102134183553239
0.050156145680685896
0.0745297646574072
0.10620748953713002
0.05929783638456259
0.10569305382210199
0.07876872816518561
0.08381566572251356
0.09609551912530258
0.11032871763194357
0.10519277405883311
0.1044191062678723
0.09865630728011633
0.10568198690956539
0.056154274077028964
0.06845989319521778
0.09975425227983745
0.0730791791277085
0.050263195170187874
0.06027754594301138
0.10319532594497183
0.12084638856457612
0.05511569573851477
0.08508453332249803
0.09669731545005589
0.08357906186017428
0.09231891819074832
0.05377525751147666
0.08748416265982956
0.04137074833322855
0.065104761364171
0.05766560193279183
0.12695105026774742
0.0546219420480154
0.060036237151354505
0.064863333039789
0.08781606833664245
0.19027205947013054
0.06451376656437763
0.09974704206327374
0.08505325327700627
0.09771465849257265
0.14461043439611215
0.040690855413020144
0.08186284165795991
0.13567381808657397
0.07949205352276476
0.10306293521676062
0.07247736844663889
0.1433800257741678
0.0559382448312491
0.11797084638005889
0.031990972066281854
0.07852765258326504
0.11710566209023475
0.12186065414401494
0.029889541808207413
0.08558850775481479
0.07699674257300519
0.0910703757957973
0.11388371775404976
0.047615628619856874
0.09096576374323694
0.1285740167060606
0.10034645821426161
0.13263521722822982
0.10001525545141765
0.08379744897480938
0.0792863189069332
0.12180132432195497
0.06969983792771414
0.11692945321402959
0.09193557715615522
0.12473122041636664
0.10013576523212867
0.05434507617049918
0.0940958814021807
0.10694679452255738
0.10721255369411607
0.07116387792648785
0.08955654776831122
0.08760401418795793
0.08112118653685324
0.1165905783271945
0.12194175078337151
0.1316391277690165
0.10320886933317085
0.13111260969621105
0.0354226073721674
