0.05337936072776404
0.07079958753377694
0.07234954344916436
0.1038252622084573
0.061913850675881094
0.04692815907050307
0.0473491569596315
0.08525800279611953
0.034108876805024946
0.06070590215497917
0.12290569334393717
0.0928354636258416
0.08969756841108321
0.07635087632017777
0.10064843576735767
0.056748071427272666
0.10543662136317347
0.04088686935383632
0.07729294387629745
0.08132517120613457
0.07180216775933136
0.050245261042181154
0.09421131131512961
0.05476627925252816
0.14326296860879106
0.05244791605696482
0.11415498778022928
0.1672577121708685
0.07151706274479758
0.157610805822853
0.16004739731505502
0.08962819232970368
0.12226650715470079
0.09903120735152603
0.0765192417332709
0.08768166754191312
0.08628249461241702
0.09425873748557477
0.056168212294757804
0.043460605082110706
0.0972334038860182
0.11930445781854834
0.11275829623793747
0.1627608725860929
0.09427690852741476
0.07940459855165279
0.07293392871132363
0.11415231193428443
0.08303136528442466
0.09321718696928534
0.039720411388292416
0.13597753345689959
0.14125162797939034
0.12103707134447096
0.0830046843211575
0.0617245314420525
0.055196910092622155
0.11910816820608569
0.09822638852139418
0.06587819458632223
0.07668337485822194
0.13211418960520735
0.0807516791456896
0.12263739520506678
0.14410571791963017
0.053898568000988904
0.11217139930655368
0.12953557190728623
0.09963076875145122
0.07998040501170747
0.22754974575160442
0.08028829996543443
0.036932380285727484
0.09070392405675362
0.04580579850791087
0.141244830845522
0.16150283557736875
0.12290175620464953
0.08821431530913962
0.07069210626183957
0.01882360353226156
0.10350021185883816
0.04754309595528901
0.02907428988290072
0.08429430679824687
0.10025765637435176
0.05675792300282305
0.07139342450864639
0.07874810022774656
0.08803142670553711
0.04627941160671344
0.11934180165429255
0.10546088087824329
0.13325861390526508
0.05475616173853556
0.0692613875230251
0.13122910515251765
0.09849266631397727
0.036738537353677755
0.10284842868330152
