0.19719211382375232
0.05954876985581804
0.12652390262300825
0.09674565312731156
0.043762406407227505
0.08601498181906388
0.06778805368327911
0.10425732868967338
0.10295030906656762
0.13775367298451993
0.13614609366204367
0.03676231988332503
0.04413580937690413
0.09961282641679955
0.06061006754207667
0.04457549452254722
0.1009398191610925
0.0360654743295451
0.11734220152872124
0.10321974651503509
0.057098880814419634
0.05748641862529872
0.06658012032680836
0.05721649785335095
0.075539834938667
0.05325606712912187
0.05149755484646665
0.10812492372634029
0.06816334652295183
0.059648560013886714
0.05300230622458623
0.09057350322381486
0.10742532600575369
0.05848450368077023
0.17507115742806437
0.07193899427990699
0.08932277074743143
0.11634611353653602
0.06810593317109184
0.07370836148087553
0.06703164923315014
0.20119651629455435
0.05714086032640073
0.19521590541490122
0.07831150019655574
0.056470386583924254
0.14043176134848348
0.03425773305525969
0.13126175821385422
0.09639039250520508
0.08685843702837616
0.04145472660083491
0.08336427509784687
0.04911926591045347
0.096374082321839
0.10212519820411291
0.10293090445617448
0.04189814218667834
0.16597912834515122
0.11691612138533473
0.11214037834744262
0.10524033360645181
0.12693674956963955
0.13522778879942102
0.08316251255906627
0.1328072990587859
0.09637018323726916
0.10795510478400047
0.04789581712656979
0.10682154257607895
0.056345523007475716
0.13760567365852505
0.08342898390003156
0.09738484674420061
0.1382458089427822
0.03334864765987308
0.08088643848412912
0.09422623231517989
0.09764611682519302
0.09549992454416202
0.07794641085634858
0.1157190601356817
0.06340435258034759
0.17990390230736417
0.10403569473963684
0.09459306445622102
0.08976399203595203
0.075199258579588
0.06541850565978598
0.0887182439374404
0.04079686851512823
0.07129528184773916
0.12326457539290396
0.1375672762436669
0.06548039563333347
0.07936141867456674
0.08870848237328591
0.07794506938012802
0.12949095416656012
0.09336575482125199
