0.09353814976389731
0.049824683897978776
0.05234948499163738
0.05736819997462183
0.06074525580816091
0.13131318012899718
0.11957212184325418
0.08717532636087642
0.06278531027282153
0.08866383029609032
0.06688214634561787
0.10700593416728939
0.08157338765900546
0.034746101277895916
0.08141777119016305
0.07851576344362789
0.15133412623363085
0.08973733764603568
0.09282072172223817
0.07218243429766513
0.14305166395206648
0.14468606750406796
0.07813847999194085
0.09687157101617451
0.11121601207703075
0.04298495415032957
0.11713057220673564
0.10679172936135232
0.10523744315315613
0.09408391837131763
0.04142987892897282
0.11909309171091151
0.1462280443160104
0.03186870434565274
0.09456241150449853
0.07956284718636125
0.1272308485018478
0.09807828686675803
0.0999384515222303
0.03615344489769531
0.14613206052019648
0.04296162288420352
0.08172828008760424
0.05646479262194359
0.04203074911877968
0.048730600799887565
0.09677502206277491
0.06721387214759092
0.14279177738143828
0.07770479555046055
0.03672173445808616
0.0692599315869405
0.07479242880776592
0.10492810939361294
0.06803938203377946
0.09565346025997071
0.1227424843263705
0.043708501911020624
0.11695449414548932
0.06067993064834248
0.09535915687430138
0.17560478311181651
0.12724088332529115
0.15645695646794866
0.12273725542163012
0.11968349376509169
0.09388054326872265
0.06062462735041089
0.05724979453019348
0.0898781889457
0.1244520287447008
0.0597806660535378
0.13218243357086584
0.0651492852946464
0.09126847715622305
0.12578276731110744
0.13652829790151977
0.07299842327429247
0.10162045450784726
0.08053069234823919
0.11048404255945866
0.08367050042258331
0.12280513793483584
0.07773559944897002
0.08209982738000439
0.10876062705789345
0.08612495594885394
0.13333730801477922
0.07351194734126025
0.08842703922317173
0.014854897730454697
0.0740154035044472
0.06229132723781475
0.0673421747483224
0.060218520959471535
0.08602643495597333
0.06565441990012295
0.08522434813310577
0.14063966137524708
0.10789820626330332
