0.06229759891498289
0.09725555569159564
0.10303052959329964
0.16445932887354214
0.07064084498223829
0.13490075912379504
0.10709717090714682
0.06895271868307391
0.06662858776817304
0.05690976128727988
0.10572613045074994
0.0901444799965272
0.05382851165245324
0.11466935158959489
0.09967648595626245
0.07914698003074809
0.08994937346325955
0.1045880392434036
0.11960995418812165
0.06745610761297345
0.20467757397286898
0.12283328907325378
0.09477840810047114
0.041917409752766394
0.07009019094151775
0.06857337350378458
0.05641972472734639
0.0701286206289297
0.0887631577086923
0.2008075197437454
0.1486993324736909
0.06709077797634293
0.05145506624463296
0.07774514613653688
0.09573860740268927
0.1328663083393538
0.08038330184292324
0.09673848401451908
0.1651452624370999
0.1506343943056464
0.1455761516729239
0.12522307589505616
0.11402759427949781
0.042061224723232184
0.0874266358884381
0.05814378279900121
0.1224869589567814
0.15349991965813103
0.05572709242003298
0.10331550664521975
0.07929485085690847
0.07969500071440538
0.08400594087469376
0.15781799010412972
0.056008122964424645
0.07769838739569834
0.11656543841489563
0.06745137138066525
0.08114897085985474
0.08346419953675663
0.10077173808256981
0.07292983952165383
0.09392291827346584
0.08742827246486304
0.05443752302245792
0.07253620510538811
0.0914353919829067
0.03548057365234018
0.06182954048774895
0.06193681351925712
0.064570570016947
0.05287033325022385
0.03832023912900576
0.03945424835198256
0.09993688719831272
0.12864203168559218
0.10533122479645109
0.09934706067353116
0.13721239667441404
0.08096799604158487
0.09006866485043875
0.14891536000665184
0.05572050913951192
0.13434772667639525
0.08330668673969822
0.051820577650488565
0.08951533495589663
0.13657740907764396
0.05936466078430498
0.128337277824697
0.052533581088875056
0.06749938048675959
0.1471458353931673
0.09017349293875994
0.11529511715197457
0.1446822622204715
0.17417050835057965
0.11685016609084524
0.12668938595974302
0.09394847757388561
