0.1289891788569035
0.05440347870037643
0.08367789806196921
0.09964376979409682
0.04225576283364719
0.09583745315760497
0.0643082042329044
0.0850018370902505
0.0242460761436789
0.08468889100510935
0.1294170055600265
0.12179075989386666
0.16584450228747993
0.08523445366213984
0.056692811027897604
0.07708657628924405
0.07651576482080685
0.10851156052491237
0.21884142830295655
0.12000721996793999
0.055221922922792446
0.14876994001044894
0.08443480551435299
0.10460978598491244
0.09192049263159445
0.09226341090638666
0.09442989534371206
0.034194039894734955
0.12877861576072297
0.1366279341904848
0.1421935412880096
0.056711725202595605
0.05684208520444181
0.06388140393570181
0.1604887088904063
0.09261688475636111
0.06654448857168839
0.05487716931428943
0.08507079582608106
0.12933335594577125
0.0655942777819522
0.12921817991258566
0.05186207008771607
0.1463489212173299
0.057805933067873405
0.07576713761868037
0.06577686441515175
0.09163593649280499
0.07340179972020129
0.09517131983813412
0.09681657639718011
0.05582961806258346
0.040135068825771135
0.06975099680380872
0.07897592292940446
0.09500248289343348
0.12296833897034858
0.1314523989464616
0.13459816226883017
0.05375289414832225
0.034225263282495456
0.05578501933112115
0.08054067053835576
0.06465141413259871
0.06986063561980436
0.1223258933347631
0.09349255865217879
0.050492601624062175
0.1346712971688998
0.091250746489964
0.1296973501583091
0.09642635730699976
0.07394126685644782
0.12134610905583197
0.08736194053866199
0.0930144775330255
0.04703922658066292
0.07884208084619095
0.07150085146280404
0.07627239193987054
0.1251774364270484
0.09606327393007025
0.08010761218467417
0.0721821342915625
0.1254993152507861
0.09727793381522845
0.10640818371496752
0.0890404072811612
0.03979238145932171
0.06426176334490304
0.06883438511374146
0.10553702810113429
0.08488001395360226
0.13457280910870778
0.12803809810515687
0.14256375904807883
0.06467588436208084
0.07165728584496375
0.09488185279565492
0.09975759441469294
