0.04894721837194884
0.0418933038133941
0.08887101567512543
0.11404389308600134
0.09714369098922858
0.0749319793847651
0.16394945631922453
0.10180124710660078
0.03172306077940268
0.0509364361792686
0.1502057893628372
0.0920896966266342
0.10835670637944464
0.04033759552869256
0.12248471129282265
0.01765784236188614
0.12827337361393604
0.17953709266662182
0.15712416244088137
0.08696539528387967
0.05753894098590554
0.09589272502901633
0.099419033681665
0.1316481002867971
0.08001917017369714
0.09070242432476479
0.06903604909412518
0.10645272540043993
0.036622032883605944
0.11212053862760886
0.1193099779445642
0.03594107778808716
0.15484024378045466
0.03291099210733653
0.12494450242459662
0.10872520346081457
0.14439421192901966
0.02969802941836527
0.08593811893308764
0.11477942100772137
0.04826855064518617
0.036011860855854366
0.07345178379317084
0.11934920151210437
0.12602934283341247
0.08132308862849784
0.10950875729840392
0.15304180264600117
0.10699611411769805
0.13564872756327534
0.05390795765563908
0.08146445856499725
0.04896288618981605
0.10461499842844861
0.07453358762346748
0.0835700662704341
0.06947446988235605
0.13680086913806086
0.0681596142843347
0.06427983170407349
0.04790681597757023
0.12612210210549743
0.10323198245786344
0.07999481015386224
0.0714836393141572
0.08180301035416461
0.08326580852105266
0.0840501582492299
0.047454386433800455
0.08767160953937614
0.13057146849029405
0.11461123215716719
0.1233386747282393
0.07754064275219656
0.10916256287821867
0.06944885741914175
0.05519157081231505
0.048107792206498086
0.10176265785938121
0.07967674506367657
0.04244405720490693
0.13140973264672767
0.09254251362460979
0.07538817989222553
0.039980372665652006
0.09406038693515852
0.074297667174392
0.09221064653192738
0.052790571820062894
0.035207496569938004
0.1300114255739351
0.05464368018747812
0.09448461226327617
0.0970593310215172
0.06710239800696817
0.06353191820307509
0.13564513676151682
0.1403471984245936
0.10460315098724286
0.08720007930421922
