0.14103026390882284
0.060335469739205214
0.05002580210607127
0.06684034599825599
0.11774980986890592
0.11406472705693042
0.07796094129357387
0.14517484335602213
0.06024365812003596
0.13418708791311726
0.15349458505152422
0.09809498984719761
0.09719243293521765
0.05375289414832225
0.13620317243615293
0.09275752585864354
0.13185374663095964
0.05779033036676902
0.10178913871379582
0.06842710108445654
0.08918435645771502
0.05890291179238785
0.08104794594089272
0.10852706393880836
0.05826792473988333
0.056664890301753666
0.1492501383145034
0.06951736604679361
0.06107901081103877
0.09733140977300841
0.08469969429503675
0.04975319134414802
0.10096440358461688
0.1578020473485506
0.04697635185938341
0.10737224259579427
0.12627007931371514
0.022432535770901766
0.07055362752009145
0.1250552974220178
0.10576401479404215
0.03553756682391416
0.03549004521326397
0.09152262438454815
0.07652846864338927
0.14209698784548086
0.0319937064286601
0.08002939780005561
0.1495726625922934
0.1033858114971038
0.05967666712340297
0.07916899856654631
0.0554491534191958
0.08870590706883341
0.1027632579145299
0.05684208520444181
0.08748622116971233
0.08542570381968183
0.08231431176011315
0.14763908548747526
0.06642599907106858
0.1250712301325254
0.052364282350421364
0.04225576283364719
0.05873919742225391
0.0837135826957462
0.08095818390816921
0.13711933450316371
0.11915064488126552
0.16320967174688736
0.07341436627699281
0.10267951419035222
0.1129671554089267
0.05186207008771607
0.14493658630562478
0.10641498482740856
0.05247308240479357
0.12137427345539405
0.05393332470807585
0.06577686441515175
0.09933234134863032
0.08350649635842773
0.056819124487482164
0.0679825693138079
0.048478013214255225
0.10326591072173127
0.06653070838674979
0.03860368605131518
0.06649324915758555
0.10091692682272084
0.03987848228451177
0.08790504825773829
0.14919411840017804
0.0722695994879933
0.1223258933347631
0.0930144775330255
0.04601700100312643
0.04901045054116983
0.10684463970359682
0.15064479951619691
