0.06767378683063241
0.07092292109820457
0.03438758446512058
0.12804138464692447
0.10124458916373229
0.10362816972598266
0.065104761364171
0.05251001893098869
0.15225382902013757
0.13415000914176192
0.10395854934348818
0.03591203777641505
0.04682987707906101
0.03405107221685623
0.04612255262749685
0.09464391596265656
0.06248740206553139
0.09396140096008168
0.040097853309479924
0.13820053347205782
0.10078903929416301
0.17849913170302362
0.06519623037728377
0.041465385581825824
0.11854809509044267
0.07616781511646453
0.06403955923105527
0.08684806164172346
0.1435907123227613
0.05601302636846178
0.09501181093969888
0.0776141416344243
0.13740752944813187
0.15579506059666787
0.08505325327700627
0.10168183848242077
0.15264233655750853
0.15529163688339323
0.07811735445396759
0.12812315904157115
0.06009877548392954
0.1372576598117085
0.08850936270849531
0.03544103346189936
0.09735169242112245
0.09703084541505248
0.11330322900580582
0.11112660915582298
0.12980640142164446
0.12180132432195497
0.10576319875332035
0.08483733966855816
0.12796772973459958
0.09648018960399295
0.04336962829663347
0.07292316754017333
0.14830704024886388
0.10123446350325524
0.1233703535183199
0.08508453332249803
0.1070333559869923
0.1280625473626751
0.06252973728392394
0.07540027432736567
0.03189482700007631
0.08437510677789489
0.14448556498190987
0.10149799427803435
0.09617555408510803
0.039574724596474264
0.09528166566387143
0.10586425436793763
0.09265867504915992
0.07856368647123262
0.06526078103568878
0.10612647555649654
0.04336489850238976
0.11372487238328685
0.07240387768632559
0.06238759882200894
0.12436082950909064
0.0973930687994425
0.07027202900410591
0.05087703387500366
0.08478592339345804
0.07490553877852706
0.050263195170187874
0.09933637378001035
0.0939995614890973
0.10509069109196205
0.07463147322026917
0.059729906827737426
0.0672333316774436
0.07146412894782464
0.10042714298628097
0.12146161274131906
0.08861662797370967
0.11574212110164274
0.08410589169503893
0.050201365718398144
