0.09305641471249068
0.10431026239826305
0.08049064018555979
0.08248639900646282
0.1390770018102759
0.12215274754198283
0.08114457287832282
0.06269596963112219
0.05938718388391157
0.054570058114861174
0.0667152364139218
0.12805328819900946
0.08479287239266914
0.08000291212699857
0.14498443366944458
0.16469646004556682
0.08137721411541211
0.05676269773821103
0.09311654043778346
0.12674306098139193
0.14326104306652565
0.052964805903391546
0.11650044313178932
0.06642042014663109
0.050062269674327566
0.06189537106147067
0.12435871644121946
0.2012180681105483
0.060573268896977846
0.06512919674266195
0.07141841497613263
0.16828072501178465
0.057069562963489036
0.0381458779010902
0.09809409727882976
0.0783011487602874
0.13588040653080918
0.07240509184213588
0.04916795121663156
0.09574239579227292
0.046197249450731316
0.10315466696266441
0.08895549564787358
0.168726609220679
0.05355677195884162
0.06912931899715086
0.19595336227680357
0.12608174974822944
0.03563196781202982
0.06729365827733419
0.08814217761723166
0.06781399172841016
0.09397986170649672
0.060073920047864174
0.09693244970056955
0.09891604858835704
0.06092304188189181
0.07187237796174777
0.10060925465420945
0.0804138436788013
0.09507142015360726
0.07566479686821019
0.06894557658746367
0.058167177126301546
0.11219367409123292
0.09093010297782222
0.07732239321995747
0.042957145516890664
0.21931648190560485
0.09799654165272528
0.11483734284713225
0.10011192875106253
0.09524164870732597
0.12117451062817061
0.0824747829653226
0.0833236649517539
0.10027003435123105
0.08537488791210017
0.18712595639007076
0.1112857298935623
0.10674751746692021
0.12654429640914944
0.07375907144782758
0.09854936273167117
0.11873203361596286
0.1348992176164445
0.08241655268999665
0.07658413716108771
0.059303784114381995
0.13556305736432814
0.09868988624159676
0.08364012425865318
0.11188178606077998
0.1279889505248416
0.0507717169477853
0.08063149027973719
0.14132079309446288
0.10020776839765928
0.1735209259212238
0.11855942098742868
