0.14063966137524708
0.08161685254226363
0.041820131893523446
0.09815948075215547
0.12273725542163012
0.0457600237165688
0.11121601207703075
0.0720969205575428
0.12461408211092867
0.12474058101378134
0.12434757743930436
0.06845026616859774
0.09226174398896768
0.05681805750335016
0.13540536518399623
0.04955229196248465
0.09825182542565951
0.07345610907246698
0.05438638946021449
0.12859830518068255
0.08160545519808982
0.07535703722166975
0.09261321283504943
0.08748733389147226
0.06559602852805663
0.10371846034549459
0.043915254628319106
0.11439574111991462
0.06908985327369903
0.06856003655094875
0.07695915429439328
0.1457108883158551
0.13194624802453225
0.1024668843794472
0.07248086876063398
0.06608468241049154
0.06373826605773081
0.0955999336970973
0.11048404255945866
0.07299842327429247
0.058268554405977835
0.09101419626096546
0.13877933986016225
0.10169225818676324
0.07404841812582127
0.06831734919443663
0.09969292665123182
0.03778012246149091
0.07482333602373728
0.10444945570077117
0.1337637121003608
0.04769005234445391
0.07929596107362157
0.04476341795224908
0.0514077571366582
0.0643993685024372
0.12054204974155594
0.08579261572214512
0.04199300295130083
0.10264191799574587
0.08934344813866572
0.1467956945922002
0.12155176510245001
0.13777217644646178
0.08970084373610723
0.11802192426684219
0.10913288226437459
0.07466882924154489
0.08096326860906165
0.07773559944897002
0.06515784577516094
0.11584082201401875
0.09211549325125669
0.13203866043248638
0.06721796483137318
0.04750139640159176
0.11434186049092543
0.10653596449778152
0.048049838647542586
0.13158616829875758
0.11641442963155166
0.04764092940011558
0.10040563575562829
0.09535915687430138
0.14524784296391605
0.10918030241577685
0.08220106166410789
0.08754274192427687
0.1186659724552595
0.2028063360205612
0.07578092751132773
0.06267642307956105
0.057250473799711786
0.08760614988151916
0.14746515167008623
0.08846209193345074
0.08596035363951607
0.0865833082799981
0.15645695646794866
0.08889788752271487
