0.05753309366003136
0.13744995388131254
0.09298703308403547
0.06866729014299944
0.03278407196590719
0.09596799963646324
0.0546690057392168
0.09970781254655799
0.07953607326266326
0.09586518695965177
0.08649884916591767
0.10690167063594244
0.1518555474986436
0.10722905606428247
0.0903299612961069
0.06333820588425432
0.044202654262550795
0.06395101509046226
0.06738907393511896
0.11529143889368541
0.07331222684274984
0.07707444814488294
0.09673848401451908
0.030160098011880677
0.09304054334274013
0.11059725321740739
0.05665843471045002
0.0823472003531885
0.09383828566352016
0.06509045307840931
0.0986379858113263
0.07043490925698051
0.064570570016947
0.0455744622919143
0.11091640203613058
0.06384034475089259
0.05573204439113569
0.09007878944200906
0.08800242153594887
0.0722443455073158
0.0574746379431174
0.06959608370242427
0.07862248765312675
0.03396445089045253
0.06193681351925712
0.10007928822713649
0.10460314287886338
0.09447117673589381
0.0778275308567805
0.07305890635192076
0.07919407587524131
0.09179723725884952
0.0874266358884381
0.05696090026289962
0.12302790533029123
0.11886703278771076
0.0850841920316621
0.10768407300921963
0.08318566150919948
0.07731400301858889
0.12186193847783819
0.1050762968411255
0.10565930876627636
0.14003094589546258
0.03689617123719972
0.1001931792639102
0.0569206835843314
0.04305878934955214
0.08380294047325973
0.07493639493138655
0.15064945026893473
0.08775868401828953
0.05690976128727988
0.10962169064063693
0.09967648595626245
0.10816478361357718
0.09707040652105706
0.12340724341107955
0.1471458353931673
0.08815523324558877
0.1389821594170746
0.057376174970750406
0.06308906476778785
0.09353532308303963
0.05992638058929319
0.0939208037191865
0.10519516869471975
0.12869746092577614
0.06564338892871326
0.12295028785004009
0.08375033583936495
0.08222878275781205
0.019321445900013917
0.1056875397712208
0.04484809024408768
0.17860124286585138
0.09063618380568335
0.05758586360360375
0.06738842220931965
0.10048076032079395
