0.1148888664393352
0.12015387943045801
0.17507115742806437
0.09728712420204907
0.12570864156521555
0.06648750342753752
0.10455006589221602
0.13314897205687115
0.15441683221587307
0.07828363937300885
0.06082843587709894
0.1155737471095745
0.08920593092872897
0.046052317941370186
0.07385253952032479
0.1233156409959205
0.059948753499899456
0.10068763154972274
0.052221041712205964
0.10403569473963684
0.06573904101768324
0.03505704303633184
0.1038983739824935
0.05153504118597446
0.09339818576035384
0.07710631403069598
0.05658076616290007
0.04961404636793427
0.11487469005924221
0.06908528126157588
0.07172331849671082
0.08335650382490173
0.10762395308034871
0.14926580287958072
0.043762406407227505
0.12779243412066463
0.14608968648906417
0.11554475116145309
0.050443827238774434
0.09719027643890937
0.048490074064609874
0.0665201692255994
0.04189814218667834
0.14016561065041602
0.10652248604781858
0.06175246090444323
0.17249809869680707
0.1187650460991364
0.033349929218926856
0.10849314544525636
0.0822636689772712
0.144237192225523
0.0716260403540391
0.04838290125003385
0.051595643653232444
0.05828480441356614
0.06238226117597572
0.13163497113030706
0.12221259540107351
0.14534436175246254
0.09993915983325291
0.11191311867867167
0.10547603698992027
0.06254594350595104
0.1020377637648198
0.05757174838454423
0.06665179901296434
0.04081606208846958
0.08578105067305337
0.06051517742115537
0.09949737817977279
0.11087520029642975
0.06655538376946532
0.17990390230736417
0.11275450937826066
0.15791564410440495
0.06928570858792295
0.046391184928113144
0.13626279747005515
0.07368375324978056
0.12463270821937708
0.14256849816436815
0.05724226594598367
0.029856712396288163
0.09503972206055349
0.06326547690277035
0.07727798839524745
0.10492257259838492
0.08206468719422107
0.06097832249878388
0.039046916960882604
0.1238719188631208
0.12788529510497879
0.20138037050686872
0.03926645418605845
0.1203234791788635
0.12352854697725708
0.10815378040784325
0.1623130968691971
0.07873225985114002
