0.10919464703999769
0.09723818757088831
0.09775334916503257
0.07871917919899271
0.05718451355752938
0.0838186484041617
0.1094347743482657
0.07874810022774656
0.1448516184736494
0.06472711603159355
0.15647144179730585
0.10773238960528705
0.07832700574955025
0.12184170210929209
0.08930137215002786
0.12210826573196577
0.11709868128590835
0.06555106474599007
0.05712106051558828
0.09460254297255889
0.09214672243280381
0.13359717837627824
0.11732634222419137
0.10232302572085171
0.03851862332046387
0.02399800229033013
0.0467044902561337
0.06428035727371245
0.017170269104939673
0.0999980913322302
0.12244402235840363
0.09993249131808095
0.045524288314093664
0.07418522733246986
0.07287085916032698
0.053835362550073894
0.0575446629366672
0.06525318573156307
0.12135483513127096
0.03984694447615982
0.09787017717971173
0.11623652808276226
0.059816688956707
0.058840648532391265
0.07668337485822194
0.031984182287984796
0.06400023013729925
0.05945222271988147
0.11139207241449214
0.0802202911308772
0.1939769995539607
0.10601413151210155
0.12563166969643264
0.10476318051016723
0.10543662136317347
0.04152146360244374
0.105849708568036
0.07258870510789654
0.18597355941935304
0.09328669224538702
0.14733254689665756
0.07105310271002838
0.13615120204981718
0.013249042525086348
0.025806167572904014
0.09671796719948228
0.08639891838277614
0.10434856737721923
0.0662629862252635
0.12290650268266325
0.05323427258087576
0.09491047643969976
0.11126662639307297
0.08260409706499079
0.06566158447531605
0.10350021185883816
0.05987434703308609
0.1392996987110134
0.04878432765341577
0.13214331680679034
0.10157131497803004
0.12290175620464953
0.04073116375465813
0.08747636006466554
0.12620583124012152
0.06646380387966251
0.11061333779135935
0.06412284656019872
0.0341623495397587
0.04075289211052763
0.10336883352745477
0.08725083057196781
0.15981685731542267
0.04673844549844705
0.13789510194792778
0.12412044735061861
0.0807516791456896
0.07215340773691636
0.03511515632592341
0.04754309595528901
