0.18263103959411967
0.08767251452043001
0.13962951466879228
0.06843211764928693
0.12094295443403735
0.1149216878185565
0.05160093833475243
0.03882077322124296
0.057655897690697476
0.07497098668399187
0.07329147703174912
0.09879806274198091
0.11925901329898408
0.1104263411803324
0.0851882018004541
0.11322894363421174
0.10788461301277195
0.12889670853833868
0.0731681428629734
0.06471146900225305
0.11425433518970309
0.07619399776347856
0.07202292225737779
0.049937421373677134
0.04402202727736263
0.0656518284949825
0.07182235035140479
0.07016832243596884
0.13947552684711131
0.08179982244953576
0.09447914864459477
0.12479473406501436
0.06742282331245464
0.0847941172669063
0.05307289107678703
0.07067389753185702
0.06133635563726602
0.10648963467262329
0.17010964287691274
0.13441855704460853
0.09335021209779722
0.10643343773139786
0.06444072288718357
0.16491586093475993
0.15678868159924705
0.07081751488680295
0.07410461345152758
0.12714725248454353
0.048397717358858755
0.12044086659491311
0.1531829835794851
0.10345651468199793
0.08373157641200236
0.07541750578337056
0.10781235576926909
0.0961368384726663
0.08008209269346066
0.08098356398191646
0.10421563797994415
0.09840634517273486
0.08334534301888696
0.1666453312927128
0.1064470487185706
0.07636314063571592
0.05949746759415398
0.039015607473641016
0.10993558296666935
0.11537694081386013
0.03718637852401589
0.10510986789426685
0.14087936503167092
0.09059669374299988
0.051436640555907
0.034496244325729446
0.0692156974783366
0.09402521590601157
0.12397629102694044
0.0984879235104143
0.07203069769173864
0.09625204614092973
0.06212971310716477
0.05012347739107912
0.09587055888622861
0.07286472544140765
0.15400693356038728
0.08697296916538325
0.09694564447283202
0.07442579018866322
0.05112461572033646
0.051101011699828745
0.051332753363585414
0.08595974913088889
0.072224701907141
0.09349424373068825
0.07879622540111278
0.14464749440284164
0.061525267434404965
0.07204872588509217
0.14539088031623032
0.08669028297750857
