0.1621920866356331
0.07132635291679765
0.10512212780222045
0.1068034379860546
0.08275920992667886
0.06760257601257995
0.07328984242838724
0.12623728987987332
0.08150872256565803
0.09394097190502836
0.05370563767685419
0.06557523604192213
0.07124277429167182
0.03549418949924322
0.09072350770156132
0.14631102521469166
0.035860876428302844
0.1187367288653364
0.0764010672595997
0.09414915410866334
0.11027669432296675
0.17398595595456526
0.05351244853378825
0.0629993851865839
0.1902294780182508
0.09151681535481884
0.06065296098075002
0.06909729602650959
0.05819449735287128
0.07620743666301481
0.17347578580310175
0.09823066722245101
0.14881783442522195
0.1216893472563184
0.10422758116064688
0.0759207402254221
0.1042478443315372
0.11608919500212919
0.09639321637401553
0.06225704416819482
0.11786080757747525
0.09609388618218125
0.08678034456561635
0.07678437787315316
0.10210100798813838
0.06812621446040974
0.05065810927513134
0.09308887353030226
0.06534817659460282
0.08532344963671615
0.11452254242228248
0.05834148775178032
0.0779151304618981
0.10086046552715607
0.08498625541291153
0.04760024862160801
0.16870389819964424
0.06751020300700732
0.15368730912625242
0.12497265142016457
0.11060366030393216
0.0550129796308771
0.08791824404316431
0.07383788160807458
0.08067402173529993
0.09137727588323942
0.07191842293692995
0.09983258498483402
0.07688326511991243
0.12966715876900614
0.0572508130194666
0.046352141763602736
0.04313608733258503
0.13722799601000435
0.11743118510282997
0.10329124938347758
0.09621501434105573
0.10577090865163034
0.12460581930106959
0.13129871325995254
0.08852265046680223
0.06716868636013017
0.07947312789169175
0.035931355620010146
0.06546860651707048
0.11290708499621628
0.09655993253480126
0.029299259924604644
0.0922407765433781
0.12350453113830138
0.04990814276849175
0.1221845503421703
0.06016510798542285
0.10929780952208885
0.09598884508285167
0.06850598075876914
0.07385446085924455
0.08818877306637359
0.04278091390087829
0.04713649477027577
