0.05879681050526251
0.14026953117194013
0.0921229129237386
0.15003745658746795
0.04443190893109913
0.15071663805340016
0.12970561630118374
0.041149540174825076
0.05671236008686982
0.1335645200106783
0.1000622803565869
0.18924051016824475
0.09825097020918871
0.1487250284184225
0.15866745930781723
0.07459312052477969
0.10490696727559848
0.08107877829667397
0.07284630702721558
0.10618764444964443
0.11300251617919435
0.12898892708305934
0.09005589138440975
0.10843701295428908
0.21514410034246823
0.09068351288293476
0.09272741835277148
0.1023341016494412
0.02801079923004142
0.15355132447754313
0.06341226543618693
0.03612005819826387
0.07044250327921636
0.15356037354428062
0.1886372709362958
0.048862625359979865
0.13576643167493369
0.1022269708151437
0.06819991687322201
0.09511484167235122
0.14404712101601716
0.026024623237816912
0.16508243111384435
0.0644887821400053
0.10670958196338637
0.1073153170373945
0.01796377701146915
0.08679385619963552
0.1063275887094611
0.10537965604896585
0.1323380670144414
0.17567197996722367
0.11712656926115204
0.052770170046760344
0.11539872847126208
0.05947422155175517
0.146255850909853
0.10997704786311638
0.17034246887271476
0.07277768438633354
0.1330215939424129
0.049320019052801006
0.13595875672005367
0.061428753440564525
0.11353708093853902
0.09800254085161132
0.10686953692547725
0.17557237159644104
0.13537907587596953
0.11151588634015903
0.07804790653116117
0.13059494777351133
0.10002615603145765
0.1103432922281572
0.07976087921340211
0.04393384565916461
0.056474085484474926
0.0730063119568643
0.10330688044035656
0.16157656654218724
0.1253325200405233
0.09905227451469238
0.16736553288173386
0.0830878219337725
0.08301528383446236
0.07679667806666132
0.19722706124410758
0.13932419473221982
0.13030338232120692
0.049990694498265625
0.061690147431299094
0.07251074277288147
0.07632866416348845
0.12168591604441097
0.1793116404613093
0.07670243346369086
0.13806907697997745
0.12859839387816596
0.10132939399837938
0.08233257230115386
