0.0928125657550882
0.06361156808419995
0.11384497411801268
0.06366518698342757
0.1309562354751938
0.045577548963481415
0.18841991510226797
0.12879714652691243
0.14481075386541753
0.12568814009775373
0.10810795190820309
0.058242802586227466
0.04103011461318988
0.0917872699731689
0.07005593141194195
0.04784425361653019
0.14034281341408741
0.14826662936125626
0.0771923613677723
0.10786433640828814
0.039336388621441586
0.14715143239964135
0.11163213223663065
0.07938317905956978
0.15554300025487894
0.08893201181319964
0.0759475966818282
0.09444040453546608
0.10474938331333086
0.17401896121890892
0.07984229327696163
0.1264736188828546
0.09355016893306393
0.2691560364704256
0.034185413661216725
0.12207036848945677
0.07778910473697959
0.11016659328124005
0.12457693436495411
0.10172019294285257
0.11636063196030133
0.15923481023294736
0.1317007485849141
0.06252064844101869
0.03141130590574643
0.06421098056099428
0.18644745572570873
0.14348161383389793
0.056890886898148314
0.04364570750457686
0.13890952041668145
0.08925609763779437
0.10355539366765978
0.23704917274416049
0.13803750405987358
0.08798846801539086
0.08736479935653739
0.07597028714574468
0.09976970271314509
0.14617467516197358
0.08692290977095274
0.06798776391913976
0.1553918879534366
0.12353550436943939
0.07216400346916763
0.12390235181775285
0.08674504668468859
0.13748226892789986
0.14316750569252396
0.16766029412749311
0.10615263159572853
0.07463380529021559
0.11670382789621102
0.08371647916519469
0.10139085200761677
0.12214898817664581
0.12527758608567716
0.11054663311790423
0.07220690493741252
0.05028429768428865
0.09610138277020297
0.27014277333002046
0.0956807646515553
0.14814920909081367
0.16485500491252714
0.11032033884215527
0.08177425360660752
0.056645434152966995
0.07836108570072725
0.09316341914801886
0.1098989799568834
0.07250068737659916
0.10364578434564709
0.09061738986899143
0.05622208424063786
0.17461251359846963
0.047655117792760715
0.0188810712736611
0.025996792459036973
0.05137704931667888
