0.05715610582765048
0.1613873432496439
0.10973880749427546
0.09339033645425769
0.0808766741666172
0.09746148066991976
0.08911780271473778
0.07483321465377432
0.1361407524493704
0.10895040086733881
0.12415328455796446
0.19768784873807915
0.0577559716550955
0.12566528037350197
0.07627954503771153
0.10555329109761692
0.1468230442222882
0.11019860433234945
0.08005140279031336
0.051351097637877055
0.13694478432413745
0.08042839111346714
0.19565832884751255
0.06607003680653424
0.1052730592092718
0.05123654577443106
0.0925569715132593
0.17517020940735795
0.1897837073906008
0.08915338181965876
0.032542897039048405
0.11967032473390299
0.08146197193685836
0.10534771799727577
0.10562593860425722
0.05934543419337852
0.1695241235216453
0.10646946181443645
0.06419858504350642
0.15007307086703153
0.0955782555785286
0.043793685747088744
0.08707436142757918
0.08464672710279701
0.14465027484743098
0.07485826347778311
0.054420446806090206
0.05713054706975784
0.1532080593534816
0.10025440369419933
0.13134695758732978
0.0858632132237246
0.13231628098107068
0.1840637895512348
0.06798865332085564
0.07189358383915427
0.1146751155112272
0.07989523777632336
0.08122789422680474
0.13490522882210504
0.11977507139659825
0.054800028108968134
0.15090616205471127
0.14797242879155773
0.04333999606450253
0.07945909150958069
0.16873416129710675
0.09444643472866585
0.07926633472689393
0.2118932726380579
0.13543780421724422
0.0965916239302075
0.05273048153983922
0.07889321926888643
0.06262206813043505
0.1348496588542837
0.10744263038520319
0.10787649062663873
0.22479254447800612
0.12156574634885012
0.138228133676009
0.1382306717811762
0.17584554467620578
0.089256507486859
0.09227433313987703
0.09229644762867584
0.07894460476363246
0.0963176362050643
0.05690069280725332
0.03816201129107827
0.12508256594886144
0.04815660204280328
0.03966018798229843
0.11266231329390806
0.08747379171866633
0.05436205675579543
0.06971511483990057
0.17331309764952868
0.12714952866566973
0.06937927909158943
