0.09135691438035823
0.06418930392368932
0.03918704846249473
0.09885377024750913
0.08239358929611157
0.10036211215145203
0.11348800728928338
0.13119458503056633
0.0737783509325029
0.13297456730677323
0.10105295515480127
0.08462025461307954
0.05075959319103997
0.12586511187764993
0.09264586899256323
0.027155470779972248
0.08118284284630782
0.17053884248171094
0.12855877816439504
0.06596573578207822
0.1281658280419572
0.06648932358189082
0.10539506917875181
0.036398966041081074
0.05737657520480497
0.1868071927349334
0.09071427397072371
0.1283984576784744
0.09208532552026835
0.07339979757266454
0.09859524881325324
0.12096570254309605
0.08945354312216947
0.057810777662629674
0.16190023212932814
0.08478031529734135
0.051811057644862206
0.17465020778716636
0.08257375151369634
0.0665309541281275
0.054989805733344686
0.07945764829634767
0.04671349239276241
0.08854956194483349
0.11246173123139429
0.05667912066364759
0.05829228828143989
0.15214083692887329
0.0886037518572401
0.0841990155097543
0.05617347451759591
0.07772210755446639
0.11835808245515174
0.11779530891615275
0.1718610731694981
0.13860570935373698
0.10985213569832827
0.08038810397515343
0.0579656636180249
0.12639453059230285
0.015053749090778841
0.0663303534610034
0.1411888867556434
0.0338818129764765
0.0794977058585875
0.07491328900192598
0.09163310216941228
0.06451401630420989
0.06178387525132497
0.13050772540140604
0.13826833324637697
0.1783365681877573
0.022973083023830856
0.07197794811486598
0.2470310270463931
0.09098985053733542
0.05480912673741267
0.06320642431152722
0.09138507409227024
0.06425886537467553
0.11191124182782942
0.06451393682875942
0.09338732545720735
0.1011140977750071
0.08231766182063022
0.16631024478523512
0.14358698037035142
0.13729426998541092
0.09691667685550849
0.12280388782264143
0.11200588534310063
0.10540716577010666
0.10385209581439028
0.05514496819005121
0.1452793582087564
0.10494334568323552
0.1471301658921005
0.09959106026616549
0.06664645392732135
0.17461183531011024
