0.08188938450103254
0.12922889127763681
0.03626937588813676
0.1511322443831278
0.039681355718636506
0.07790226712095767
0.0381073251536169
0.09261483062125993
0.04739263967039537
0.057533556766450375
0.10330797962265939
0.13226431947146894
0.1472043856745229
0.1152168636157962
0.09332017085593422
0.0803823482821948
0.1353416398301826
0.12008528865104841
0.09380985381060898
0.22259436602651592
0.09409016661820332
0.0852655216205338
0.043821246034447224
0.08541480881343491
0.08986364590604963
0.07760928086193813
0.09345261939069481
0.05666742864929799
0.16727099231558784
0.10125410949741252
0.07557836000877578
0.08560210002603875
0.11366838536764166
0.0941959958756925
0.10656007389035425
0.05569324281308223
0.083868345068418
0.13990795814398116
0.1087223006600166
0.06655036985025337
0.1410856218527038
0.09904239845978542
0.03795129674179661
0.11607172869651418
0.09699695303892418
0.11234480687381831
0.07229192352089718
0.099109009827625
0.1605940017193978
0.03711555030403262
0.07443066795200899
0.11018650756006744
0.11154051038292201
0.09104245692559979
0.10004357952975736
0.06616904355315842
0.10262086710696201
0.128077343416171
0.137239705766143
0.06822804041104952
0.14418393776113386
0.070137139347777
0.07724626124831266
0.10703516848574329
0.1340465047312857
0.08609826876334649
0.06762833953860117
0.12879307019427286
0.08402740131419496
0.08742563146991202
0.11288794281113285
0.16186121611021292
0.17792117129362564
0.14007467156719847
0.10204807674436542
0.18894511313510745
0.09364177966694516
0.10973459531549017
0.06487007454319277
0.037633191247554876
0.16370362856686035
0.09199649457345134
0.0821825810740414
0.13232151880711746
0.07298895328441093
0.06263286758972596
0.0646721613596206
0.12484836172289016
0.2286006254047396
0.12024371711355364
0.07125432941792377
0.09595606391010573
0.07693897950429428
0.10967156279829522
0.11188978190960583
0.11947830417396577
0.07995137639241791
0.09195083661092525
0.2016101395271915
0.07885346383096836
