0.0661520280858014
0.16540130103733733
0.09969255781713486
0.08928289690439327
0.23789005898133933
0.06518892621519999
0.10368111700267557
0.053164569679416906
0.13200854367349538
0.14739020610245962
0.08073754815938683
0.08349318207269772
0.14534849112967657
0.08416672967005272
0.09868612660722026
0.13051873950057036
0.14466821791662607
0.045784375274776926
0.09552215246710086
0.14829516230632953
0.08823316945815622
0.12215614429523608
0.1467923064693604
0.07218914379854487
0.0824898096756327
0.0660789685682359
0.11220354953242621
0.09690555315513492
0.1449643965846561
0.07175659755452551
0.05462899239303419
0.15967399107718355
0.06879827526615001
0.07994995744836464
0.09965284032128185
0.11148528489557198
0.10818434913857217
0.1516951450771959
0.1023988109885654
0.13192387785154722
0.06698918701785551
0.10243989647284135
0.12563201496338183
0.11730634098297028
0.05128843679146562
0.20232965009414683
0.1560525454221926
0.062408521049088235
0.08838951299892754
0.08892567144250314
0.09737180777745841
0.06395030370865996
0.18018201540765105
0.10588154641741897
0.10675039620902159
0.12970243866906378
0.10892032769415116
0.04049804755930933
0.06178048049860516
0.14722563229787602
0.10677537156033981
0.08773091224628597
0.17324697504758493
0.041145396518985286
0.1746557942947202
0.04384481778025466
0.07026496169497093
0.09210562122784574
0.06907587381151328
0.1302947482236036
0.22260718269432658
0.18306963599655954
0.12546156304527842
0.11066750037145875
0.11096888137643364
0.12031340966605134
0.17234186877120888
0.06244617404558455
0.01890643845284503
0.03578683967039743
0.09742885033265493
0.0832731199910284
0.13237500884955375
0.1147782442787882
0.08561950008620851
0.058275149296353954
0.11898114502985786
0.056767349504918296
0.11920079459338369
0.07150908768732618
0.22461781075734016
0.07110813412492863
0.08228636529517878
0.10058108008124213
0.10192050813791595
0.08284022297154701
0.1384599244571748
0.1098528180886942
0.08924476220166029
0.053353460545627826
