0.04860119787960898
0.14597064015888334
0.07664957398725271
0.10302448038205271
0.0325604486570491
0.12611026800164707
0.0902764114757192
0.038408553571334374
0.14858450351327201
0.044032449170191036
0.03528176409056431
0.07527893665346856
0.10675101592426184
0.06552874727762424
0.08161919216255335
0.12510522048077768
0.10117375793638912
0.09976181841884087
0.0835292416190467
0.1088225968821757
0.06084299449388506
0.11884059865752171
0.0729521364385173
0.06839657757234482
0.10107958793130997
0.16824972059664905
0.10380671087433917
0.07067065967849705
0.1120168341074467
0.1417385385648917
0.08908754240637276
0.0722454080949319
0.11610758963909115
0.1472747439323218
0.09609025977976342
0.07422965137216621
0.1424988282937532
0.10921821430326893
0.10428508067798715
0.041321967341515976
0.11477540889817053
0.15786660472847502
0.08873851640492435
0.10299810899908658
0.05877167055325057
0.07180140278014739
0.039198991161552496
0.11338075560495528
0.11289020417704995
0.10883134857917845
0.05613679892492885
0.09566365892056142
0.09314142715545282
0.10591870138812241
0.10389404651007364
0.06875507627032387
0.10325645274546079
0.054885217425715026
0.1481883701119238
0.06352206588629239
0.24782288310427567
0.1444086984962124
0.10236227672052971
0.2135438570503233
0.07882231979298504
0.0724112690929242
0.07309135966970104
0.06611060115198437
0.0823326408239881
0.12084086388419071
0.08531331056301202
0.08859853987991696
0.11047176647599699
0.1100791576128788
0.08916101578427309
0.11224259641427647
0.10565924563693566
0.17861069856602665
0.14760686749029892
0.08075302216281165
0.12805729022507265
0.10864730105094653
0.09914954734981535
0.1267585627560994
0.05884767274580707
0.11408336608270318
0.15751129338677458
0.11507192347804159
0.1203690372524825
0.035263700952905
0.11234326612305771
0.0974465717944001
0.08045632304483545
0.05488205430630423
0.1559004770142399
0.17423866594847146
0.12027293533515168
0.11479915553069973
0.14530675373986857
0.04314750519496666
