0.1437939025350714
0.18227649564479637
0.047057058602988464
0.13468802685326198
0.04841875875104305
0.04974874802051789
0.14413656505404313
0.08193011914189664
0.037281963338760285
0.0664546088950019
0.05312116913924444
0.056452296705161005
0.10453403354274647
0.027265222088502374
0.08245832060903786
0.04458834056404191
0.21133502490918052
0.12710936400243944
0.09103643376697243
0.08643815624575359
0.11251818147395028
0.12186631732190577
0.05689248402161734
0.07027566744831211
0.12926127197818438
0.08574223459482398
0.2084186616518431
0.07937178410848005
0.16099120569694483
0.15554579248472852
0.13942457216360954
0.05877467566189652
0.04201167376281978
0.23913903196196595
0.1345853230853019
0.10167627441462931
0.06617863542068286
0.13865927105417492
0.06096285351635851
0.06948388548180974
0.06083749003187955
0.08131306558993588
0.1332189843519788
0.08454618497294158
0.13133118007026032
0.1266626407654537
0.07227321140402969
0.07016260017668054
0.0415190448236919
0.08964171144105948
0.10619208319853904
0.17495254906104893
0.11915109422999992
0.05684128146816252
0.07208001096718092
0.15980137681691248
0.01893652439407341
0.1749311587176817
0.16632433304309377
0.08313227880120862
0.09669286937074664
0.055533317317456525
0.05585685685391459
0.10253806304839524
0.052653968385884015
0.14747432201860605
0.13017605276986657
0.058008550006276006
0.13735531860896394
0.03680218909895154
0.10301809041255632
0.14180749639156126
0.19812769465562
0.11241843343721532
0.13892798044936114
0.10836297114136278
0.11094733919134679
0.0631188468770231
0.07516791482480212
0.03703517050828431
0.09136155937002349
0.08173342064868908
0.11757781408068069
0.13659672115728785
0.13736983092532856
0.018469137605721664
0.11651974347697443
0.09953893286367008
0.08251495438889954
0.17678041010730566
0.14276959992261554
0.06593235674955915
0.0972809791591497
0.2697826375460884
0.1785784446100718
0.22156072685942882
0.13315052043590034
0.07281497123690742
0.0613210155392387
0.10118836934366222
