0.14376413039027586
0.15162791383353946
0.10864733001910441
0.10890309339441624
0.12075033706038171
0.01961933692233498
0.10879811882184584
0.07936620006377682
0.05262585953327294
0.07019650220480675
0.055418867261935956
0.08921723729564951
0.09306774883257816
0.10621158125437043
0.04362900002469688
0.05385948519448191
0.07688418760183861
0.15345826965153436
0.15527184057114635
0.07393690394924454
0.13505769095747222
0.11429179226171864
0.14636876546372424
0.1953565214467966
0.08015520587902708
0.10880065063838487
0.10579440470023116
0.1854599882102131
0.06830931127186643
0.13787056218134036
0.061126694377558265
0.22869355471666145
0.05321139336005347
0.051593513534722704
0.10592401378313879
0.03300555872059648
0.07650771621144074
0.05745183457011059
0.13995677705603277
0.1803653580856766
0.08949684466692312
0.1578851213467651
0.08102743052077896
0.0669154809684168
0.07889946613216939
0.15091553516519182
0.08699262462456404
0.08413889366505926
0.030652451354867737
0.05930786898497103
0.18770559037254958
0.20506822969918231
0.15158928637348104
0.150714075529995
0.19202143605431965
0.15337146327170634
0.10361755896430784
0.03793869519943564
0.1423531555247648
0.06533798340696637
0.23228263563494847
0.1135440500981229
0.06614420997165997
0.07886421748143742
0.0735741944746119
0.06198182202908798
0.10109618734591184
0.1755238456467965
0.0682979801889095
0.11926400851249291
0.12108979832213279
0.1039760396183646
0.139755397852315
0.15164557147412638
0.13916040163935045
0.06689285585628373
0.0432699301450219
0.07051450414218034
0.1325177287742895
0.0675904462965467
0.21035650122679084
0.11392082864177326
0.16150188130972615
0.10008235744437918
0.04891692357371409
0.08567134994066952
0.09412705741500327
0.08069807517360884
0.07388326606926893
0.12540699009425788
0.09597386976989954
0.1026640074957489
0.09048211052258785
0.06615083021325564
0.12874551265621556
0.0905326689631112
0.12235999072135155
0.12155987507534231
0.09354581202290617
0.10933247696569645
