0.07853515050563376
0.08093268766511902
0.12637128927492328
0.04213533914822402
0.10911016509726822
0.21295955733077512
0.08967335802405244
0.11044811450078079
0.03681388797480142
0.13735163503476197
0.10787811791630753
0.057105120795310174
0.04347465582682787
0.05202682746972932
0.06503246992381424
0.07119552061145862
0.18949390237642508
0.10109503483257151
0.1298182616821272
0.13100848023061018
0.046399809645515364
0.08174771045475193
0.06749371095129421
0.07755674398162575
0.10617789292892414
0.07461374226798592
0.10876400964035243
0.2705793577137228
0.08308557442854568
0.05995276923204167
0.0976020633072729
0.10735071759574558
0.07322922133012943
0.16501196750459746
0.1160879002993494
0.06798124390638347
0.11068980672789085
0.08011538911012092
0.03300858210176105
0.13583728316494015
0.14560823007235482
0.11317328377358925
0.16496278021760752
0.07836940437897412
0.127110566593513
0.09976249151927163
0.07364184804899475
0.14878750951341663
0.08712469493914379
0.07571790282665865
0.10562096035584795
0.14009049331116763
0.10946358822869588
0.06538432288636213
0.11718718016847476
0.1130098896640234
0.08131047596986211
0.1251111815675863
0.10570534636720663
0.13658464070800375
0.04394064550716864
0.1764593564282481
0.07595580928975407
0.10285591142415731
0.09255249824890362
0.11807614369542978
0.09872199268697245
0.08823742251936309
0.11863450358214313
0.12830953264118244
0.15758672479593316
0.2416494016811901
0.14213038142525455
0.068537611025531
0.07380809600835055
0.10249848707286417
0.15162259436153466
0.09314161600375989
0.10742441445661562
0.06870119347955678
0.10966892934653974
0.08179032027039741
0.14805071449635854
0.1153051158962513
0.08581152585982374
0.20492271113091182
0.12106438732154969
0.046429815545857574
0.12008333854700014
0.15425984768536757
0.044503542619711116
0.10095223351870798
0.04557716961050999
0.019009107692402934
0.09345484997918536
0.05247382020145661
0.12068235240144562
0.13088969983474202
0.0954202728714058
0.11981219643939706
