0.11353978014832698
0.019433669773448268
0.055627969753633336
0.13069126192844827
0.157345253263525
0.16482756514928337
0.07709987476706379
0.08830551344050191
0.13050772540140604
0.13282690772344974
0.07945764829634767
0.04676957906535812
0.10120402931525047
0.088446515506264
0.1550056638257626
0.104490580049627
0.1384377112452271
0.08664307436105073
0.17278973916474005
0.06445689592048896
0.1143334930422654
0.12855877816439504
0.10731386938519448
0.07996126715926656
0.18488012682022648
0.08759906558597433
0.10132471085215694
0.11521114589612017
0.13684011431494497
0.154622222969941
0.16746794553037694
0.08934120104910087
0.1479444580949435
0.11380155063311531
0.10810390905376928
0.11447998984995353
0.05470103358902896
0.09271173704781684
0.03558362983320356
0.09071427397072371
0.11032263111148732
0.15297713492097403
0.16190023212932814
0.07496929267205246
0.11443097287372565
0.05088985494699875
0.10565051215913543
0.18620706583282012
0.09272783500590166
0.06283282243091512
0.04716918698122747
0.0459024935609543
0.09906263307822172
0.08046977897280322
0.06993461322972785
0.06686728931806725
0.07025445975541776
0.07016449567195346
0.1799757556332625
0.06624816731403035
0.12660973235614228
0.11229812384505211
0.10881383196877903
0.16531011320916353
0.17284832429004496
0.11946192235711746
0.08008505764245076
0.10333084564313127
0.15176122482547427
0.06908444357333726
0.05070584153270155
0.1397593804362925
0.0951532927230722
0.06703436148037009
0.13871905755404315
0.1457697337951651
0.14247899727882182
0.10362388183091141
0.18437080904447084
0.07979548820532055
0.15994802805254565
0.11723716594791746
0.04865421426812573
0.15066299146738693
0.11074700727610001
0.07973219291900493
0.11371433341288027
0.03322483363883745
0.13841725040916292
0.09314997131813463
0.09581064650778424
0.03518708090468505
0.06999893831421286
0.05776302577631816
0.09011370329496218
0.11592806082416666
0.0990513002775055
0.10766988624926827
0.13611750316440843
0.08510232842257755
