0.018782120874881066
0.11254975127189487
0.10932949413261378
0.2124687145861826
0.07277768438633354
0.1380750414044466
0.10935501438351158
0.09331746534880968
0.14030848748962374
0.1701809673561753
0.07237636503675689
0.07023541156450494
0.0574539387621168
0.11039074634530352
0.13541923462625094
0.032363867091342674
0.06482250150751735
0.06162631585931765
0.09446508805693
0.08301528383446236
0.11493210425966341
0.09758739865076764
0.10538987914456754
0.034161347994799356
0.11360918912096235
0.04443054915328853
0.09825097020918871
0.14371893012169248
0.16041374114031265
0.10360558971140184
0.10878565864408424
0.1016667705376679
0.09217996361189276
0.06663416604670168
0.047838216302262544
0.04728956526219548
0.09033787183281923
0.13032071499154022
0.1491541775880218
0.14909660309749195
0.06704718285777268
0.10086323491880277
0.05648723315464443
0.09905227451469238
0.12056550037750842
0.10002615603145765
0.04321152564823584
0.06492725704105716
0.11239855469304302
0.12650098760529602
0.12005652539541752
0.07156114320047548
0.15186258837303884
0.17177843760640726
0.15887805285332135
0.07430083540987127
0.08236010346644373
0.13609486012231395
0.11610929002838064
0.07396339234388402
0.10788036883567298
0.07347178358569978
0.10634561845824486
0.1330215939424129
0.10007202984801496
0.1558751004216289
0.09095973735258407
0.10407568611058239
0.07469716529713293
0.05219370181431662
0.10475945112843345
0.06726711629354856
0.05621977545157692
0.07225620617013281
0.11958660848748094
0.10276586826909997
0.05774393250325255
0.12554534024956948
0.07681032127904988
0.10261827811136306
0.05871990360076035
0.049320019052801006
0.08345888141252558
0.1041667719358466
0.08597074152101743
0.10107010740398391
0.13307666951829683
0.1022001772725085
0.174967083440584
0.13116398742074784
0.07917940597357799
0.1218674359746199
0.07757166612089414
0.06636947573934518
0.14946713750212715
0.20065165036466379
0.08851703120189797
0.06235413327259944
0.12455233301168643
0.14814310129277625
