0.05642876428848431
0.11152037334079813
0.0723560442025739
0.08373691784165171
0.13637394822932777
0.13255783842495325
0.10859296418186816
0.07362281054584703
0.03599144504839493
0.06497368250242294
0.1148223089329445
0.1393553357218019
0.07273043373332849
0.08980449922919541
0.05909065273214245
0.07100193830332667
0.11518268744000328
0.04874129150824636
0.11173273773573786
0.17026024112751753
0.17408863970484173
0.07489738223183638
0.07557836000877578
0.1141923134476028
0.08128909961525302
0.10924158919029275
0.12003894165021531
0.23055398704385482
0.06305415338572117
0.11291374810910572
0.11254032688914097
0.15385633808394789
0.08204146347067397
0.059262514243646605
0.12371883740733339
0.11339440066108145
0.04890722209795408
0.1560035333983903
0.10661488022073971
0.09249466576743309
0.13986840352188668
0.11077273836027185
0.08010639275634371
0.12204165757932565
0.0982546735704694
0.1488742135031027
0.10045375094358147
0.10122475313075364
0.10171657168074223
0.1056439478696734
0.04126836050656109
0.1590746972623949
0.20530975743516616
0.04031198044787432
0.1627376167439928
0.09752313308892926
0.08981400801265578
0.06687997379454715
0.09735398101684914
0.07353701517902016
0.041943203023856714
0.08772149289416933
0.12304053649037296
0.0672450112745694
0.11918142139005684
0.10055831124574129
0.11279506990303789
0.20495320603191028
0.10921374515455103
0.10021089692758024
0.1293459460957411
0.10680523904238902
0.07239710479505726
0.11384052393296945
0.1203530976690005
0.1809422915611033
0.05859166055941375
0.09671880061007145
0.10905664929561505
0.1208705858484721
0.14521218697627783
0.09881538698649532
0.1521964737041185
0.08981185698821821
0.08270823512945043
0.14970077891779923
0.019764916183664074
0.06639537378430758
0.0888571790921537
0.07926368637046222
0.08083302057014534
0.15644673468750445
0.2127791293028902
0.10754644412148875
0.049049331052754594
0.10880958941498577
0.06346363210484235
0.0728449051341877
0.14420477231945686
0.23255691323575822
