0.06100287396125761
0.14108942166501068
0.0780818784437574
0.06074756217544697
0.08262085992544305
0.12405670068499314
0.11724376918423679
0.05360193096417169
0.12612299645563885
0.08005826301859076
0.11255661215600896
0.08284424653268903
0.09304265265198104
0.14254378405543316
0.19893830356022218
0.09354581202290617
0.11444454845232793
0.0642270028326959
0.06877476747479246
0.10409959800329971
0.18565132895758232
0.0664007546004901
0.09356928763606448
0.16742896171311972
0.08046355470731245
0.07682128968464676
0.04617531909190415
0.11813541129876436
0.015182688622976837
0.1331738649670209
0.10204413970445567
0.16594419392905496
0.1204444760040622
0.1447045633035703
0.017842372230633487
0.2370257192083416
0.11345297759943898
0.18142119641790228
0.030652451354867737
0.1024367900035496
0.03689107134502811
0.0848900813235692
0.055418867261935956
0.124621433848841
0.10140928738561045
0.047217554461192655
0.17479743091824687
0.14065448754613388
0.10136512550964115
0.05280919844100782
0.11392082864177326
0.16456033586173352
0.1115310207504084
0.1123607373083785
0.06625956770321752
0.05209990727413061
0.0893498212638926
0.04421526476503295
0.08911221450996755
0.12696286595941156
0.09268734669319803
0.03284814781112517
0.09404652508818426
0.09936729421194114
0.1092686806610881
0.09838415269638116
0.03704181173162372
0.2137891757064718
0.06607105431428234
0.09768294265626555
0.0555274190521673
0.09099109167785809
0.10839060550546062
0.055339104166678754
0.13047676133572697
0.12655139819428304
0.09341913310870532
0.06312982978482093
0.14636876546372424
0.14045432575752942
0.08367601029753097
0.09168501471304548
0.04476183454964694
0.08096715657066708
0.12984902978505905
0.14901877208806955
0.09994576505427566
0.15354198013939224
0.06173777658704014
0.057289292156289445
0.06300930410838436
0.03529400276913889
0.12638976845996783
0.12522412140396078
0.08994264771879364
0.1578851213467651
0.15457630783303766
0.10516251541197892
0.07542544176674001
0.08975121489592693
