0.09894384234020306
0.12084086388419071
0.07634829999361586
0.1050449006828424
0.0703531691570201
0.05114275189567087
0.056188873846692945
0.0806932771083609
0.14864006571835991
0.1018602046655474
0.09907790933805043
0.12154420082684915
0.12054294934131876
0.06352206588629239
0.09609025977976342
0.04700872104734405
0.15594198698153997
0.03284645947859773
0.07041280900015452
0.09914040843421947
0.09278893542407632
0.14179493732440598
0.12453196417840617
0.12527420063283806
0.16188064875677757
0.09716954623024933
0.05283456103708955
0.0885767910862383
0.06690241177080539
0.040935779853093976
0.10428508067798715
0.1213155588567882
0.08939239813968412
0.07219148178188536
0.08968386810070227
0.10869072014645878
0.032786706920549885
0.1653622170983581
0.0944326913939497
0.10177800065463696
0.09923901748336111
0.07670323733485372
0.1288452407569358
0.1965413721925452
0.12139928881208271
0.06852778158305323
0.05796532351400488
0.09332088966201724
0.0744052853933595
0.10740535609939646
0.16586240020225068
0.03528176409056431
0.08973025338873766
0.09156487180613546
0.06607709695344686
0.12656910904249707
0.14321427565695433
0.04816435416596466
0.07180140278014739
0.11007826267431275
0.11156478114901341
0.03496746768122931
0.07532041346371861
0.17210713828352542
0.11213254472311843
0.0531419352708298
0.10187384573735433
0.07788415946286588
0.10744592521664151
0.12442676625121143
0.05234647820454583
0.17991064751358407
0.0999361827653157
0.22528562540008631
0.07072865693333023
0.03734033747090465
0.2135438570503233
0.14174365350724544
0.13264039405338646
0.09981695414920613
0.13224278050168073
0.038667064628982624
0.05201925578398054
0.061013676003330894
0.18505097702170667
0.18164394275396845
0.07069387383716887
0.06614178095593515
0.22181630825077192
0.11022321445098952
0.14225681829597972
0.08208298193537594
0.11107568731099111
0.1100791576128788
0.12079060657904281
0.1012178773654645
0.17970215368349912
0.0914157858364369
0.07067065967849705
0.06064331532031369
