0.03966018798229843
0.11296681236983869
0.07040495140224816
0.13521511062351713
0.05711115074576151
0.11808024047591763
0.09142018905258405
0.14363149740761308
0.11915659734036486
0.09229644762867584
0.0880091730324767
0.1199416466654548
0.15531300652912358
0.03236217469424929
0.08138824751364478
0.06971511483990057
0.11205659158683143
0.14729866384635015
0.08183978251012787
0.09860708727540993
0.11974303382580923
0.06267640953914957
0.039236018953573946
0.07045603779308761
0.08934202503621107
0.08919714851167312
0.14366709205973358
0.09179331105661087
0.09007710842238918
0.10381853167331659
0.07707950301931446
0.07128634106863313
0.12406024354456344
0.09213290909670441
0.07792569309957542
0.10892570258508488
0.1106254308553973
0.11899116531454397
0.06302551920485056
0.11977507139659825
0.11724711389845491
0.10552297496762245
0.05123654577443106
0.07389188250951305
0.12334946637775895
0.10838189030490074
0.0659616661963102
0.1695241235216453
0.07498984240202604
0.13188998281261907
0.08862948820235156
0.15416659032623545
0.06089390661545744
0.14162943326163158
0.03866398599658711
0.12463826897643523
0.11586022819674055
0.03271597467186833
0.07065558297764511
0.12440085549387715
0.14741287852770188
0.09444643472866585
0.17331309764952868
0.04369484310464048
0.13274377328983394
0.1276149722293152
0.1261559916396321
0.08178810734887841
0.054800028108968134
0.1141457944775796
0.06870546856089799
0.12453448065983576
0.10526011660881734
0.10587695119370763
0.13583458456734568
0.09571241529582969
0.1326827350185642
0.09085368783673653
0.17517020940735795
0.1599754887105475
0.10879454883933735
0.10532995931575602
0.1164898593556016
0.1258304547119844
0.19189999436684477
0.09841024151599619
0.1745044622306495
0.11066073097486143
0.0955782555785286
0.080096744249887
0.09065175827966504
0.03771218050713743
0.1021093145557425
0.04398297353167611
0.11294220590146517
0.10239892736098348
0.061928241171842674
0.1433320411986177
0.13436860030021305
0.05654523353225708
