0.042649660034074076
0.19159945977705783
0.08263811035652835
0.06392511475958707
0.07516791482480212
0.12444576654883348
0.09745163046972471
0.12852276135011623
0.08090761947205731
0.1393216089121099
0.15365983326040625
0.13133118007026032
0.11068160531608887
0.06641683681659251
0.05482416906158265
0.08340572221961387
0.052653968385884015
0.1488167014904139
0.07301062585255488
0.08852842426899722
0.09410196380140873
0.10036680573590334
0.1132490175429656
0.11151591021570643
0.10924312778934207
0.08946105391416509
0.1596345421282675
0.10566866972821527
0.13477569608865494
0.07298538021061886
0.1257469754445449
0.08389412606302594
0.06473500174714132
0.12049984385358331
0.11854465676112232
0.12511025726298913
0.15702042510382463
0.1389222058819539
0.09045947685180966
0.15090144440335526
0.08193011914189664
0.08275302394518791
0.14294881656175584
0.0827542014947388
0.08610145377470055
0.1753125111755228
0.09005184229424955
0.08752492467975692
0.11111862925181883
0.04679337265501313
0.17397168743750727
0.12713616133223601
0.037281963338760285
0.09910073684710796
0.13467791522246023
0.11198718579852733
0.07344701227328884
0.13550399412801373
0.09129988683220795
0.0944074594002991
0.0857139784976559
0.07392601721920211
0.1419917976314727
0.18660191540167748
0.17495254906104893
0.0415190448236919
0.16380083635016443
0.10590114573458649
0.1679974332149388
0.06424647412859917
0.12414637669534431
0.06296974643174827
0.12422105477557377
0.11751511671116478
0.03926235248523831
0.10967206825385395
0.08530968128528028
0.07651866165949008
0.10166756891479128
0.26990865385399493
0.18465198184422518
0.12800478327136314
0.09875903181112242
0.08326352182815637
0.07928430517609468
0.1271952691996103
0.15966224117689062
0.032672597481321945
0.03283912230243156
0.06134322074175077
0.14928280338362557
0.10189799935945515
0.09166249021376825
0.03327100382227577
0.048478858942628794
0.05844024321706156
0.11241843343721532
0.09515955183197644
0.12629862354830623
0.1794799385031998
