0.07734181314011596
0.1269261268493189
0.17647278487384274
0.10109503483257151
0.04287388530323188
0.08921387068869299
0.11034121163724717
0.04814946411802627
0.17415692612590905
0.10642298809365312
0.08147251970210348
0.045517038115200074
0.09018333056647454
0.033074382842157544
0.1321468635233466
0.06519264345776163
0.13740512506568922
0.06672396752423985
0.1345223534900015
0.05780124652003457
0.1301954864705145
0.129103057457019
0.10881408765963373
0.1481585881561886
0.0576883255401749
0.15822178434868153
0.10171015146410463
0.09640444166738334
0.12861049266507338
0.15646797457048525
0.10080446804411601
0.08199795727233228
0.10156648558353144
0.08308557442854568
0.04047699840837603
0.12122136900631474
0.10451122683684098
0.07232282379309514
0.07222230781715332
0.04226589764076166
0.10328795221411602
0.13812625774443024
0.1312243764322225
0.08280774767187318
0.15024268835904267
0.0951441254939697
0.11765200309053982
0.043794954884454645
0.14560823007235482
0.16320256906560873
0.0942134758306877
0.12248539056323937
0.10196382780398425
0.18741394850217535
0.09069913747096349
0.07490846493507744
0.08072230742993267
0.10985245994175524
0.04166005876032969
0.08978062233681224
0.1880589329738385
0.0769016492776757
0.06596339615209966
0.13574379929399066
0.12319297550935449
0.16501196750459746
0.10720651198634752
0.1694941101958928
0.06271969278123336
0.14018688347216518
0.11786799076218409
0.06864295728730196
0.03295645346639474
0.07755372726841825
0.032144163881564956
0.079335192697319
0.07832574984416965
0.048504922567669986
0.08475807695614336
0.110958084267923
0.07836940437897412
0.14359846681342928
0.19886211105404794
0.059201784528897
0.1386998659326852
0.11689478126870666
0.05662179763456161
0.1026211016466584
0.044503542619711116
0.11525410681194105
0.10310195936729645
0.08031242941451018
0.15918196015582126
0.07757316455620039
0.21073432783206333
0.14178802984531622
0.15906124997929602
0.08063847994236342
0.06616168980849679
0.11465344894468048
