0.12850658108679996
0.12607876894161735
0.19582819427996395
0.1746812740694219
0.07166120024541689
0.0791332360848759
0.10524277046194346
0.1572562173996757
0.15843550564551026
0.07695686453874553
0.1445488875627068
0.15685068271567396
0.11291908265156314
0.0961646528724174
0.10192050813791595
0.06273083028294753
0.035393041083109936
0.11849064091445285
0.1071422127536363
0.1360211149569299
0.06382543896507996
0.060124208003055124
0.1659769553727932
0.18392464479282086
0.05426714311466092
0.16990647975557097
0.024104553613447693
0.05422380080795088
0.07366952837411762
0.11305557324190836
0.0888456965786594
0.06579266420382171
0.045784375274776926
0.08874884986914984
0.08410587848473787
0.11437826633785064
0.0832731199910284
0.05274414757862465
0.08349318207269772
0.05673093037558901
0.11570944368013648
0.1383912623604208
0.14760228220505253
0.08376019363071054
0.03694798670154009
0.09742298641819293
0.16095160383883017
0.11367113254932708
0.04471884105180535
0.09354434048434107
0.08147470807274737
0.07672599622249865
0.06695618568249517
0.08100842739129854
0.1471288468199014
0.07185665349191477
0.13871844367301997
0.10829163729926408
0.06425082462195768
0.03670988899296194
0.13877351565043097
0.16147142070604126
0.07929881138833864
0.0390080003574732
0.08722920480308978
0.10711118830577573
0.1051560189453512
0.07711587625891851
0.1385101907242988
0.12368349504199357
0.2097840378479763
0.14857156075759387
0.0872809172247865
0.10429510282864984
0.06518892621519999
0.13538911254780878
0.04580355171692045
0.10113792021655102
0.1437691362928488
0.0935568142427152
0.11697832752048187
0.20020807200551655
0.10540805338820347
0.08062540157852723
0.09552215246710086
0.06408178629252755
0.0985114641490141
0.17302182340478872
0.08918536037673205
0.17234186877120888
0.0752516412981577
0.17498353616324142
0.10118161802963697
0.07021334175691982
0.14156512159392642
0.05084070219037504
0.10464750904971612
0.10013580331890627
0.14015937369311418
0.08208669321540123
