0.15914028053833762
0.13636627485799527
0.14190305418447144
0.1612180756998904
0.10595768197755188
0.12901390652220393
0.09203118894242097
0.15585025875202327
0.15650690980488557
0.06664382583989922
0.11132927837422812
0.10540206714869897
0.049792358484074435
0.10013389059981447
0.09851526014445759
0.16204031082778553
0.09843183634984956
0.12460371482608608
0.11093937784464207
0.05173481586399111
0.0810637045827127
0.06913628741514162
0.09242724677554956
0.04281074615778511
0.12750977875291436
0.08749109127026192
0.12601722858436185
0.06452954988236616
0.04165979190837506
0.07662294217539846
0.12153720489634694
0.17787010603137068
0.11071400651167497
0.0979879242288231
0.12179627149138197
0.07091154530409738
0.15237649520894989
0.054164067039406
0.07877062822309976
0.08006049520488824
0.04800053463752082
0.06981700931515653
0.08195959524362179
0.13518439287935086
0.055983649638357134
0.12376640628014215
0.16575682453122695
0.03528321927150825
0.14415800099551312
0.0882598388555759
0.0889064662835687
0.13776163469423103
0.14833254153643752
0.035977586466008106
0.035752844311482464
0.1103771904515934
0.10172019294285257
0.03609926503391033
0.11718473378819796
0.1981762983635809
0.1112769154797853
0.08181348400356989
0.09927189957623243
0.13841876888509472
0.11021351704429866
0.16889697800158335
0.1309562354751938
0.08674504668468859
0.10509060091986062
0.14704421579391005
0.06591221444363123
0.04661234377611125
0.04889944984645394
0.07086602626584279
0.10466877132881788
0.08376584783782917
0.09694679999103621
0.04247823019937668
0.1117298779893676
0.11642225727003992
0.16684176032971695
0.11730117145990723
0.12995370781637378
0.05545386325214792
0.12523138066407485
0.08252405280034847
0.06971801101705631
0.06035740126016013
0.06428531046032623
0.07094556546377129
0.05172271657313967
0.05752658229047407
0.11032033884215527
0.0817872144511417
0.2001939369600797
0.1278411025301693
0.10831796284646719
0.08978739769466648
0.11625554868068974
0.13774708543350056
