0.13609389111420922
0.11705832202470168
0.11593794181722099
0.13038165257168755
0.23150276986389617
0.15282144971908543
0.04244507421869112
0.16578809230120567
0.11065479121820139
0.12996847485019855
0.21913763836467995
0.10708149724607789
0.05509492058686483
0.12757963728361843
0.1923346676191451
0.17837861119628082
0.15330213694931796
0.07913516052809734
0.08880561599312527
0.06579374803588976
0.12306536706848932
0.0944672300557522
0.0377790130351968
0.1512699622611332
0.03964213847947731
0.10067229731801726
0.15343869422219178
0.024077477322636074
0.12070065229203787
0.22082026562866588
0.1182553784882094
0.15025596795638652
0.09194861706941318
0.14976673474404106
0.13336473905118149
0.040932989922093425
0.10628577260622968
0.12105672545807292
0.06393453277744124
0.11912857293455742
0.07595586654695125
0.14465989346597324
0.10194305021899414
0.11822973733623948
0.16892911520690412
0.15513247196743682
0.05795177276757872
0.1744635424736167
0.19182332647316228
0.12617285762147648
0.15302630758589603
0.08313680000908784
0.04395102631986877
0.12918694067898748
0.11441786190989305
0.09611303633187594
0.11771175645441434
0.05084678862887034
0.1336778237632205
0.07209536863289022
0.10673086280424941
0.1564014017984738
0.11547048839199281
0.07132643962328433
0.07031836611473714
0.246230662192567
0.08630774452925147
0.10105382172984669
0.08748104091025109
0.08792473769156933
0.05959092528119773
0.10988984813011653
0.11764736868629293
0.0735365336272194
0.07734311130769153
0.16977812548994836
0.15787659415730546
0.04460303126064816
0.0347826248156591
0.06161039077383054
0.09448548492045439
0.08970887623738379
0.12947779228206835
0.1445016212696653
0.04254616645083223
0.1713732987308636
0.05351110554495166
0.11929443719246526
0.08329108839259523
0.10856183658717024
0.1856833371229181
0.04915584788180091
0.1455409890987208
0.09540848505157207
0.15153513252114142
0.13288922394792352
0.14174417264617675
0.03374400258958187
0.08619731128043104
0.05603424754013306
