0.09861485208122762
0.12356087606634547
0.17783588022549315
0.0969129647544126
0.13987742418267485
0.05867952933646193
0.08103500698657794
0.018875524884560825
0.17361315915564668
0.06506828963949482
0.14868771760482086
0.12909801400572882
0.04421074056041989
0.07578114814415786
0.102792038938879
0.1075532508992374
0.10095423290616867
0.09358362783016916
0.11571490183664547
0.12048985377162026
0.17755976564545065
0.09778193619243249
0.07598658576994081
0.11692539635414911
0.04987243286745876
0.056415235612487256
0.10160990332124883
0.24086266253218527
0.12912643058536208
0.14457090048798235
0.12990467104702683
0.12597310553919785
0.12134324047158994
0.11312210376703112
0.08582552388541556
0.1161541670501604
0.11023330790613313
0.09664153298595053
0.15338571994225325
0.06360967104730315
0.06565088325080372
0.15946187968709385
0.11935825039744381
0.11397753334804393
0.0984549880924227
0.25955559504692954
0.0819531304376646
0.11584354070156433
0.10489079750390055
0.06658755745682803
0.10034948449041588
0.15119458093613453
0.12688744482504
0.12610933395834942
0.20942994481258248
0.039470969201984826
0.1212620849972447
0.1468038431469231
0.034331922680575576
0.07335915228206935
0.13452694786889763
0.11914454106901683
0.10704913226105232
0.129164754903199
0.10321306735661688
0.1318953728580957
0.08760532512794048
0.06415290625131109
0.1404147766993923
0.16647424576927067
0.16563972852102912
0.07446010920481808
0.12091195812913308
0.06663712674969394
0.14310548359597303
0.1402016267482475
0.14125202689724708
0.09847133933106635
0.13848744447472172
0.104784380888298
0.17871468789451167
0.11604014508078522
0.14193306410888915
0.08904165021107671
0.08031543261665718
0.10258982185795694
0.0797722971126119
0.08615009521546546
0.13774072357677827
0.20345925217057811
0.049244043184953804
0.07173014118545944
0.10494898095418542
0.1092585505302696
0.16139511651294464
0.0989257840645382
0.0699258705095893
0.14551325783781158
0.13827588021687118
0.12471534438322389
