0.1798214266152843
0.08948393257992683
0.10864504835136926
0.06194962101216845
0.1762041916574461
0.075944413492972
0.22174132191328724
0.09258851731862743
0.11458863642251567
0.13955582845335715
0.06842253530038661
0.0963027171348914
0.06344246995840366
0.02987566121955429
0.08814013084846732
0.07590272405406741
0.19286676522285134
0.12514311217592944
0.07565999581289191
0.14202342544295374
0.12148657384979586
0.09738783715030708
0.18926433636421375
0.1902153618697629
0.16194227131801384
0.11892110465876221
0.11204614048188906
0.162515243935631
0.11014309623529678
0.16841797205597175
0.06115268875864049
0.1556258545147345
0.2148808855159083
0.12129819741360562
0.1537746345467431
0.09960857666671498
0.17796270917844184
0.18089320667710773
0.06861388091931317
0.08224117050994618
0.14540673199667845
0.10289914333008546
0.13033284601956036
0.11225095728540417
0.038055679251084044
0.05222621215127676
0.14045106837318738
0.1678530862458223
0.10463751863013052
0.05652416441738157
0.1402103118582506
0.19532923249097223
0.10201303757501501
0.10527602388563902
0.14873390176530465
0.04116935828329385
0.09669173801173465
0.06465745865053693
0.11126219857973796
0.08631515415487254
0.1187952295355877
0.015611696030536817
0.16989109084805448
0.14108321922497588
0.06606621494621648
0.14750576632618945
0.0812997745987557
0.11701259467475948
0.12024794072327592
0.04639422819241195
0.12989120960498077
0.10318224648655121
0.11147785187864956
0.12451213402544783
0.1453443339792393
0.14725276693123526
0.120390196294229
0.06885126163214803
0.12335107912044756
0.11511128763128764
0.08926950664989423
0.2294593912725128
0.15483351030394218
0.05830106759396618
0.12119962224645486
0.21545756421882045
0.15742490985277155
0.11006227036934144
0.051527476701587444
0.12002369200101946
0.2136745054459573
0.07640957665668549
0.20814048998227574
0.1148848618736734
0.14555717929054723
0.12219440332790646
0.033977391161397974
0.1256940338906469
0.17354056965440698
0.14101272241240034
