0.11065564205198454
0.05656394882736325
0.09627057463833105
0.088639945747602
0.17571272798212123
0.06404760266030189
0.10723201039939982
0.149820810072996
0.06880641261434818
0.10993770643176742
0.07603521714092339
0.1657801983673256
0.04680445674267853
0.1869178476841545
0.11327405847095659
0.07184210671291529
0.1895123378159385
0.22381005984162608
0.08266666284732319
0.14521490924970823
0.19212384561542067
0.10304876757164115
0.10110409617326177
0.17644670758052844
0.03370588811539717
0.11891657972030414
0.06111590577764658
0.17552197400358469
0.1710515027432173
0.14574641991670093
0.24869830866662176
0.1329870380787004
0.12075920333995005
0.06563083739456532
0.1383367455954117
0.15571311835665486
0.06674731530897832
0.06331201925647277
0.13880697725505942
0.03293211171853319
0.12074699997567914
0.07270578130551286
0.10518973672309283
0.1375899741822091
0.07804225749186643
0.20220982062510484
0.08135040881958587
0.0432414872120869
0.07849369516595622
0.15161437748085427
0.08696360062692891
0.03760376603401837
0.10234404509678281
0.08102178161121751
0.08057432350377831
0.10414793055110677
0.14573724546698882
0.1477231562076119
0.06481947941287959
0.05477759922835421
0.10026289509344662
0.12291684655852367
0.03623700646512615
0.07199909408592937
0.11175381092059503
0.08574235879501849
0.1288914579934886
0.08458625938766677
0.07945685834008019
0.18556388124126127
0.13414699349715453
0.07164769915833445
0.05595950355303398
0.13938140122275502
0.1152712372616236
0.05686282036692654
0.1441203347255577
0.14321832391503897
0.1253807022543125
0.11176050056120743
0.12301940088586219
0.16626559933598653
0.06594773340847675
0.13328619528951732
0.06409746697256288
0.1547057220328931
0.24327176554991
0.24531910725178016
0.08747842424729184
0.12067193427149508
0.09602712476006361
0.0673030818640507
0.13433135159822382
0.11924040704783904
0.08607569635496405
0.07034148661646464
0.06803516733172113
0.1485311016913474
0.11234984242058381
0.19724326747478368
