0.07678038614330258
0.1359219494720129
0.11514491266050411
0.11545804873526105
0.1424781983890959
0.1429918073308835
0.16157645142939225
0.16618315214140308
0.0737345374911508
0.13133135453980016
0.10260167003639185
0.1690500684612612
0.15738950128835713
0.12488057587720497
0.1428977207424467
0.12602362927013314
0.17750245057068226
0.07233268627905029
0.12194569965795549
0.1409201226660163
0.0481010655002152
0.08004502824889538
0.0981245460228048
0.051838517850223816
0.1560314244321854
0.14640827642873339
0.10295587993409289
0.11457870140638653
0.20936111636292273
0.1357210712450187
0.13368865212267803
0.14285770907270942
0.12162659942857494
0.19916149304822475
0.14473584985191937
0.08716048043690759
0.11908689202829063
0.12459507934365811
0.0642766296364668
0.1039747005085354
0.22403731212575145
0.0715575335128241
0.1377785304523411
0.11671964063420033
0.1451573990995836
0.10076725811256765
0.1463945377842974
0.14877126033707183
0.0789605635780403
0.06659840006329593
0.08035913377784472
0.1000958989044257
0.13809739012803415
0.1808450217751395
0.12008068981243634
0.10397160517407532
0.07913839088026882
0.09738313600865302
0.12437408216460372
0.0813989686250375
0.035868925642817615
0.029974966832614577
0.13532549999506271
0.06727146156383662
0.1119378557951581
0.09834519667204315
0.18599680263721824
0.06349426973125417
0.24815527236298984
0.09453389345291166
0.059249951068884955
0.10161150408925891
0.12964540062439492
0.08688906031873503
0.08816140171838614
0.14399989283045525
0.17827478270002375
0.08093496082642052
0.1421254147522279
0.1365540015194965
0.07210970557342292
0.12224081408550516
0.1858799184445522
0.17217923917214506
0.08915075517610936
0.07087140159960419
0.15540808377726317
0.1563364548548298
0.04007480771023793
0.15246471818266533
0.22713741347700583
0.09463566989944988
0.2224865306509195
0.09123762530100366
0.1540245248246185
0.08857767924118906
0.16263902720719103
0.07443286750990336
0.06798524311405298
0.11683125709290633
