0.06381759235195025
0.1627560098340904
0.11282007619755996
0.07612776669022567
0.12086611269998718
0.06097100565909942
0.1538171675400954
0.16587298160292013
0.3228539749882439
0.0730978191553639
0.08439375767806323
0.16234910099233693
0.2118665496193574
0.1380998067683212
0.08691641807106797
0.11425868948765631
0.07143098319950004
0.0441515335900075
0.0864901299728578
0.19004634720665037
0.024094181873677102
0.24116207291965552
0.14811326755613943
0.19813402500141897
0.12607078522188178
0.13980286942448017
0.07201684293651592
0.1497658445082887
0.22763402404032437
0.11356680005421418
0.09872184745789193
0.15479356644817246
0.07135602094723953
0.12386745102173913
0.06727943724829524
0.07042122239619752
0.0571071084614361
0.145007284548618
0.183373238878239
0.09027641268939839
0.18868666773612017
0.08568685377848512
0.1665445074754014
0.1505788350760153
0.10460782348443147
0.17345930493849698
0.15988482282431035
0.05898540442668624
0.06530705397046148
0.11584288961566219
0.07582319512121159
0.1454727513608688
0.1360952732895007
0.058845573778263306
0.07255480296366056
0.06988474916684119
0.05290780465082781
0.08050562535226058
0.04277984943316065
0.2598949289482048
0.13156212248034846
0.09084633937091763
0.20146177264127413
0.15370311962483957
0.1256274286601775
0.12921875083050513
0.13898765119968715
0.1927127856568496
0.18631196104697362
0.1285866865869373
0.18577038245713093
0.2361938235139146
0.14995804892520173
0.06453475330982288
0.09285109403582495
0.02965978225191191
0.16879301237891597
0.1553939389199738
0.12644641721447855
0.11845270127377941
0.10601751148780401
0.14540614468576943
0.07286290712548428
0.15024523934604792
0.07710916399014041
0.046885778849889474
0.07971567998160495
0.06615812283954012
0.09250523301866281
0.10157065397107984
0.21786812830605237
0.1560838243273068
0.12770208217387355
0.09725025918449051
0.2693015302342452
0.13665138486813275
0.10408179729077383
0.2288332766780018
0.07413991104468481
0.06205854569043327
