0.12760229134211312
0.12149242947411917
0.1455795225628186
0.12433592836234525
0.12745582749456655
0.10838012805625813
0.1027513102918466
0.07303981303879836
0.07518061445360388
0.10542849341920492
0.08358077038612637
0.01567800908535884
0.11256260505728882
0.18197336093685287
0.06256975721602931
0.11231093419396365
0.1073508337491085
0.08183718399653886
0.06327992160673007
0.11152367670607027
0.1644458444222042
0.1030333302745251
0.15790147231406657
0.32304696724508025
0.188711116004352
0.12409898507434444
0.1154949309316758
0.07293972530738903
0.1668563737777186
0.10211526887419925
0.1029797866266013
0.15579901452898762
0.18267648447276522
0.1518322693753674
0.11189702504095182
0.05906541923472375
0.15126904094289653
0.15119090386624612
0.13053662077714207
0.11222099523284479
0.09924816545966698
0.12626367975858976
0.039390419821799555
0.04508875677916129
0.1868400005122492
0.12525537304185227
0.024097094938312243
0.04911174934329255
0.16208439091455717
0.11468331633623453
0.2231711735258765
0.10634786292452554
0.2086296337471952
0.23924847190533527
0.14323096352493792
0.10009087139118983
0.08089692742533057
0.2028944811438407
0.14221323495951788
0.15700362901688658
0.09861045684439303
0.12415312332182978
0.09378783611598583
0.07856938666489073
0.04349139488771164
0.07177660414037734
0.08350469931752771
0.14365921223554926
0.04708954624833385
0.11887485045429053
0.09084692629064497
0.034919668339029465
0.1503033824896989
0.09488800882244589
0.11160645341001334
0.1773795892278164
0.14565023022186074
0.12368851824891758
0.053248260004516275
0.11554468270744575
0.061688585898174185
0.1936047809800665
0.0854036710363053
0.1043882339007802
0.22306633507104742
0.03817823411425004
0.08978607481159051
0.14814718204027738
0.020047033282888604
0.18923851366938124
0.14152396641076517
0.14001689280049437
0.1595475201833765
0.04200719546778302
0.11163663913621864
0.07183462682003791
0.1323625811413862
0.04735051606392369
0.08171009098071448
0.09690867656832244
