0.13386620284283565
0.16669282823582954
0.13245898203763562
0.152807485895475
0.061073539488959376
0.12842629024084698
0.10297641484279503
0.2500109644611665
0.04343628595488037
0.07060685462028429
0.18012911193289832
0.10862980526493798
0.20881151473526086
0.13846471630930227
0.16015019144329545
0.04308744483563904
0.08605156417023622
0.12417200266694664
0.05855599610041398
0.1744225356495559
0.1426712332299394
0.12120406029011083
0.18136345250545088
0.16199859518419052
0.24987796275085136
0.11375441007823955
0.1709227998962493
0.12248714487838953
0.13966290824833996
0.11404123487950656
0.11263879467415036
0.08930334089519544
0.06862394984777347
0.18894457240449328
0.07778147697658877
0.14636952559752264
0.14234419936468912
0.14376582965487275
0.07692786312744813
0.10025374124514833
0.19671542447885954
0.14564102261419168
0.14188825636900945
0.044422221060070724
0.06563325079851672
0.053383564180895744
0.03413636094449306
0.1543199765176482
0.07993870240770308
0.052554851268776986
0.07273574328208239
0.15925621949023114
0.06362421206802925
0.12465990335036312
0.14793389987373842
0.06680994172588377
0.05639644687352833
0.07875330909159087
0.14908030096835406
0.1260506907159129
0.16551652340496212
0.09803515030547397
0.14425246271743472
0.097909604957152
0.2022781681593762
0.20932638894253358
0.1545904504632726
0.06360935323146445
0.15567558316773566
0.03991815553754625
0.09123246811703456
0.12655133639235916
0.18652272217070304
0.17252729652955065
0.14172589782290942
0.1415628180111965
0.09724304272324516
0.11919381378845828
0.09432332599657187
0.12530731666896514
0.12095470491227094
0.0984727897158999
0.0818582302335326
0.16877049135502314
0.09133005436671729
0.10180326349814812
0.1514513964707523
0.11931303096309637
0.21887530305013692
0.12145212173817185
0.23405776141903795
0.10124781245581986
0.06830374633567357
0.1404202720796263
0.18748711998430614
0.09165974079255845
0.13550213229175304
0.15084923915047987
0.04728790422824018
0.15840799518682044
