0.05492431903001307
0.0738563301012969
0.13404027416655523
0.11922677444501004
0.08864231742877879
0.1414213562373095
0.13809782608320773
0.1528630400547783
0.16374442698906813
0.21006601936540045
0.1377209710480644
0.061986382079089
0.14704474614197047
0.1362131192201594
0.16788260322192536
0.05985992451175212
0.17169369747317506
0.12105874194621018
0.06388973615213431
0.08228231347239204
0.0768247593093655
0.12032165486133692
0.0844121202333933
0.12058593786019914
0.056451868980969475
0.043336427843279964
0.12757860036415422
0.0823793327070004
0.08704988136312236
0.08008900521892238
0.13300894491433018
0.1344796000731062
0.05187687408388647
0.11355815785232203
0.09074810054488118
0.15910912152341503
0.10604468699533431
0.1537855499392445
0.18183541197644162
0.08731195437661941
0.13441301369433126
0.11536672753649553
0.14462858984464963
0.13322173570764895
0.08112182639545751
0.16036778513084524
0.10870286163570438
0.11969722333956395
0.11429354271669893
0.11117427509524667
0.12996500918344156
0.12582281135207424
0.0968226012690143
0.049738485066563115
0.10664692927509233
0.09014032237524558
0.0346597169356224
0.12423619068208738
0.038483162943487845
0.16714480618577077
0.14216311767467862
0.10278869642248267
0.079309320809058
0.11702513813545377
0.07658688935182728
0.1249385816910015
0.12325909191311465
0.17508073880294514
0.07800444411242785
0.11223086247088322
0.06577769155209365
0.11097846541054676
0.07382917965340009
0.08402931441771555
0.13787206884272274
0.020201157049977405
0.12156562195046866
0.16110906774116324
0.16152465635451094
0.11675873176281151
0.16331955480520904
0.17595660071930255
0.06271540397338529
0.2315869126335564
0.07590036621975993
0.09320037050574458
0.22291317638415503
0.08442727231315524
0.1221313828274035
0.15193277225546323
0.19785335798155224
0.08097196343208732
0.036774582660404044
0.14417156083841257
0.09822222532912815
0.045560502909172955
0.1564657482737334
0.17168158378216544
0.11192670427156341
0.0665990331978637
