0.09014429378116419
0.05619300163039649
0.17575734816878266
0.10344219055445829
0.10782263617713021
0.17445127912437702
0.12925742853868813
0.09341143721088643
0.034538249001673925
0.07350726338737139
0.0730949348662409
0.1300002130644276
0.03557736378291365
0.18101669467266945
0.20179671893217652
0.12197789855485067
0.06198562898173667
0.19524093886362284
0.15132646246847492
0.18678718692598753
0.15206428311195402
0.0549046499181381
0.025761181921064323
0.11771405552660982
0.03912538179648907
0.13156132969960774
0.15300601163527136
0.09633452510639376
0.0803557051035875
0.10181554612773255
0.13496720542590288
0.13550187861463792
0.12654180271396023
0.05497943833365563
0.11483765969512001
0.07562813809303516
0.09113035551831622
0.16145612866739917
0.07472676406927328
0.1082333770923945
0.10598981217305425
0.05614911016482776
0.06365933272726534
0.10002810470977451
0.013395278730395652
0.07392858858449829
0.01538516585332653
0.22605310575575008
0.13832716596582875
0.1151115538041341
0.1049115991779314
0.11542664935139924
0.05737651826322089
0.05688793357881194
0.033756698655519245
0.13110324502603582
0.11164675155722842
0.1650123581482049
0.12847995415519142
0.06932205114228467
0.06315428367418932
0.07882018291931343
0.10212675535661131
0.17060818872547961
0.075283491427753
0.06938284447976156
0.09676379204307423
0.18998737811275662
0.1692792078884296
0.06146624129652397
0.0454015594890413
0.0559954560432966
0.07226455900778375
0.05776235642228421
0.08231947025717677
0.15064990036882311
0.11828790311629762
0.12640076601926636
0.07573837285187923
0.10413789740708004
0.22489260629573765
0.11326539241794355
0.12291012072929552
0.12982021244466205
0.08850691936170069
0.08528398157338066
0.14921020909637797
0.17865036306872875
0.09595933582037873
0.09893669208159636
0.15436478248399968
0.19717640989452664
0.17649971845017604
0.09857605054972564
0.06453752367972458
0.06971300639784642
0.20137863888899726
0.03359804975904207
0.12023044900907896
0.18770507285326793
